motif_region	index_1	index_2	index_3	index_4	index_5	index_6	index_7	index_8
chr1_7397506_7397513	0	0	1	0	0	0	0	0
chr1_7498757_7498764	0	0	0	0	0	0	0	1
chr1_14755432_14755439	0	0	1	0	0	0	0	0
chr1_17595381_17595388	0	0	0	0	0	0	0	1
chr1_29036073_29036080	0	0	1	0	0	0	1	0
chr1_30402351_30402358	0	0	0	0	0	0	0	1
chr1_34111082_34111089	1	0	0	1	0	0	0	0
chr1_34739893_34739900	0	0	0	0	0	0	1	0
chr1_36119136_36119143	0	0	0	0	0	0	0	1
chr1_36119625_36119632	0	0	0	0	1	0	0	0
chr1_36249169_36249176	0	0	0	0	0	0	1	0
chr1_37684885_37684892	0	0	0	0	0	0	1	0
chr1_38327070_38327077	0	0	0	0	1	0	0	0
chr1_52857775_52857782	1	0	0	0	0	0	0	0
chr1_70468638_70468645	0	0	0	0	0	0	0	1
chr1_86517358_86517365	0	0	0	0	0	1	0	0
chr1_95720765_95720772	0	0	1	0	0	0	0	0
chr1_109594837_109594844	0	1	0	0	0	0	0	0
chr1_121459406_121459413	0	0	1	0	0	1	0	0
chr1_136647422_136647429	0	0	0	0	0	0	0	1
chr1_136647424_136647431	0	0	0	0	0	1	0	0
chr1_136764363_136764370	0	0	0	1	0	0	0	0
chr1_143093127_143093134	0	0	0	1	0	0	0	0
chr1_143093322_143093329	0	0	1	0	0	0	0	0
chr1_143094789_143094796	0	0	0	0	1	0	0	0
chr1_156318077_156318084	0	1	1	0	0	0	0	0
chr1_156320027_156320034	0	0	0	0	0	1	0	0
chr1_171469419_171469426	0	0	0	0	1	0	0	0
chr1_172397286_172397293	0	0	0	0	0	0	0	1
chr1_177719223_177719230	0	0	0	0	1	0	0	0
chr1_177719248_177719255	0	0	0	0	0	1	0	0
chr1_182535323_182535330	0	0	0	0	0	1	0	0
chr1_182535325_182535332	0	0	0	1	0	0	0	0
chr10_4483922_4483929	0	0	1	0	0	0	0	0
chr10_6882325_6882332	0	0	0	0	0	0	1	0
chr10_6882607_6882614	0	0	0	0	0	0	1	0
chr10_9732904_9732911	0	0	0	0	1	0	0	0
chr10_9734420_9734427	0	0	0	0	1	0	0	0
chr10_12703491_12703498	0	0	0	0	0	0	0	1
chr10_14277461_14277468	0	0	1	0	0	0	0	0
chr10_17593884_17593891	0	0	0	1	0	0	0	0
chr10_21945406_21945413	0	0	0	0	0	1	0	0
chr10_22148031_22148038	0	0	0	0	1	0	0	0
chr10_22148033_22148040	0	0	1	0	0	0	0	0
chr10_23781547_23781554	0	0	0	0	1	0	0	0
chr10_23782503_23782510	0	0	0	0	0	1	0	0
chr10_24138277_24138284	1	0	0	0	0	0	0	0
chr10_24312763_24312770	0	0	0	0	1	0	0	0
chr10_25237418_25237425	0	1	0	0	0	0	0	0
chr10_25237420_25237427	0	0	0	0	0	0	0	1
chr10_26431722_26431729	0	0	1	0	0	0	0	0
chr10_34532008_34532015	0	1	0	0	0	0	0	0
chr10_35018737_35018744	0	0	0	1	0	0	0	0
chr10_36893863_36893870	0	0	1	0	0	0	0	0
chr10_38878274_38878281	0	0	0	0	0	0	0	1
chr10_40609436_40609443	0	0	0	1	0	0	0	0
chr10_40609641_40609648	0	0	0	0	0	0	0	1
chr10_42149965_42149972	0	1	0	0	0	0	0	0
chr10_43200051_43200058	0	0	0	0	1	0	0	0
chr10_44110966_44110973	0	1	0	0	0	0	0	0
chr10_61605582_61605589	0	0	0	1	0	0	0	0
chr10_62031270_62031277	0	0	0	1	0	0	0	0
chr10_69367209_69367216	0	0	1	0	0	0	0	1
chr10_80947972_80947979	0	0	0	1	0	0	0	0
chr10_88535253_88535260	1	1	0	0	0	0	0	0
chr10_91114977_91114984	0	1	0	0	0	0	0	0
chr10_91115968_91115975	0	0	0	0	0	0	1	0
chr10_91115970_91115977	0	0	0	0	1	0	0	0
chr10_103350993_103351000	0	0	0	0	0	0	0	1
chr10_103350995_103351002	0	0	0	0	0	1	0	0
chr10_116265206_116265213	0	0	0	0	0	1	0	0
chr10_116265208_116265215	0	0	0	1	0	0	0	0
chr10_116265213_116265220	0	0	0	1	0	0	0	0
chr10_116266288_116266295	0	0	0	0	0	0	0	1
chr10_120908580_120908587	1	0	0	0	0	0	0	0
chr10_121004595_121004602	0	0	0	0	0	1	0	0
chr10_121005198_121005205	0	0	0	0	0	0	1	0
chr10_128051078_128051085	0	0	0	0	1	0	0	0
chr10_128051080_128051087	0	0	1	0	0	0	0	0
chr10_130368244_130368251	0	0	0	0	1	0	0	0
chr11_11051991_11051998	0	0	0	0	0	1	0	0
chr11_21173348_21173355	0	1	0	0	0	1	0	0
chr11_28284909_28284916	0	0	0	0	0	1	0	0
chr11_53348554_53348561	0	0	0	0	1	0	0	0
chr11_59754169_59754176	0	0	1	0	0	0	0	0
chr11_59754171_59754178	1	0	0	0	0	0	0	0
chr11_61621946_61621953	0	0	1	0	0	1	0	0
chr11_61622077_61622084	1	0	0	0	0	0	0	0
chr11_61634719_61634726	0	0	0	1	1	0	0	0
chr11_61641092_61641099	0	0	0	0	0	0	0	1
chr11_61641127_61641134	1	0	0	0	0	0	0	0
chr11_70194985_70194992	1	0	0	0	0	0	0	0
chr11_72534279_72534286	0	0	0	0	0	0	1	0
chr11_74609042_74609049	0	0	0	0	1	0	0	0
chr11_74609044_74609051	0	0	1	0	0	0	0	0
chr11_74764674_74764681	0	0	0	0	0	0	0	1
chr11_79295036_79295043	0	0	0	1	0	0	0	0
chr11_84148983_84148990	0	1	0	0	0	0	0	0
chr11_88952586_88952593	0	1	1	0	0	0	0	0
chr11_88968108_88968115	0	0	1	0	0	0	0	0
chr11_95149059_95149066	1	0	0	0	0	1	0	0
chr11_98711627_98711634	0	0	0	1	0	0	0	0
chr11_100449668_100449675	0	0	0	0	0	1	0	0
chr11_101421261_101421268	0	1	0	0	0	1	0	0
chr11_101612129_101612136	0	1	0	0	0	0	0	0
chr11_104243869_104243876	0	0	0	0	1	0	0	0
chr11_104243871_104243878	0	0	1	0	0	0	0	0
chr11_106935190_106935197	0	0	0	0	0	1	0	0
chr11_106935192_106935199	0	0	0	1	0	0	0	0
chr11_107411489_107411496	0	0	0	0	1	0	0	0
chr11_115487319_115487326	0	0	0	0	0	0	1	0
chr11_115863285_115863292	0	0	0	1	0	0	0	0
chr12_8189408_8189415	0	0	0	0	0	1	0	0
chr12_17036730_17036737	0	0	0	1	0	0	0	0
chr12_17635322_17635329	0	0	0	0	0	0	1	0
chr12_32190844_32190851	1	0	0	0	0	0	0	0
chr12_32995768_32995775	0	0	0	0	1	0	0	0
chr12_32995770_32995777	0	0	1	0	0	0	0	0
chr12_38734584_38734591	0	0	0	0	0	1	0	0
chr12_51484716_51484723	0	1	0	0	0	0	0	0
chr12_51484874_51484881	0	0	1	0	0	0	0	0
chr12_70974378_70974385	0	0	0	0	0	0	1	0
chr12_71115508_71115515	1	0	0	0	0	0	0	0
chr12_79015025_79015032	0	0	0	0	0	0	0	1
chr12_80774040_80774047	1	0	0	0	0	0	0	0
chr12_83706364_83706371	1	1	0	1	1	0	0	0
chr12_84837653_84837660	0	0	1	0	0	0	0	0
chr12_98736944_98736951	0	0	0	0	0	0	0	1
chr12_105112107_105112114	0	0	0	0	0	1	0	0
chr13_19963324_19963331	0	0	0	0	0	0	0	1
chr13_24732081_24732088	0	0	0	0	0	1	0	0
chr13_25052634_25052641	0	0	0	1	0	0	0	0
chr13_25052877_25052884	0	0	0	0	0	1	0	0
chr13_25053525_25053532	0	0	0	0	0	1	0	0
chr13_38170148_38170155	0	0	0	1	0	0	0	0
chr13_38636147_38636154	0	0	0	0	0	0	1	0
chr13_51585585_51585592	0	0	0	0	1	0	0	0
chr13_51607500_51607507	0	0	0	0	0	0	1	0
chr13_58464854_58464861	0	0	0	0	0	0	0	1
chr13_60566610_60566617	0	0	0	0	1	0	0	0
chr13_69374823_69374830	0	0	0	0	0	0	1	0
chr13_92886994_92887001	0	0	1	0	0	0	0	0
chr13_93760971_93760978	0	0	0	1	0	0	0	0
chr13_94254236_94254243	1	0	0	0	0	0	0	0
chr13_94254685_94254692	0	0	0	0	0	0	0	1
chr13_99881652_99881659	0	1	0	0	0	0	0	0
chr14_27519510_27519517	1	0	0	0	0	0	0	0
chr14_30471090_30471097	1	0	0	0	0	0	0	0
chr14_30471372_30471379	0	0	0	1	0	0	0	0
chr14_31519770_31519777	0	0	0	0	0	0	1	0
chr14_41047472_41047479	1	0	0	0	0	0	0	0
chr14_48160581_48160588	0	1	0	0	0	0	0	0
chr14_54106991_54106998	0	0	1	0	0	0	0	0
chr14_54107304_54107311	0	0	1	0	0	0	0	0
chr14_62488627_62488634	0	0	0	0	0	1	0	0
chr14_70388079_70388086	0	0	0	0	0	1	0	0
chr14_70658762_70658769	0	0	1	0	0	1	0	0
chr14_96996515_96996522	0	0	0	0	0	1	0	1
chr14_120881454_120881461	0	0	0	1	0	0	0	0
chr15_10430719_10430726	1	0	0	0	0	0	0	0
chr15_11693089_11693096	0	0	0	0	1	0	0	0
chr15_28179669_28179676	0	0	0	0	0	0	0	1
chr15_34568009_34568016	0	0	0	0	0	1	0	0
chr15_36148494_36148501	1	0	0	0	0	0	0	0
chr15_38643919_38643926	1	0	0	0	0	0	0	0
chr15_39248539_39248546	1	0	0	0	0	0	0	0
chr15_39251357_39251364	0	1	0	0	0	0	0	0
chr15_58145189_58145196	0	0	0	0	0	1	0	0
chr15_58464584_58464591	0	0	0	0	0	0	1	0
chr15_58464586_58464593	0	0	0	0	1	0	0	0
chr15_65896099_65896106	0	0	0	0	0	0	0	1
chr15_65897215_65897222	0	0	0	0	0	1	0	0
chr15_81261499_81261506	0	0	0	0	0	0	0	1
chr15_81261501_81261508	0	0	0	0	0	1	1	0
chr15_89399166_89399173	0	0	0	0	0	0	1	0
chr16_8804229_8804236	0	0	0	0	1	0	0	0
chr16_8947969_8947976	0	0	0	0	0	1	0	0
chr16_8947971_8947978	0	0	0	1	0	0	0	0
chr16_9237001_9237008	0	0	0	0	1	0	0	0
chr16_9237003_9237010	0	0	1	0	0	0	0	0
chr16_11166662_11166669	0	0	0	1	0	0	0	0
chr16_11286803_11286810	1	0	0	0	0	0	0	0
chr16_11292460_11292467	0	0	0	0	0	1	0	0
chr16_16728285_16728292	0	0	0	1	0	0	0	0
chr16_19888762_19888769	0	0	0	0	1	0	0	0
chr16_19888920_19888927	0	0	1	0	0	0	0	0
chr16_20081059_20081066	0	0	0	0	0	0	1	0
chr16_20081567_20081574	0	0	0	0	0	0	1	0
chr16_20352140_20352147	0	0	0	0	0	0	0	1
chr16_20352142_20352149	0	0	0	0	0	1	0	0
chr16_21174106_21174113	0	0	0	1	0	0	0	0
chr16_33867605_33867612	0	0	0	0	0	1	0	0
chr16_35960124_35960131	1	0	0	0	0	0	0	0
chr16_38399500_38399507	0	0	1	1	0	0	0	0
chr16_50992603_50992610	0	0	0	0	0	1	0	0
chr16_50992614_50992621	1	0	0	0	0	0	0	0
chr16_50993934_50993941	0	0	0	0	0	1	0	0
chr16_87443415_87443422	0	0	0	0	0	0	1	0
chr16_95958324_95958331	0	0	0	0	0	0	0	1
chr17_15566795_15566802	0	0	1	0	0	0	0	0
chr17_15671827_15671834	1	0	0	0	1	0	0	0
chr17_15671829_15671836	0	0	1	0	0	0	0	0
chr17_28891691_28891698	0	1	0	0	0	0	0	0
chr17_31073789_31073796	0	0	0	1	0	0	0	0
chr17_31073825_31073832	0	0	1	0	0	0	0	0
chr17_42907266_42907273	0	0	0	0	0	1	0	0
chr17_46853476_46853483	0	0	0	0	0	1	0	0
chr17_46853908_46853915	1	1	0	0	0	0	0	0
chr17_47519480_47519487	0	0	1	0	0	0	0	0
chr17_47520659_47520666	1	0	0	0	0	0	0	0
chr17_58986202_58986209	0	0	1	0	0	0	0	0
chr17_74149539_74149546	0	0	0	0	0	1	0	0
chr17_83618969_83618976	0	0	0	0	0	1	0	0
chr17_83695526_83695533	0	0	1	0	0	0	0	0
chr17_84350048_84350055	0	0	0	0	0	0	0	1
chr17_84899145_84899152	0	0	0	0	0	0	0	1
chr17_84923866_84923873	0	0	1	1	0	0	0	0
chr18_6387872_6387879	1	0	0	1	0	0	0	0
chr18_6626715_6626722	0	0	1	0	0	0	0	0
chr18_6626785_6626792	1	0	1	0	0	0	1	0
chr18_6627266_6627273	0	0	0	0	0	1	0	0
chr18_8035383_8035390	0	1	0	0	0	0	0	0
chr18_8035851_8035858	0	0	0	0	0	1	0	0
chr18_8035853_8035860	0	0	0	1	0	0	0	0
chr18_8038533_8038540	0	0	0	0	0	0	0	1
chr18_9591557_9591564	0	0	0	1	0	0	0	0
chr18_18050619_18050626	0	0	0	0	0	1	0	0
chr18_18837694_18837701	0	0	0	0	1	0	0	0
chr18_38428071_38428078	0	0	0	1	0	0	0	0
chr18_49794166_49794173	0	0	1	0	0	0	0	0
chr18_56616212_56616219	0	0	0	0	0	0	0	1
chr18_56676804_56676811	0	0	0	1	0	0	0	0
chr18_59919308_59919315	0	0	0	0	0	0	0	1
chr18_61621866_61621873	0	0	0	0	0	0	0	1
chr18_62708798_62708805	1	1	0	0	0	0	0	0
chr18_67229960_67229967	0	1	0	0	0	0	0	0
chr18_68298978_68298985	0	0	0	0	0	0	1	0
chr18_71562169_71562176	0	0	1	0	0	0	0	0
chr19_8727991_8727998	0	0	0	0	1	0	0	0
chr19_12549654_12549661	0	0	0	0	1	0	0	0
chr19_24176955_24176962	0	0	0	0	0	0	0	1
chr19_24178315_24178322	0	0	0	1	0	0	0	0
chr19_29242244_29242251	0	0	0	0	0	0	0	1
chr19_29242718_29242725	1	0	0	0	0	0	0	0
chr19_37452147_37452154	0	0	0	0	0	0	0	1
chr19_38414715_38414722	0	0	1	0	0	0	0	0
chr19_42144805_42144812	0	1	0	0	0	0	0	0
chr19_43685496_43685503	0	0	1	0	0	0	0	0
chr19_46983675_46983682	1	0	0	0	0	0	0	0
chr2_18005235_18005242	0	1	0	0	0	0	0	0
chr2_20992196_20992203	0	0	1	0	0	0	0	0
chr2_25371533_25371540	0	0	0	0	0	0	1	0
chr2_25820593_25820600	0	0	0	0	0	0	1	1
chr2_25820595_25820602	0	0	0	0	1	1	0	0
chr2_26106618_26106625	0	0	0	1	0	0	0	0
chr2_26107679_26107686	0	0	0	1	0	0	0	0
chr2_26125796_26125803	0	0	1	0	0	0	0	0
chr2_26610715_26610722	0	0	0	0	1	0	0	0
chr2_31796203_31796210	0	0	0	0	0	0	0	1
chr2_32610908_32610915	0	0	0	0	0	0	1	0
chr2_43735253_43735260	0	1	0	0	0	0	0	0
chr2_50355303_50355310	0	1	0	0	0	0	0	0
chr2_55921001_55921008	0	0	0	0	1	0	0	1
chr2_55921332_55921339	0	0	0	0	0	0	1	0
chr2_55921628_55921635	1	0	0	0	0	0	0	0
chr2_58555672_58555679	0	0	0	0	0	1	0	0
chr2_72953002_72953009	1	0	0	0	0	0	0	0
chr2_90838251_90838258	0	0	0	0	1	0	0	0
chr2_111784174_111784181	0	0	0	0	0	0	1	0
chr2_126895507_126895514	0	0	0	0	0	1	0	0
chr2_128592471_128592478	0	0	0	0	0	1	0	0
chr2_132633248_132633255	0	1	0	0	0	0	0	0
chr2_153584060_153584067	0	0	0	0	1	0	0	0
chr2_153584062_153584069	0	0	1	0	0	0	0	0
chr2_157029339_157029346	0	0	0	0	0	1	0	0
chr2_158351496_158351503	0	0	1	0	0	0	0	0
chr2_163051494_163051501	0	0	0	0	1	0	0	0
chr2_180001777_180001784	0	0	0	0	0	0	0	1
chr3_5589641_5589648	0	1	0	0	0	0	0	0
chr3_9046346_9046353	0	0	1	0	0	0	0	0
chr3_9046472_9046479	0	0	0	0	0	1	0	0
chr3_12920252_12920259	0	0	0	0	1	0	0	0
chr3_12920254_12920261	0	0	1	0	0	0	0	0
chr3_12927175_12927182	0	0	0	0	0	0	0	1
chr3_14998489_14998496	0	1	0	0	0	0	0	0
chr3_14998718_14998725	0	0	0	0	0	0	1	0
chr3_15056380_15056387	0	0	1	0	0	0	0	1
chr3_15056386_15056393	0	1	0	0	0	0	0	0
chr3_15056847_15056854	0	0	0	0	0	0	0	1
chr3_18357595_18357602	1	0	0	0	0	0	0	0
chr3_33952003_33952010	1	0	0	0	0	0	0	0
chr3_36095277_36095284	0	0	0	1	0	0	0	0
chr3_39568659_39568666	0	0	0	0	1	0	0	0
chr3_39569310_39569317	1	1	0	0	0	0	0	0
chr3_39569632_39569639	1	0	0	0	0	0	0	0
chr3_57620573_57620580	0	0	0	1	0	0	0	0
chr3_65346535_65346542	0	0	0	0	1	0	0	0
chr3_65877284_65877291	0	1	0	0	0	0	0	0
chr3_69391921_69391928	0	0	0	0	1	0	0	0
chr3_69393537_69393544	0	0	1	0	0	1	0	0
chr3_69395706_69395713	0	0	0	0	1	0	0	0
chr3_75651751_75651758	0	0	1	0	0	0	0	0
chr3_83871988_83871995	0	0	0	0	1	0	0	0
chr3_83871990_83871997	0	0	1	0	0	0	0	0
chr3_83872619_83872626	0	1	0	0	0	0	0	0
chr3_88060590_88060597	0	0	0	0	0	0	0	1
chr3_90156588_90156595	0	0	0	1	0	0	0	0
chr3_95517679_95517686	0	0	0	0	0	0	1	0
chr3_95920759_95920766	0	1	1	1	0	0	0	0
chr3_108513563_108513570	0	0	1	0	0	0	0	0
chr3_115115356_115115363	0	0	0	0	1	0	0	0
chr3_116577739_116577746	0	0	1	0	0	0	0	0
chr3_116685193_116685200	0	0	0	0	0	0	1	0
chr4_7777285_7777292	0	0	0	0	0	0	1	0
chr4_7778665_7778672	0	0	0	0	0	0	1	0
chr4_8115128_8115135	1	0	0	0	0	0	0	0
chr4_21192301_21192308	0	0	0	0	0	1	0	0
chr4_25670211_25670218	0	1	0	0	0	0	0	0
chr4_26456803_26456810	0	0	0	0	0	0	0	1
chr4_34582599_34582606	0	0	1	0	0	0	0	0
chr4_34582601_34582608	1	0	0	0	0	0	0	0
chr4_34909449_34909456	0	0	0	0	0	1	0	0
chr4_35093096_35093103	0	0	0	0	0	0	0	1
chr4_35093290_35093297	0	0	0	1	0	0	0	0
chr4_35093292_35093299	0	1	0	0	0	0	0	0
chr4_40646050_40646057	0	0	1	0	0	0	0	0
chr4_41467434_41467441	0	0	0	1	0	0	0	0
chr4_50347785_50347792	0	0	0	0	0	0	0	1
chr4_50347968_50347975	0	1	0	0	0	0	0	0
chr4_50348156_50348163	0	0	1	0	0	0	0	0
chr4_56979385_56979392	0	0	1	0	0	0	0	0
chr4_57429020_57429027	0	0	1	0	0	0	0	1
chr4_63436090_63436097	0	0	0	0	0	0	0	1
chr4_77507249_77507256	0	0	0	0	0	1	0	0
chr4_77507395_77507402	0	0	1	0	0	0	0	0
chr4_77507443_77507450	0	0	0	0	0	0	1	0
chr4_107272687_107272694	0	0	1	0	0	0	0	0
chr4_115036559_115036566	0	1	0	0	0	0	0	0
chr4_116208916_116208923	0	0	0	1	0	0	0	0
chr4_121126087_121126094	1	0	0	0	0	0	0	0
chr4_126597688_126597695	1	0	0	0	0	0	0	0
chr4_129254854_129254861	0	0	0	0	0	1	0	0
chr4_139182701_139182708	0	0	0	0	0	1	0	0
chr4_156109650_156109657	0	0	0	1	0	0	0	0
chr4_156109652_156109659	0	1	0	0	0	0	0	0
chr4_156211876_156211883	0	0	0	1	0	0	0	0
chr5_9238126_9238133	0	0	0	0	0	1	0	0
chr5_15747438_15747445	0	0	1	0	0	0	0	0
chr5_15747956_15747963	0	0	1	0	0	0	0	0
chr5_18565107_18565114	0	0	0	0	1	0	0	0
chr5_18565303_18565310	0	0	0	0	0	0	1	0
chr5_18565305_18565312	0	0	0	0	1	0	0	0
chr5_21692801_21692808	0	1	0	0	0	0	0	0
chr5_21821180_21821187	0	0	0	0	0	0	0	1
chr5_24398022_24398029	0	0	0	0	0	0	1	0
chr5_29698924_29698931	1	0	0	1	0	0	0	0
chr5_30026047_30026054	0	1	0	0	0	0	0	0
chr5_30080135_30080142	0	1	0	1	0	0	0	0
chr5_31325385_31325392	0	1	0	0	0	0	0	0
chr5_32982946_32982953	0	0	0	0	0	1	0	0
chr5_36128823_36128830	0	0	0	0	0	0	1	1
chr5_64324344_64324351	0	1	0	0	0	0	0	0
chr5_73851738_73851745	0	0	0	1	0	0	0	0
chr5_73851740_73851747	0	1	0	0	0	0	0	0
chr5_92849353_92849360	1	0	0	0	0	0	0	0
chr5_99632820_99632827	1	0	0	0	0	0	0	0
chr5_104440411_104440418	1	0	0	0	0	0	0	0
chr5_104466725_104466732	0	0	0	0	0	1	0	0
chr5_104466761_104466768	0	0	0	0	0	1	0	0
chr5_104466763_104466770	0	0	0	1	0	0	0	0
chr5_104827946_104827953	0	0	0	0	0	1	0	0
chr5_104828312_104828319	0	0	0	0	0	1	0	1
chr5_107934768_107934775	0	0	1	0	0	0	0	0
chr5_117166689_117166696	0	0	0	0	0	1	0	0
chr5_117166691_117166698	0	0	0	1	0	0	0	0
chr5_121215180_121215187	0	0	0	0	0	0	0	1
chr5_135099517_135099524	0	0	0	0	0	0	0	1
chr5_135619508_135619515	0	0	0	0	1	0	0	0
chr5_135619510_135619517	0	0	1	0	0	0	0	0
chr5_135786778_135786785	1	0	0	0	0	0	0	0
chr5_139182721_139182728	0	0	0	0	1	0	0	0
chr5_139182723_139182730	0	0	1	0	0	0	0	0
chr5_140409295_140409302	0	0	0	0	0	1	0	0
chr5_140508301_140508308	0	0	0	0	0	1	0	0
chr5_140508303_140508310	0	0	0	1	0	0	0	0
chr5_142531720_142531727	0	0	0	1	0	0	0	0
chr5_142584724_142584731	0	0	0	0	0	0	1	0
chr5_142769823_142769830	0	0	0	0	0	1	0	0
chr5_142769825_142769832	0	0	0	1	0	0	0	0
chr5_143125172_143125179	0	0	0	0	0	1	0	0
chr5_144231056_144231063	0	1	0	0	0	0	0	0
chr5_144309121_144309128	0	0	0	0	1	0	0	0
chr5_144309123_144309130	0	0	1	0	0	0	0	0
chr5_148380534_148380541	0	1	0	0	0	0	0	0
chr5_149585650_149585657	0	0	0	0	0	1	0	0
chr5_150851477_150851484	0	0	0	1	0	0	0	0
chr5_150851610_150851617	0	0	0	0	0	0	0	1
chr5_151727093_151727100	0	0	1	0	0	0	0	0
chr6_12129917_12129924	0	0	0	1	0	0	0	0
chr6_13384675_13384682	0	0	1	0	0	0	0	0
chr6_27265116_27265123	0	0	0	0	0	1	0	0
chr6_27265684_27265691	1	0	0	0	0	0	0	0
chr6_34985698_34985705	0	0	0	1	0	0	0	0
chr6_37642105_37642112	0	0	0	0	0	1	0	0
chr6_37669626_37669633	0	0	0	1	0	0	0	0
chr6_38210828_38210835	0	0	0	0	1	0	0	0
chr6_48603415_48603422	0	0	1	0	0	0	0	0
chr6_56823508_56823515	0	0	1	0	0	0	0	0
chr6_64650445_64650452	0	0	0	0	0	1	0	0
chr6_64650447_64650454	0	0	0	1	0	0	0	0
chr6_66703172_66703179	0	0	0	0	0	0	0	1
chr6_75643936_75643943	0	0	0	0	0	1	0	0
chr6_83839768_83839775	0	0	0	0	1	0	0	0
chr6_87997622_87997629	0	0	0	0	0	1	0	0
chr6_107059348_107059355	0	0	0	0	0	0	0	1
chr6_119877934_119877941	0	0	0	1	0	0	0	0
chr6_119877936_119877943	0	1	0	0	0	0	0	0
chr6_120088829_120088836	0	0	0	0	0	0	1	0
chr6_120610821_120610828	0	0	0	0	0	0	1	0
chr6_122732344_122732351	1	0	0	0	0	0	0	0
chr6_124782460_124782467	0	0	1	0	0	0	0	0
chr6_124783918_124783925	0	0	1	0	0	0	0	0
chr6_128479663_128479670	0	0	0	0	1	0	0	0
chr6_128650115_128650122	0	0	0	0	1	1	0	0
chr6_128650117_128650124	0	0	1	1	0	0	0	0
chr6_128650693_128650700	0	0	0	0	0	0	0	1
chr6_128798972_128798979	0	0	0	0	0	0	0	1
chr7_4678215_4678222	0	0	1	0	0	0	0	0
chr7_27757852_27757859	0	0	1	0	0	0	0	0
chr7_27782706_27782713	0	0	0	0	0	0	0	1
chr7_29223303_29223310	0	0	0	0	1	0	0	0
chr7_46958863_46958870	0	1	0	0	0	0	0	0
chr7_63874039_63874046	0	0	1	0	0	0	0	0
chr7_73601713_73601720	0	0	0	0	0	1	0	0
chr7_75821219_75821226	0	0	1	0	0	0	0	0
chr7_79188325_79188332	0	0	0	0	1	0	0	0
chr7_79188327_79188334	0	0	1	0	0	0	0	0
chr7_80131189_80131196	0	0	0	0	0	1	0	0
chr7_81570163_81570170	0	0	0	1	0	0	0	0
chr7_82795941_82795948	0	0	0	0	0	0	1	0
chr7_88476008_88476015	1	0	0	0	0	0	0	0
chr7_98347957_98347964	0	0	0	0	1	0	0	0
chr7_100679223_100679230	0	0	0	0	0	1	0	0
chr7_100817549_100817556	0	0	1	0	0	0	0	0
chr7_100817625_100817632	0	0	0	1	0	0	0	0
chr7_118745652_118745659	0	0	0	0	0	0	1	0
chr7_118745654_118745661	0	0	0	0	1	0	0	0
chr8_12455577_12455584	0	1	0	0	0	0	0	0
chr8_13644367_13644374	0	0	0	1	0	0	0	0
chr8_14018013_14018020	0	0	0	0	0	1	0	0
chr8_14018077_14018084	0	0	0	0	0	0	1	0
chr8_19472824_19472831	0	0	0	1	0	0	0	0
chr8_19472826_19472833	0	1	0	0	0	0	0	0
chr8_33222875_33222882	0	0	0	1	0	0	0	0
chr8_33223090_33223097	0	0	1	0	0	0	0	0
chr8_33223092_33223099	1	0	0	0	0	0	0	0
chr8_50020976_50020983	1	0	0	0	0	0	0	0
chr8_50021750_50021757	0	0	0	0	0	1	0	0
chr8_65046269_65046276	0	0	0	1	0	0	0	0
chr8_77413356_77413363	0	0	0	0	0	0	0	1
chr8_94931259_94931266	0	0	1	0	0	0	0	0
chr8_94931424_94931431	0	1	0	0	0	0	0	0
chr8_95121450_95121457	0	0	1	0	0	0	0	0
chr8_104091785_104091792	0	1	0	0	0	0	0	0
chr8_105236469_105236476	0	1	0	0	0	0	0	0
chr8_107574700_107574707	0	0	0	0	1	1	0	0
chr8_114214170_114214177	0	0	0	1	0	0	0	1
chr8_119883203_119883210	0	0	0	1	0	0	0	0
chr8_120530508_120530515	1	0	0	0	0	0	0	0
chr8_122428584_122428591	0	0	0	0	0	1	0	0
chr9_8537815_8537822	1	0	0	0	0	0	0	0
chr9_15119639_15119646	0	0	1	0	0	0	0	0
chr9_20892520_20892527	0	0	1	0	0	0	0	0
chr9_22306873_22306880	0	0	0	1	0	0	0	0
chr9_39976656_39976663	0	0	0	0	1	0	0	0
chr9_43860533_43860540	0	0	0	0	0	0	1	0
chr9_64940781_64940788	1	0	0	0	0	0	0	0
chr9_65312025_65312032	0	1	0	0	0	0	0	0
chr9_65425594_65425601	0	0	0	0	0	1	0	0
chr9_67198059_67198066	0	0	0	0	0	1	0	0
chr9_71677748_71677755	1	0	0	1	0	0	0	0
chr9_73002453_73002460	0	0	0	0	0	0	0	1
chr9_73002455_73002462	0	0	0	0	0	1	0	0
chr9_73080405_73080412	0	0	0	1	0	0	0	0
chr9_73125474_73125481	0	1	0	0	0	0	0	0
chr9_85733525_85733532	0	1	0	0	0	0	0	0
chr9_87960579_87960586	0	0	0	1	0	0	0	0
chr9_98976269_98976276	0	0	0	0	1	0	0	0
chr9_103000558_103000565	1	0	0	0	0	0	0	0
chr9_103000650_103000657	0	0	0	0	0	0	0	1
chr9_109860108_109860115	0	0	1	0	0	0	0	0
chr9_123862593_123862600	0	0	0	0	0	1	0	0
