motif_region	index_1	index_2	index_3	index_4	index_5	index_6	index_7	index_8
chr1_11304806_11304813	0	0	0	0	0	0	0	1
chr1_14764788_14764795	0	1	0	0	0	0	0	0
chr1_14764789_14764796	1	0	0	0	0	0	0	0
chr1_15074060_15074067	1	0	0	0	0	0	0	0
chr1_39305197_39305204	0	0	0	0	1	0	0	0
chr1_40266560_40266567	0	0	0	1	0	0	0	0
chr1_40266561_40266568	0	0	1	0	0	0	0	0
chr1_63275771_63275778	0	0	1	0	0	0	0	0
chr1_65133925_65133932	0	0	0	0	0	0	1	0
chr1_69731686_69731693	0	0	0	1	0	0	0	0
chr1_78564157_78564164	0	0	0	0	0	0	0	1
chr1_85749059_85749066	0	1	0	0	0	0	0	0
chr1_85749060_85749067	1	0	0	0	0	0	0	0
chr1_119894911_119894918	1	0	0	0	0	0	0	0
chr1_120039792_120039799	0	0	1	0	0	0	0	0
chr1_120039811_120039818	1	0	0	0	0	0	0	0
chr1_152798230_152798237	0	0	0	0	0	0	0	1
chr1_152798231_152798238	0	0	0	0	0	0	1	0
chr1_156724244_156724251	1	0	0	1	0	0	0	0
chr1_166056271_166056278	0	0	0	0	0	1	0	0
chr1_166056272_166056279	0	0	0	0	1	0	0	0
chr1_172274228_172274235	0	1	0	0	0	0	0	0
chr1_172274229_172274236	1	0	0	0	0	0	0	0
chr1_185515201_185515208	1	0	0	0	0	0	0	0
chr10_4190581_4190588	0	0	0	0	0	1	0	0
chr10_4190582_4190589	0	0	0	0	1	0	0	0
chr10_4320900_4320907	1	0	0	0	0	0	0	0
chr10_4486451_4486458	0	0	0	0	0	0	0	1
chr10_6358348_6358355	0	1	0	0	0	0	0	1
chr10_8131752_8131759	0	0	0	0	0	0	0	1
chr10_12714552_12714559	0	0	1	0	0	0	0	0
chr10_18449124_18449131	0	0	0	0	0	1	0	0
chr10_18449125_18449132	0	0	0	0	1	0	0	0
chr10_21652112_21652119	0	1	0	0	0	0	0	0
chr10_25237407_25237414	0	0	0	0	0	0	1	0
chr10_25237476_25237483	0	0	0	0	1	0	0	0
chr10_33977475_33977482	1	0	0	0	0	1	0	0
chr10_33977476_33977483	0	0	0	0	1	0	0	0
chr10_40171893_40171900	0	0	1	0	0	0	0	0
chr10_43705757_43705764	0	0	1	0	0	0	0	0
chr10_45291487_45291494	0	0	0	1	0	0	0	0
chr10_45291581_45291588	0	0	0	1	0	1	0	0
chr10_45291582_45291589	0	0	1	0	1	0	0	0
chr10_62019460_62019467	0	1	0	0	0	0	0	0
chr10_62019461_62019468	1	0	0	0	0	0	0	0
chr10_63145519_63145526	1	0	0	0	0	0	0	0
chr10_86834195_86834202	0	0	0	0	0	0	0	1
chr10_86834338_86834345	1	0	0	0	0	0	0	0
chr10_94379381_94379388	1	0	0	0	0	0	0	0
chr10_94519806_94519813	0	0	0	0	0	0	0	1
chr10_109808270_109808277	0	1	0	0	0	0	0	0
chr10_111541411_111541418	0	1	0	0	0	0	0	0
chr10_120857873_120857880	0	0	0	1	0	0	0	0
chr10_122097495_122097502	1	0	0	0	0	0	0	0
chr10_126896018_126896025	0	0	1	0	0	0	0	1
chr11_7196767_7196774	0	1	0	0	0	0	0	0
chr11_7196768_7196775	1	0	0	0	0	0	0	0
chr11_8584999_8585006	1	0	0	0	0	0	0	0
chr11_22637281_22637288	0	0	0	0	1	1	0	0
chr11_23014050_23014057	0	0	0	0	0	1	0	0
chr11_23014051_23014058	0	0	0	0	1	0	0	0
chr11_23903523_23903530	0	0	0	0	0	1	0	0
chr11_23903524_23903531	0	0	0	0	1	0	0	0
chr11_23904125_23904132	0	0	0	0	0	0	1	0
chr11_23904126_23904133	0	0	0	0	0	1	0	0
chr11_34786577_34786584	0	0	0	1	0	0	0	0
chr11_42701852_42701859	0	1	0	0	0	0	1	0
chr11_53486578_53486585	0	0	1	0	0	0	0	0
chr11_53486579_53486586	0	1	0	0	0	0	0	0
chr11_53906730_53906737	0	0	0	0	0	0	1	0
chr11_53906731_53906738	0	0	0	0	0	1	0	0
chr11_57464936_57464943	0	0	0	1	0	0	0	0
chr11_57501405_57501412	1	0	0	0	0	0	0	0
chr11_61641178_61641185	0	0	0	0	0	0	1	0
chr11_61641179_61641186	0	0	0	0	0	1	0	0
chr11_69703024_69703031	0	0	0	0	1	0	0	0
chr11_73121554_73121561	0	0	0	0	0	0	0	1
chr11_79213148_79213155	0	0	0	0	0	1	0	0
chr11_87322669_87322676	0	0	1	0	0	0	0	0
chr11_98354794_98354801	1	0	0	0	0	0	0	0
chr11_98605945_98605952	0	0	0	0	1	0	0	0
chr11_98606462_98606469	0	0	0	0	0	0	1	0
chr11_101648629_101648636	0	0	0	1	0	0	0	0
chr11_101648630_101648637	0	0	1	0	0	0	0	0
chr11_101654286_101654293	0	0	0	0	0	0	0	1
chr11_105113904_105113911	0	0	0	0	0	0	0	1
chr11_109348826_109348833	0	1	0	0	0	0	0	0
chr11_109348827_109348834	1	0	0	0	0	0	0	1
chr11_113638811_113638818	1	0	0	0	0	0	0	0
chr11_117440353_117440360	0	0	0	0	1	0	0	0
chr11_119200967_119200974	0	0	1	0	0	0	0	0
chr11_119200968_119200975	0	1	0	0	0	0	0	0
chr12_4064754_4064761	0	1	0	0	1	1	0	0
chr12_4064755_4064762	1	0	0	1	1	0	0	0
chr12_8099942_8099949	0	0	0	0	0	0	0	1
chr12_31554349_31554356	0	1	0	0	0	0	0	0
chr12_33255437_33255444	0	1	0	0	0	0	0	0
chr12_33255438_33255445	1	0	0	0	0	0	0	0
chr12_43204813_43204820	1	0	0	0	0	0	0	0
chr12_54669993_54670000	0	0	0	0	0	0	1	1
chr12_59307016_59307023	0	0	0	0	0	0	0	1
chr12_76086183_76086190	0	0	0	0	0	0	1	0
chr12_76086184_76086191	0	0	0	0	0	1	0	0
chr12_76557210_76557217	0	1	0	0	0	0	0	0
chr12_76615745_76615752	0	1	0	0	0	0	0	0
chr12_76615746_76615753	1	0	0	0	0	0	0	0
chr12_78926424_78926431	0	0	0	0	1	0	0	0
chr12_83760815_83760822	0	1	0	0	0	0	0	0
chr12_84842196_84842203	0	0	0	0	0	0	0	1
chr12_84842197_84842204	0	0	0	0	0	0	1	0
chr12_99967393_99967400	0	1	0	0	0	0	0	0
chr12_99967394_99967401	1	0	0	0	0	0	0	0
chr12_100524968_100524975	1	0	0	0	0	0	0	0
chr12_102326948_102326955	0	1	0	0	0	0	0	0
chr12_102326949_102326956	1	0	0	0	0	0	0	0
chr13_34440158_34440165	0	0	1	0	0	0	0	0
chr13_40649526_40649533	0	0	0	0	0	1	0	0
chr13_40649527_40649534	0	0	0	0	1	0	0	0
chr13_43538509_43538516	0	0	1	0	0	0	0	0
chr13_53846913_53846920	0	0	1	0	0	0	0	0
chr13_53846914_53846921	0	1	0	0	0	0	0	0
chr13_74463135_74463142	0	0	0	0	0	0	0	1
chr13_92042583_92042590	0	0	0	1	0	0	0	0
chr13_101763101_101763108	0	0	0	0	0	1	0	0
chr13_106941874_106941881	0	0	0	0	1	0	0	0
chr13_112066254_112066261	0	0	0	0	0	0	1	1
chr13_112066255_112066262	0	0	0	0	0	1	1	0
chr14_8680028_8680035	1	0	0	0	0	0	0	0
chr14_16482011_16482018	0	1	0	0	0	0	0	0
chr14_27315826_27315833	0	0	0	0	0	0	0	1
chr14_27667682_27667689	1	0	0	1	0	0	0	0
chr14_31444530_31444537	0	0	0	1	0	0	0	0
chr14_31444531_31444538	0	0	1	0	0	0	0	0
chr14_34892845_34892852	0	0	1	0	0	0	0	0
chr14_37911393_37911400	0	0	1	1	0	0	0	1
chr14_45392777_45392784	0	0	0	0	1	0	0	0
chr14_50805295_50805302	0	0	0	0	0	1	0	0
chr14_69855878_69855885	0	0	0	0	0	1	0	0
chr14_73529034_73529041	0	1	0	0	0	0	0	0
chr15_11687149_11687156	0	0	0	0	1	0	0	0
chr15_12842997_12843004	0	0	0	0	0	0	0	1
chr15_37072082_37072089	0	0	0	0	0	0	0	1
chr15_38643505_38643512	0	0	0	0	0	0	1	0
chr15_38643506_38643513	0	0	0	0	0	1	0	0
chr15_55582762_55582769	0	0	0	0	1	0	0	0
chr15_55582763_55582770	0	0	0	1	0	0	0	0
chr15_59022888_59022895	1	0	0	0	0	0	0	0
chr15_60310560_60310567	0	0	1	0	0	0	0	0
chr15_60310561_60310568	0	1	0	0	0	0	0	0
chr15_60310810_60310817	0	0	0	1	0	0	0	0
chr15_65896308_65896315	0	0	0	0	0	0	0	1
chr15_83165301_83165308	0	0	0	0	0	0	0	1
chr15_83256512_83256519	0	0	0	0	0	1	0	0
chr15_83256513_83256520	0	0	0	0	1	0	0	0
chr15_83578310_83578317	1	0	0	0	0	0	0	0
chr15_89573120_89573127	0	0	0	0	0	0	1	0
chr15_89573370_89573377	0	0	0	0	1	0	0	0
chr15_101552233_101552240	0	0	0	0	0	0	0	1
chr15_102063511_102063518	0	1	0	0	0	0	0	0
chr15_102063512_102063519	1	0	0	0	0	0	0	0
chr16_13727713_13727720	1	0	0	0	0	0	0	0
chr16_14031195_14031202	1	0	0	0	0	0	0	0
chr16_14357352_14357359	0	0	0	1	0	0	0	0
chr16_25061307_25061314	0	0	0	0	0	1	0	0
chr16_25061308_25061315	0	0	0	0	1	0	0	0
chr16_33195112_33195119	0	0	0	0	0	1	0	0
chr16_33536578_33536585	1	0	0	0	0	0	0	0
chr16_36828343_36828350	0	1	0	0	0	0	0	0
chr16_82789664_82789671	1	0	0	0	0	0	0	0
chr16_87653002_87653009	0	0	0	0	0	0	0	1
chr16_87653008_87653015	0	1	0	0	0	0	0	0
chr16_90860552_90860559	0	0	1	0	0	0	0	0
chr16_90860553_90860560	0	1	0	0	0	0	0	0
chr16_90891471_90891478	1	0	0	0	0	0	0	0
chr16_90910787_90910794	0	0	0	1	0	0	0	0
chr16_90910788_90910795	0	0	1	0	0	0	0	0
chr16_91314160_91314167	0	0	0	0	0	1	0	0
chr16_94189523_94189530	0	0	0	0	0	0	0	1
chr16_94189524_94189531	0	0	0	0	0	0	1	0
chr17_8407117_8407124	0	0	0	0	0	0	1	0
chr17_9276014_9276021	0	1	0	0	0	0	0	0
chr17_9276015_9276022	1	0	0	0	0	0	0	0
chr17_27653021_27653028	0	0	0	1	0	0	0	0
chr17_27678462_27678469	0	1	0	0	0	0	0	0
chr17_27678463_27678470	1	0	0	0	0	0	0	0
chr17_31811448_31811455	0	0	1	0	0	0	0	0
chr17_33980603_33980610	0	1	0	0	0	0	0	0
chr17_33980604_33980611	1	0	0	0	0	0	0	0
chr17_37080364_37080371	0	0	0	0	0	0	0	1
chr17_37198929_37198936	0	0	0	0	0	0	0	1
chr17_37198930_37198937	0	0	0	0	0	0	1	0
chr17_45389060_45389067	0	0	0	0	0	0	1	0
chr17_46522416_46522423	0	0	0	0	0	0	0	1
chr17_46598063_46598070	1	0	0	0	0	0	0	0
chr17_46599000_46599007	0	0	0	0	1	0	0	0
chr17_65617595_65617602	0	0	1	0	0	0	0	0
chr17_65617596_65617603	0	1	0	0	0	0	0	0
chr17_73984724_73984731	1	0	0	0	0	0	0	1
chr17_74328376_74328383	0	0	0	0	0	0	0	1
chr17_80835781_80835788	0	1	0	0	0	0	0	0
chr17_84899956_84899963	0	0	0	1	0	1	0	0
chr18_7960300_7960307	0	0	0	0	0	0	0	1
chr18_14984378_14984385	0	0	0	1	0	0	0	0
chr18_34349266_34349273	0	0	0	0	0	0	0	1
chr18_34629340_34629347	0	1	0	0	0	0	0	0
chr18_34629341_34629348	1	0	0	0	0	0	0	0
chr18_46799065_46799072	0	1	0	0	0	0	0	0
chr18_60914908_60914915	0	0	0	0	0	1	0	0
chr18_67533621_67533628	0	0	0	0	0	0	0	1
chr18_67533622_67533629	0	0	0	0	0	0	1	0
chr18_67533654_67533661	0	0	0	0	0	0	0	1
chr18_73746631_73746638	0	0	0	0	0	0	1	0
chr18_73925641_73925648	0	1	0	0	0	0	0	0
chr18_74807769_74807776	0	0	1	0	0	0	0	0
chr18_74807770_74807777	0	1	0	0	0	0	0	0
chr18_82519717_82519724	0	0	1	0	1	0	0	1
chr19_8695505_8695512	0	0	0	1	1	0	0	0
chr19_10696006_10696013	0	0	0	0	0	1	0	0
chr19_18818815_18818822	0	0	1	0	0	0	0	0
chr19_18818816_18818823	0	1	0	0	0	0	0	0
chr19_23098589_23098596	0	1	1	0	0	0	0	0
chr19_30552439_30552446	0	0	0	0	0	0	0	1
chr19_32172713_32172720	0	0	0	0	0	0	0	1
chr19_36243188_36243195	0	0	0	1	0	0	1	0
chr19_36243189_36243196	0	0	1	0	0	1	0	0
chr19_38589119_38589126	0	1	0	0	0	0	0	0
chr19_38589120_38589127	1	0	0	0	0	0	0	0
chr19_48188908_48188915	0	0	0	1	0	0	0	0
chr19_48188909_48188916	0	0	1	0	0	0	0	0
chr19_48189168_48189175	0	0	0	0	0	0	1	0
chr19_53045809_53045816	0	0	0	0	0	1	1	0
chr19_53730633_53730640	0	0	0	0	1	0	0	0
chr19_53730634_53730641	0	0	0	1	0	0	0	0
chr19_53748471_53748478	0	0	0	0	0	0	0	1
chr19_53748472_53748479	0	0	0	0	0	0	1	0
chr2_26330878_26330885	0	0	0	1	0	0	0	0
chr2_26331513_26331520	0	1	0	0	0	0	0	0
chr2_29507146_29507153	0	1	0	0	0	0	0	0
chr2_32131911_32131918	0	0	0	0	0	1	0	0
chr2_34504621_34504628	0	0	1	0	0	0	0	0
chr2_34551808_34551815	0	1	0	0	0	0	0	0
chr2_34551809_34551816	1	0	0	0	0	0	0	0
chr2_35493669_35493676	0	0	0	0	0	0	1	0
chr2_52574709_52574716	0	0	0	0	0	1	0	0
chr2_59494161_59494168	0	0	1	1	0	0	0	0
chr2_69378040_69378047	0	0	0	0	0	0	0	1
chr2_73799726_73799733	0	0	1	0	0	0	0	0
chr2_91195335_91195342	0	1	0	0	0	0	0	0
chr2_91195336_91195343	1	0	0	0	0	0	0	0
chr2_103085772_103085779	0	0	0	0	0	0	1	0
chr2_103085773_103085780	0	0	0	0	0	1	0	0
chr2_104141664_104141671	0	0	0	1	0	0	0	0
chr2_104141665_104141672	0	0	1	0	0	0	0	0
chr2_125239744_125239751	0	1	0	0	0	0	0	0
chr2_132067739_132067746	0	0	0	0	0	1	0	0
chr2_132067740_132067747	0	0	0	0	1	0	0	0
chr2_144144905_144144912	0	0	0	0	0	0	1	0
chr2_157692551_157692558	0	0	0	0	0	0	0	1
chr2_157692552_157692559	0	0	0	0	0	0	1	0
chr2_163701497_163701504	1	0	0	0	0	0	0	0
chr2_163701709_163701716	0	0	0	1	0	0	0	0
chr2_163701710_163701717	0	0	1	0	0	0	0	1
chr2_163701717_163701724	1	0	0	0	0	0	0	0
chr2_163701786_163701793	0	0	0	0	0	0	0	1
chr2_163701793_163701800	1	0	0	0	0	0	0	0
chr2_163702323_163702330	0	0	0	0	0	1	0	0
chr2_163702324_163702331	0	0	0	0	1	0	0	0
chr2_173057762_173057769	0	0	0	0	1	0	0	0
chr3_9010432_9010439	0	1	0	0	0	0	0	0
chr3_9619592_9619599	0	0	0	1	0	0	0	0
chr3_19904600_19904607	0	0	0	0	1	0	0	0
chr3_19904601_19904608	0	0	0	1	0	0	0	0
chr3_41001638_41001645	0	0	1	0	0	0	0	0
chr3_57621587_57621594	0	0	0	0	0	1	0	0
chr3_83878927_83878934	0	0	0	1	0	0	0	0
chr3_83878928_83878935	0	0	1	0	0	0	0	0
chr3_83986594_83986601	0	0	1	0	1	0	0	0
chr3_83994393_83994400	0	0	1	0	0	0	0	0
chr3_83994394_83994401	0	1	0	0	0	0	0	0
chr3_89129107_89129114	0	0	0	0	0	0	1	0
chr3_89129108_89129115	0	0	0	0	0	1	0	0
chr3_97939841_97939848	0	0	0	0	0	1	0	0
chr3_97939842_97939849	0	0	0	0	1	0	0	1
chr3_100893300_100893307	0	0	0	0	0	1	0	0
chr3_103526353_103526360	0	1	0	0	0	0	0	0
chr3_104761824_104761831	0	0	0	1	0	0	0	0
chr3_104761825_104761832	0	0	1	0	0	0	0	0
chr3_105215863_105215870	0	0	0	0	0	1	0	0
chr3_105215864_105215871	0	0	0	0	1	0	0	0
chr3_107347210_107347217	0	0	0	0	0	0	0	1
chr3_107347276_107347283	0	0	0	0	0	1	0	0
chr3_107347277_107347284	0	0	0	0	1	0	0	0
chr3_108388388_108388395	0	1	0	0	0	0	0	0
chr3_108388389_108388396	1	0	0	0	0	0	0	0
chr3_116205749_116205756	0	0	0	0	0	0	1	0
chr3_129588191_129588198	0	0	0	0	0	0	1	0
chr3_129588192_129588199	0	0	0	0	0	1	0	0
chr3_135522300_135522307	0	0	0	0	0	0	0	1
chr3_142962204_142962211	1	0	0	0	0	0	0	0
chr3_153963794_153963801	0	0	0	0	0	0	0	1
chr3_154339141_154339148	0	0	0	0	0	0	1	0
chr3_154339935_154339942	0	0	0	0	0	0	0	1
chr4_3178042_3178049	0	0	0	1	0	0	0	0
chr4_3178152_3178159	0	0	0	0	0	1	0	0
chr4_3178831_3178838	0	0	0	0	0	1	0	0
chr4_8126854_8126861	0	0	0	0	1	1	0	0
chr4_8126855_8126862	0	0	0	1	1	0	0	0
chr4_34919114_34919121	0	0	0	0	0	0	0	1
chr4_34919115_34919122	0	0	0	0	0	0	1	0
chr4_40821412_40821419	0	1	0	0	0	0	0	0
chr4_41387533_41387540	0	0	0	0	1	0	0	0
chr4_43924776_43924783	0	0	0	0	1	0	0	0
chr4_43924777_43924784	0	0	0	1	0	0	0	0
chr4_47499772_47499779	0	0	0	0	0	0	1	1
chr4_47499773_47499780	0	0	0	0	0	1	1	0
chr4_57022993_57023000	0	0	0	1	1	0	0	0
chr4_63498204_63498211	0	1	0	0	0	0	0	0
chr4_63498205_63498212	1	0	0	0	0	0	0	0
chr4_108903241_108903248	0	0	0	0	0	0	1	0
chr4_108903559_108903566	0	1	0	0	0	0	0	0
chr4_108976888_108976895	0	0	0	0	0	0	1	0
chr4_111387287_111387294	0	0	0	0	0	0	0	1
chr4_111387288_111387295	0	0	0	0	0	0	1	0
chr4_115976713_115976720	0	0	0	1	0	0	0	0
chr4_134299891_134299898	0	0	1	0	0	0	0	0
chr4_134299892_134299899	0	1	0	0	0	0	0	0
chr4_134512974_134512981	1	0	1	0	0	0	0	0
chr4_136878543_136878550	0	0	0	0	0	0	0	1
chr4_139336792_139336799	0	0	0	1	0	0	0	0
chr4_140920838_140920845	0	0	0	0	0	0	0	1
chr4_141133532_141133539	0	0	0	0	0	0	0	1
chr4_141133533_141133540	0	0	0	0	0	0	1	0
chr4_150547398_150547405	0	1	0	0	0	0	0	0
chr4_150547399_150547406	1	0	0	0	0	0	0	0
chr4_154411018_154411025	0	0	0	1	0	0	0	0
chr5_9237590_9237597	0	0	0	0	0	0	0	1
chr5_24649474_24649481	0	0	0	0	0	0	1	0
chr5_27454829_27454836	0	0	0	0	0	0	0	1
chr5_29722455_29722462	0	1	0	0	0	0	0	0
chr5_32068874_32068881	0	0	0	0	0	1	0	0
chr5_32068875_32068882	0	0	0	0	1	0	0	0
chr5_35103648_35103655	0	0	0	0	1	0	0	1
chr5_37088869_37088876	0	0	0	0	0	1	0	0
chr5_37097385_37097392	0	0	0	0	0	0	1	0
chr5_64146435_64146442	0	0	0	0	0	0	0	1
chr5_65985225_65985232	0	0	0	0	0	0	0	1
chr5_73851674_73851681	0	0	0	0	0	0	0	1
chr5_92500788_92500795	0	0	0	1	0	0	0	0
chr5_92500789_92500796	0	0	1	0	0	0	0	0
chr5_100341289_100341296	0	0	0	0	0	0	1	0
chr5_107107208_107107215	0	1	0	0	0	0	0	0
chr5_107107209_107107216	1	0	0	0	0	0	0	0
chr5_112772142_112772149	0	0	0	1	0	0	0	0
chr5_112772143_112772150	0	0	1	0	0	0	0	0
chr5_114394420_114394427	0	0	1	0	0	0	0	0
chr5_115494115_115494122	0	0	0	0	1	0	0	0
chr5_117104763_117104770	1	0	0	0	0	0	0	0
chr5_124091885_124091892	1	0	0	0	0	0	0	0
chr5_125284131_125284138	0	0	0	0	0	1	0	0
chr5_125284132_125284139	0	0	0	0	1	0	0	0
chr5_125466002_125466009	0	0	0	0	1	0	0	0
chr5_128536945_128536952	0	0	1	0	0	0	0	0
chr5_129233974_129233981	0	0	1	0	0	0	0	0
chr5_129233975_129233982	0	1	0	0	0	0	0	0
chr5_129387322_129387329	1	0	0	0	0	0	0	0
chr5_135049942_135049949	0	0	0	1	0	0	0	0
chr5_143159431_143159438	1	0	0	0	0	0	0	0
chr5_144051924_144051931	0	0	0	1	0	0	0	0
chr5_148365494_148365501	0	0	0	0	0	0	1	0
chr5_148365495_148365502	0	0	0	0	0	1	0	0
chr5_149611808_149611815	0	0	0	0	0	0	0	1
chr5_150846591_150846598	0	0	0	0	1	0	0	0
chr6_12073108_12073115	1	0	0	0	0	0	0	0
chr6_12107965_12107972	0	0	1	0	0	0	0	0
chr6_12107966_12107973	0	1	0	0	0	0	0	0
chr6_12129572_12129579	0	0	0	1	0	1	0	0
chr6_23661528_23661535	0	0	0	0	0	1	0	0
chr6_38362131_38362138	0	0	0	0	0	0	0	1
chr6_38362132_38362139	0	0	0	0	0	0	1	0
chr6_48192430_48192437	0	0	0	0	1	0	0	0
chr6_48192431_48192438	0	0	0	1	0	0	0	0
chr6_52019342_52019349	1	0	0	0	0	0	0	0
chr6_61056084_61056091	0	0	1	0	0	0	0	0
chr6_67219012_67219019	0	1	0	1	0	0	0	0
chr6_67219013_67219020	1	0	1	0	0	0	0	0
chr6_87137687_87137694	0	0	0	0	0	0	1	0
chr6_88012848_88012855	0	0	0	0	0	0	1	0
chr6_88012849_88012856	0	0	0	0	0	1	0	0
chr6_95560607_95560614	0	1	0	0	0	0	0	0
chr6_120643933_120643940	0	0	0	0	0	0	0	1
chr6_124783932_124783939	0	0	0	0	0	0	1	0
chr7_4672120_4672127	0	0	0	0	1	0	0	0
chr7_4672121_4672128	0	0	0	1	0	0	0	0
chr7_12011613_12011620	0	0	0	0	0	0	0	1
chr7_12012140_12012147	0	0	0	1	1	0	0	0
chr7_12012141_12012148	0	0	1	1	0	0	0	0
chr7_12014095_12014102	0	1	0	0	0	0	0	0
chr7_19356413_19356420	0	0	1	0	0	0	0	0
chr7_24253070_24253077	0	0	0	0	0	0	0	1
chr7_27861137_27861144	0	0	1	0	0	0	0	0
chr7_35401358_35401365	0	0	0	0	0	0	0	1
chr7_35434610_35434617	1	1	1	0	0	0	0	0
chr7_35435683_35435690	0	1	0	0	0	0	0	0
chr7_35435684_35435691	1	0	0	0	0	0	0	0
chr7_37709387_37709394	0	0	0	0	0	0	0	1
chr7_41566709_41566716	0	0	0	0	1	0	0	0
chr7_42739523_42739530	0	0	0	0	0	1	0	0
chr7_46761640_46761647	0	0	0	0	0	1	0	0
chr7_58800386_58800393	0	1	1	0	0	1	0	0
chr7_64012227_64012234	0	1	0	0	0	0	0	0
chr7_64012228_64012235	1	0	0	0	0	0	0	0
chr7_65505543_65505550	0	0	0	1	0	0	0	0
chr7_65505544_65505551	0	0	1	0	0	0	0	1
chr7_80889419_80889426	0	1	1	0	0	0	0	0
chr7_81834817_81834824	0	0	0	0	1	0	0	0
chr7_81836598_81836605	0	0	0	0	0	0	0	1
chr7_118659169_118659176	1	1	0	0	0	0	0	0
chr7_118884070_118884077	0	0	0	0	0	0	0	1
chr7_134694441_134694448	0	0	1	0	0	0	0	0
chr7_139429599_139429606	0	0	1	0	0	0	0	0
chr7_142870229_142870236	0	0	0	1	0	0	0	0
chr7_142936056_142936063	0	0	1	0	0	0	0	0
chr7_142993303_142993310	0	0	0	1	0	0	0	0
chr7_143052189_143052196	0	1	0	0	0	0	0	0
chr7_143052190_143052197	1	0	0	0	0	0	0	0
chr7_143118275_143118282	0	1	0	0	0	0	0	0
chr7_143412955_143412962	0	0	0	0	0	0	0	1
chr7_143484803_143484810	0	0	0	1	0	0	0	0
chr7_143499456_143499463	0	1	0	0	0	0	0	0
chr7_144052866_144052873	1	0	0	0	0	0	0	0
chr8_13642991_13642998	0	0	0	0	1	0	0	0
chr8_13642992_13642999	0	0	0	1	0	0	0	0
chr8_25947002_25947009	0	0	0	0	0	1	0	0
chr8_45916726_45916733	0	0	1	1	0	0	0	0
chr8_45916727_45916734	0	1	1	0	0	0	0	0
chr8_66920251_66920258	0	0	1	1	0	0	0	0
chr8_78098730_78098737	0	1	0	0	0	0	0	0
chr8_78098731_78098738	1	0	0	0	0	0	0	0
chr8_78099153_78099160	0	0	0	0	0	0	1	0
chr8_78099154_78099161	0	0	0	0	0	1	0	0
chr8_79720048_79720055	0	0	1	0	0	0	1	0
chr8_94200618_94200625	0	0	0	1	0	0	0	0
chr8_94200619_94200626	0	0	1	0	0	0	0	0
chr8_95121184_95121191	0	0	0	1	0	0	0	0
chr8_95121185_95121192	0	0	1	0	0	0	0	0
chr8_106159464_106159471	1	0	0	0	0	0	0	0
chr8_110414864_110414871	1	0	0	0	0	0	0	0
chr8_110924456_110924463	0	0	1	0	0	0	0	0
chr8_110924457_110924464	0	1	0	0	0	0	0	0
chr8_116776256_116776263	0	0	0	0	0	0	0	1
chr8_116776257_116776264	0	0	0	0	0	0	1	0
chr8_119273433_119273440	0	0	1	0	0	0	0	0
chr8_119273434_119273441	0	1	0	0	0	0	0	0
chr8_119393388_119393395	0	0	0	0	0	0	1	0
chr8_122006566_122006573	0	0	0	0	0	1	0	0
chr8_122006567_122006574	0	0	0	0	1	0	0	0
chr8_123077439_123077446	0	0	0	0	1	0	0	0
chr8_123077440_123077447	0	0	0	1	0	0	0	0
chr9_19573403_19573410	0	0	1	0	0	0	0	0
chr9_19573557_19573564	0	0	0	1	0	0	0	0
chr9_19573558_19573565	0	0	1	0	0	0	0	0
chr9_22306258_22306265	0	0	0	1	0	0	0	0
chr9_22306259_22306266	0	0	1	0	0	0	0	0
chr9_54657952_54657959	0	0	0	0	1	0	0	0
chr9_54657953_54657960	0	0	0	1	0	0	0	0
chr9_54965128_54965135	1	0	0	0	0	0	0	1
chr9_54965129_54965136	0	0	0	0	0	0	1	0
chr9_54965495_54965502	1	0	0	0	0	0	0	0
chr9_58767227_58767234	0	0	0	0	0	1	0	0
chr9_60002243_60002250	0	0	0	0	0	0	0	1
chr9_60002244_60002251	0	0	0	0	0	0	1	0
chr9_62463770_62463777	0	0	1	0	0	0	0	0
chr9_63814365_63814372	0	0	0	0	0	0	1	0
chr9_73027771_73027778	0	0	0	0	0	0	0	1
chr9_73027772_73027779	0	0	0	0	0	0	1	0
chr9_95826390_95826397	1	0	0	0	0	0	0	0
chr9_95826838_95826845	1	0	0	0	0	0	0	0
chr9_99701479_99701486	0	0	0	1	0	0	0	0
chr9_102973705_102973712	0	1	0	0	0	0	0	0
chr9_107880624_107880631	0	0	0	1	1	0	0	0
chr9_109907101_109907108	0	0	0	0	0	0	1	0
chr9_110552807_110552814	0	0	0	0	1	0	0	0
chr9_115806876_115806883	0	0	0	0	0	0	0	1
chr9_118879886_118879893	0	0	0	0	1	0	0	0
chr9_118879887_118879894	0	0	0	1	0	0	0	0
chr9_121524357_121524364	0	0	0	0	0	0	0	1
