motif_region	index_1	index_2	index_3	index_4	index_5	index_6	index_7	index_8
chr1_15975327_15975334	0	0	0	0	1	0	0	0
chr1_33709368_33709375	1	0	0	0	0	0	0	0
chr1_75861743_75861750	1	0	0	0	0	0	0	0
chr1_82976762_82976769	0	0	0	0	1	0	0	0
chr1_90540713_90540720	0	0	0	0	0	0	0	1
chr1_103767055_103767062	0	0	0	0	0	0	0	1
chr1_133363057_133363064	0	0	1	0	0	0	1	0
chr1_151529873_151529880	0	0	0	0	0	0	1	0
chr1_151530511_151530518	0	0	0	1	0	0	0	0
chr1_151874194_151874201	0	1	0	0	0	0	1	0
chr1_171517194_171517201	0	0	0	0	0	0	1	0
chr1_182514933_182514940	0	1	0	0	0	0	0	0
chr10_12851278_12851285	1	0	0	0	0	0	0	0
chr10_31298383_31298390	0	0	0	0	0	0	1	0
chr10_31298385_31298392	0	0	0	0	1	0	0	0
chr10_63178800_63178807	0	1	0	0	0	0	0	0
chr11_3175717_3175724	0	0	0	1	0	0	0	0
chr11_20216745_20216752	1	0	0	0	0	0	0	0
chr11_50928358_50928365	0	0	0	0	0	1	0	0
chr11_83762087_83762094	0	1	0	0	0	0	0	0
chr11_87463869_87463876	1	0	0	0	0	0	0	0
chr11_88777629_88777636	0	0	0	0	0	1	0	0
chr11_98566314_98566321	0	0	0	0	1	0	0	0
chr11_99916841_99916848	0	1	0	0	0	0	0	0
chr12_32704560_32704567	0	0	0	0	0	0	0	1
chr12_51493549_51493556	0	0	0	1	0	0	0	0
chr12_59098407_59098414	0	0	1	0	0	0	0	0
chr12_59098409_59098416	1	0	0	0	0	0	0	0
chr12_80556880_80556887	0	0	1	0	0	0	0	0
chr12_83378202_83378209	1	0	0	0	0	0	0	0
chr12_115606595_115606602	0	0	0	0	0	1	0	0
chr13_3196464_3196471	0	0	0	0	1	0	1	0
chr13_12528796_12528803	0	0	0	0	0	0	0	1
chr13_12528798_12528805	0	0	0	0	0	1	0	0
chr13_13473078_13473085	1	0	0	0	0	0	0	0
chr13_24792708_24792715	1	0	0	0	0	0	0	0
chr13_43317917_43317924	1	0	0	0	0	0	0	0
chr13_73375309_73375316	0	0	0	1	0	0	0	0
chr13_92898422_92898429	0	0	0	0	0	0	0	1
chr13_111298784_111298791	0	0	0	1	0	0	0	0
chr13_111298786_111298793	0	1	0	0	0	0	0	1
chr14_19708626_19708633	0	0	0	0	0	0	1	0
chr14_19765209_19765216	0	0	0	1	0	0	0	0
chr14_48329562_48329569	0	1	0	0	0	0	0	0
chr14_63794196_63794203	0	0	0	0	1	0	0	0
chr15_64413184_64413191	1	0	0	0	0	0	0	0
chr15_71295065_71295072	0	1	0	0	0	0	0	0
chr15_71295476_71295483	0	0	0	0	0	0	1	0
chr15_71295478_71295485	0	0	0	0	1	0	0	0
chr15_74895948_74895955	0	0	0	1	0	0	0	0
chr15_74896422_74896429	0	0	0	0	0	0	1	0
chr15_75380253_75380260	0	0	0	0	1	0	0	0
chr15_96636257_96636264	0	0	0	0	0	1	0	0
chr16_30159234_30159241	0	0	0	0	0	0	1	0
chr16_30159330_30159337	0	0	0	0	0	0	1	0
chr16_35563221_35563228	0	0	0	0	0	0	1	0
chr16_56902357_56902364	1	0	0	0	0	0	0	0
chr16_91435280_91435287	0	0	0	0	0	0	1	0
chr17_15621216_15621223	0	0	1	0	0	0	0	0
chr17_21375394_21375401	1	0	0	0	0	0	0	0
chr17_21375660_21375667	0	0	1	0	0	0	0	0
chr17_21375662_21375669	1	0	0	0	0	0	0	0
chr17_26465245_26465252	0	1	0	0	0	0	0	0
chr17_56252347_56252354	0	0	0	0	0	0	1	0
chr17_56252541_56252548	0	0	0	0	0	1	0	0
chr17_88136961_88136968	0	0	0	0	0	0	0	1
chr17_88136996_88137003	0	0	0	1	0	0	0	0
chr18_46996983_46996990	1	0	0	0	0	0	0	0
chr18_73997673_73997680	1	0	0	0	0	0	0	0
chr19_31136505_31136512	0	0	0	0	0	0	1	0
chr19_40566022_40566029	0	0	0	0	1	0	0	0
chr19_42385043_42385050	0	0	0	0	0	1	0	0
chr19_42385045_42385052	0	0	0	1	0	0	0	0
chr2_10137545_10137552	0	0	0	1	0	0	0	0
chr2_20665993_20666000	0	0	0	0	0	1	0	0
chr2_38659997_38660004	0	0	0	0	0	1	0	0
chr2_38659999_38660006	0	0	0	1	0	0	0	0
chr2_92513304_92513311	0	0	0	0	0	0	1	0
chr2_94067063_94067070	0	0	0	0	0	0	0	1
chr2_106986039_106986046	0	0	1	0	0	0	0	0
chr2_164232093_164232100	1	1	0	0	0	0	0	0
chr2_169085720_169085727	0	0	0	0	0	0	1	0
chr2_170624879_170624886	0	0	0	1	0	0	0	0
chr3_9297584_9297591	0	0	0	1	0	0	0	0
chr3_32035322_32035329	0	0	0	0	0	0	0	1
chr3_79883474_79883481	1	0	0	0	0	0	0	0
chr3_85372965_85372972	0	0	0	0	0	0	0	1
chr3_103443527_103443534	0	1	0	0	0	0	0	0
chr3_110267219_110267226	0	0	0	0	0	0	0	1
chr3_127808441_127808448	0	0	0	0	0	0	0	1
chr3_129966907_129966914	0	0	0	0	0	1	0	0
chr3_144256456_144256463	0	1	0	0	0	0	0	0
chr4_35136337_35136344	1	0	0	0	0	0	0	0
chr4_35292032_35292039	0	0	0	0	0	1	0	0
chr4_43138385_43138392	0	0	0	1	0	0	0	0
chr4_43139821_43139828	1	0	0	0	0	0	0	0
chr4_53952089_53952096	0	0	0	0	0	0	1	0
chr4_54995036_54995043	0	1	0	0	0	0	0	0
chr4_106596599_106596606	0	0	0	0	0	0	0	1
chr4_125585815_125585822	0	0	0	0	0	0	1	0
chr4_126217167_126217174	0	0	0	0	0	0	1	0
chr4_147815792_147815799	0	0	0	0	0	1	0	0
chr4_147817063_147817070	0	1	0	0	0	0	0	0
chr4_155675155_155675162	0	0	1	0	0	0	0	0
chr5_12047800_12047807	1	0	1	0	0	0	0	0
chr5_25717253_25717260	0	0	0	0	0	1	0	0
chr5_25717921_25717928	0	0	0	0	0	1	0	0
chr5_39522321_39522328	0	0	0	1	0	0	0	0
chr5_67458151_67458158	0	0	0	0	0	1	0	0
chr5_76869452_76869459	0	0	1	0	0	0	0	0
chr5_81590965_81590972	0	0	0	0	0	0	0	1
chr5_81591678_81591685	0	1	0	0	0	0	0	0
chr5_91038189_91038196	0	0	0	0	0	0	0	1
chr5_99848939_99848946	0	0	0	0	1	0	0	0
chr5_99849528_99849535	0	0	0	0	1	0	0	0
chr5_99849530_99849537	0	0	1	0	0	0	0	0
chr5_136153657_136153664	0	0	0	0	0	0	1	0
chr6_17830972_17830979	0	0	0	0	0	0	1	0
chr6_88582827_88582834	0	0	1	0	0	0	0	0
chr6_133189410_133189417	0	1	0	0	0	0	0	0
chr7_24498112_24498119	0	1	0	0	0	0	0	0
chr7_30848233_30848240	1	0	0	0	0	0	0	0
chr7_44709515_44709522	0	0	0	0	0	1	0	0
chr7_60007580_60007587	0	0	1	0	0	0	0	0
chr7_60007685_60007692	0	0	0	0	1	0	0	0
chr7_60039891_60039898	0	0	1	0	0	0	0	0
chr7_65412251_65412258	0	0	0	0	0	0	1	0
chr7_73399058_73399065	0	0	0	0	0	0	1	0
chr7_84754754_84754761	0	0	0	0	1	0	0	0
chr7_97556315_97556322	0	1	0	0	0	0	0	0
chr7_130145199_130145206	0	0	0	0	0	0	0	1
chr7_138370317_138370324	0	0	0	0	0	0	0	1
chr8_11863616_11863623	0	1	0	0	0	0	0	0
chr8_11893345_11893352	1	0	0	0	0	0	0	0
chr8_112316521_112316528	0	0	1	0	0	1	1	0
chr9_20366723_20366730	0	0	1	0	0	0	0	0
chr9_31556716_31556723	0	0	0	0	0	1	0	0
chr9_47562604_47562611	0	0	0	0	1	0	0	0
chr9_61546149_61546156	1	0	0	0	0	0	0	0
chr9_96408808_96408815	0	0	0	1	0	0	0	0
chr9_119114449_119114456	0	0	0	0	1	0	0	0
