motif_region	index_1	index_2	index_3	index_4	index_5	index_6	index_7	index_8
chr1_73929713_73929720	0	0	0	1	0	0	0	0
chr1_73988762_73988769	0	0	0	0	0	0	0	1
chr1_92317936_92317943	1	0	0	0	0	0	0	0
chr1_119389711_119389718	1	0	0	0	0	0	0	0
chr1_119390075_119390082	0	0	0	0	1	0	0	0
chr1_120590968_120590975	0	0	0	0	1	0	0	0
chr1_165811319_165811326	0	1	0	0	0	0	0	0
chr1_165811320_165811327	1	0	0	0	0	0	0	0
chr1_182502852_182502859	0	1	0	0	0	0	0	0
chr10_33747286_33747293	0	0	1	1	0	1	0	0
chr10_39505316_39505323	0	0	0	0	1	0	0	0
chr10_61004515_61004522	0	0	0	0	1	0	0	0
chr11_3358735_3358742	0	0	0	0	0	1	0	0
chr11_20007162_20007169	0	0	0	0	1	0	0	0
chr11_20007163_20007170	0	0	0	1	0	0	0	0
chr11_44395549_44395556	0	0	0	0	1	0	0	1
chr11_68496033_68496040	0	0	0	1	0	0	0	0
chr11_71883557_71883564	0	0	0	1	0	0	0	0
chr11_71883558_71883565	0	0	1	0	0	0	0	0
chr11_83472904_83472911	0	0	0	0	0	0	1	0
chr11_88783717_88783724	0	0	0	1	0	0	0	0
chr11_88825916_88825923	1	0	0	0	0	0	0	0
chr11_99136449_99136456	0	0	1	0	0	0	0	0
chr11_118453319_118453326	0	0	0	1	0	0	0	0
chr11_119260207_119260214	0	0	0	0	1	0	0	0
chr11_119260208_119260215	0	0	0	1	0	0	0	0
chr12_11197671_11197678	0	1	0	0	0	0	0	0
chr12_79977430_79977437	1	0	0	0	0	0	0	0
chr12_105954852_105954859	0	0	0	1	0	0	0	0
chr12_109901427_109901434	1	0	0	1	0	0	0	0
chr12_109901428_109901435	0	0	1	0	0	0	0	0
chr13_3361086_3361093	0	0	0	0	0	0	0	1
chr13_12480011_12480018	0	0	0	0	0	1	0	0
chr13_12480012_12480019	0	0	0	0	1	0	0	0
chr13_25385427_25385434	0	0	0	0	0	0	1	0
chr13_32993800_32993807	0	0	0	0	1	0	0	0
chr13_61819908_61819915	1	0	0	0	0	0	0	0
chr13_72889520_72889527	0	0	0	1	0	0	0	0
chr13_83543617_83543624	0	0	1	0	0	0	0	0
chr13_93758623_93758630	0	1	0	0	0	0	0	0
chr13_98507376_98507383	1	0	0	0	0	0	0	0
chr14_19692398_19692405	1	0	0	0	0	0	0	0
chr14_33711894_33711901	0	0	1	0	0	0	0	0
chr14_33713294_33713301	0	0	1	0	0	0	0	0
chr14_45529954_45529961	0	0	0	0	1	0	0	0
chr14_118223811_118223818	0	0	0	0	1	0	0	0
chr15_10981796_10981803	0	0	0	0	0	1	0	0
chr15_10981797_10981804	0	0	0	0	1	0	0	0
chr15_64383739_64383746	0	0	0	0	0	1	0	0
chr15_72810181_72810188	0	1	0	0	0	0	0	0
chr15_81722045_81722052	0	0	0	0	0	0	1	0
chr16_11010952_11010959	0	0	0	0	1	0	0	0
chr16_31005507_31005514	0	0	0	0	1	0	0	0
chr16_32729111_32729118	0	0	0	0	0	1	0	0
chr16_36301277_36301284	0	0	0	1	0	0	0	0
chr16_36301278_36301285	0	0	1	0	0	0	0	0
chr16_50484744_50484751	0	0	0	0	0	1	0	0
chr16_89994319_89994326	0	0	0	0	1	0	0	0
chr16_92595346_92595353	0	0	0	0	0	1	0	0
chr16_92595347_92595354	0	0	0	0	1	0	0	0
chr17_7665502_7665509	0	0	1	0	0	0	0	0
chr17_28937011_28937018	0	0	1	0	0	0	0	0
chr17_31256893_31256900	0	0	0	0	0	0	0	1
chr17_31256894_31256901	0	0	0	0	0	0	1	0
chr17_31325258_31325265	0	0	0	0	1	0	0	0
chr17_35311914_35311921	0	0	0	1	1	0	0	0
chr17_45625961_45625968	0	0	0	1	0	0	0	0
chr17_49035313_49035320	0	0	0	0	0	0	0	1
chr17_49311731_49311738	0	0	0	0	1	0	0	0
chr17_68950549_68950556	1	0	0	0	0	0	0	0
chr17_86681545_86681552	0	1	0	0	0	0	0	0
chr18_61694719_61694726	0	0	0	0	0	1	0	0
chr18_82951538_82951545	0	0	0	0	1	0	0	0
chr19_18587302_18587309	0	0	0	0	0	1	0	0
chr19_47314727_47314734	0	0	0	0	0	1	0	0
chr19_47699735_47699742	0	0	0	0	1	0	0	0
chr19_58808555_58808562	0	0	0	0	0	0	1	0
chr2_6205373_6205380	0	0	1	0	0	0	0	1
chr2_9861478_9861485	0	0	0	0	0	1	0	0
chr2_10186489_10186496	0	0	0	0	0	0	0	1
chr2_11571333_11571340	0	0	1	0	0	0	0	0
chr2_25901627_25901634	0	0	0	1	0	0	0	0
chr2_25901628_25901635	0	0	1	0	0	0	0	0
chr2_60720230_60720237	0	0	0	1	0	0	0	0
chr2_60720231_60720238	0	0	1	0	0	0	0	0
chr2_103859727_103859734	1	0	0	0	0	0	0	0
chr2_148898233_148898240	0	0	0	1	0	0	0	0
chr2_148898234_148898241	0	0	1	0	0	0	0	0
chr2_168959842_168959849	1	0	0	0	0	0	0	0
chr2_169004003_169004010	1	1	0	0	0	0	0	0
chr2_169004004_169004011	1	0	0	0	0	0	0	0
chr2_170043904_170043911	0	0	0	0	0	0	0	1
chr2_170874357_170874364	1	0	0	0	0	0	0	0
chr3_41391689_41391696	0	0	0	0	0	1	0	0
chr3_41391690_41391697	0	0	0	0	1	0	0	0
chr3_85275955_85275962	0	0	0	1	0	0	0	0
chr3_97637521_97637528	0	0	0	0	1	0	0	0
chr3_101814852_101814859	0	0	0	1	0	0	0	0
chr3_101818685_101818692	0	0	0	0	1	0	0	0
chr3_101819204_101819211	0	0	0	0	1	0	0	0
chr4_35136230_35136237	0	0	0	0	1	0	0	0
chr4_41607146_41607153	1	0	0	0	0	0	0	0
chr4_98733807_98733814	0	0	0	0	1	0	0	0
chr4_98733808_98733815	0	0	0	1	0	0	0	0
chr4_114439414_114439421	0	0	0	0	0	0	1	0
chr4_125745935_125745942	0	0	0	0	0	1	0	0
chr4_139894998_139895005	1	0	0	0	0	0	0	0
chr4_140423793_140423800	0	0	0	0	0	0	0	1
chr4_148756053_148756060	0	0	0	1	0	0	0	0
chr4_148756054_148756061	0	0	1	0	0	0	0	0
chr4_152914137_152914144	0	0	0	0	1	0	0	0
chr5_35124300_35124307	0	0	0	0	0	0	0	1
chr5_35691039_35691046	0	0	0	1	0	0	0	0
chr5_70911365_70911372	0	0	1	0	0	0	0	0
chr5_74738714_74738721	0	0	0	0	0	0	1	0
chr5_113251188_113251195	0	0	0	0	1	0	0	0
chr5_113251189_113251196	0	0	0	1	0	0	0	0
chr5_114434871_114434878	0	0	0	0	0	0	0	1
chr5_114848703_114848710	0	0	0	0	0	1	0	0
chr5_128925975_128925982	0	0	0	0	0	0	0	1
chr5_128926256_128926263	1	0	0	0	0	0	0	0
chr5_140427240_140427247	1	0	0	0	0	0	0	0
chr5_142110694_142110701	0	0	0	0	0	0	0	1
chr5_143879604_143879611	0	1	0	0	0	0	0	0
chr5_150294745_150294752	0	0	0	1	0	0	0	0
chr6_26687481_26687488	0	0	1	0	0	0	0	0
chr6_28932377_28932384	0	0	0	0	1	0	0	0
chr6_29205957_29205964	0	0	0	0	1	0	0	0
chr6_51803902_51803909	0	0	0	0	1	0	0	0
chr6_51804218_51804225	0	0	0	0	0	0	0	1
chr6_92902967_92902974	0	0	0	0	0	0	0	1
chr6_92903179_92903186	0	0	0	1	0	0	0	0
chr6_92903180_92903187	0	0	1	0	0	0	0	0
chr6_100363650_100363657	0	0	0	0	0	0	0	1
chr6_119128288_119128295	0	0	0	0	0	1	0	0
chr7_4125290_4125297	0	0	0	0	0	0	1	0
chr7_4125794_4125801	1	0	0	0	0	0	0	0
chr7_37697970_37697977	0	0	1	0	0	0	0	0
chr7_44693533_44693540	1	0	0	0	0	0	0	0
chr7_64359994_64360001	0	0	0	1	0	0	0	0
chr7_64360019_64360026	0	0	0	0	0	0	0	1
chr7_66475686_66475693	0	0	0	0	0	1	0	0
chr7_73401095_73401102	0	0	1	0	0	0	0	0
chr7_110880483_110880490	1	0	0	0	0	0	0	0
chr7_139796360_139796367	0	0	1	0	0	0	0	0
chr7_139796361_139796368	0	1	0	0	0	0	0	0
chr7_140037982_140037989	0	0	0	0	1	0	0	0
chr7_143298793_143298800	0	0	0	0	0	0	0	1
chr8_46848997_46849004	1	0	0	0	0	0	0	0
chr8_117541964_117541971	0	0	0	0	0	0	0	1
chr8_121502075_121502082	0	0	1	0	0	0	0	0
chr8_124467859_124467866	1	0	0	0	0	0	0	0
chr8_125620151_125620158	0	0	1	0	0	0	0	0
chr8_125638802_125638809	1	0	0	0	0	0	0	0
chr9_54628770_54628777	0	0	0	0	0	0	0	1
chr9_61324359_61324366	0	0	0	1	0	0	0	0
chr9_61546964_61546971	0	0	0	0	0	0	1	0
chr9_61579298_61579305	0	1	0	0	0	0	0	0
chr9_79529851_79529858	0	0	0	0	1	0	0	0
chr9_98446457_98446464	0	0	0	0	0	0	0	1
chr9_123258815_123258822	0	0	0	0	0	1	0	0
