dist_for_fit	mean	var
5000	0.03446390679274073	7.484681980537922e-05
10000	0.021634628838159094	3.444995639433578e-05
15000	0.01559246658550173	2.248018863165091e-05
20000	0.012278014426148138	1.6941499085889725e-05
25000	0.010205617038468695	1.3664230378720722e-05
30000	0.008785625105227993	1.1622703268388066e-05
35000	0.0077552489482191995	1.0109280946540552e-05
40000	0.006990944026732278	9.008033806511361e-06
45000	0.006379548824239502	8.091502702587706e-06
50000	0.005896467079855313	7.505715749733098e-06
55000	0.005493875357666514	6.9013372385341145e-06
60000	0.00515071910030425	6.433571631022612e-06
65000	0.0048736027918136	6.019095026466876e-06
70000	0.004619758170056234	5.631181753566285e-06
75000	0.0043864605728793455	5.280662960409762e-06
80000	0.0041986977523311	5.045131784855781e-06
85000	0.004017866753998642	4.711386492078438e-06
90000	0.003860993275817723	4.520858352699962e-06
95000	0.003719765785221725	4.266557607668122e-06
100000	0.003581174312677034	4.073052576592037e-06
105000	0.0034610826178117123	3.892030431818152e-06
110000	0.003352102519310539	3.788903119329798e-06
115000	0.0032424302847476	3.6061081135006894e-06
120000	0.0031465138322571695	3.4919630956720536e-06
125000	0.0030566730552586538	3.3078605374144105e-06
130000	0.002971038815806702	3.1985268941148216e-06
135000	0.0028926427464364907	3.118070280350304e-06
140000	0.0028094325965408577	2.9241726351655943e-06
145000	0.0027411768531885026	2.810770563871783e-06
150000	0.0026693929434291456	2.7194809667811234e-06
155000	0.002603307213982756	2.625878636867231e-06
160000	0.002547163276167946	2.536178663361607e-06
165000	0.002486193814426577	2.4480639608214128e-06
170000	0.0024293603337605524	2.374564593787302e-06
175000	0.002379106605931504	2.3272000002452338e-06
180000	0.0023271838744545227	2.2016588220053117e-06
185000	0.002281477212612119	2.1941477887092283e-06
190000	0.002234667305656159	2.1461760814100053e-06
195000	0.0021908390999638232	2.0103473396116373e-06
200000	0.0021512160422062746	2.0404503766952186e-06
205000	0.0021091237428275777	1.9243477006024706e-06
210000	0.0020673644936805013	1.9765924003671636e-06
215000	0.0020339021618049308	1.8334221048913413e-06
220000	0.001997363613049774	1.8166950786598084e-06
225000	0.0019657162374527395	1.7464098553880162e-06
230000	0.0019315826966642444	1.7031428548728347e-06
235000	0.0018982531574753302	1.6603957618515559e-06
240000	0.0018723305775856117	1.6473455921164616e-06
245000	0.001839059626230663	1.5658338045985845e-06
250000	0.0018134675651247077	1.5453651974376856e-06
255000	0.0017894184645745666	1.4920872710970212e-06
260000	0.0017620139085046047	1.5140288144998809e-06
265000	0.0017381985042096448	1.4354288685982157e-06
270000	0.0017160089474335108	1.4204815769800178e-06
275000	0.0016939986749070375	1.4513180604240887e-06
280000	0.0016712735920937733	1.3503724635894659e-06
285000	0.0016479911431519678	1.3087845463464163e-06
290000	0.0016262522201801102	1.3186420580299855e-06
295000	0.0016112441905567372	1.3448363242344635e-06
300000	0.0015889712809582907	1.267652910370636e-06
305000	0.0015721905131554977	1.242978563071728e-06
310000	0.0015488607068105747	1.1893368959633487e-06
315000	0.0015335832472562698	1.181646764527609e-06
320000	0.0015200875421605697	1.1892755609819709e-06
325000	0.0015072022710656621	1.1998355536399313e-06
330000	0.0014854986831189891	1.2490112190332888e-06
335000	0.0014736825721609387	1.10886408688819e-06
340000	0.0014609809602971978	1.1640622980295954e-06
345000	0.0014436529812994986	1.149756185393599e-06
350000	0.0014296167413191871	1.059260847433688e-06
355000	0.001414434283557799	1.0778749860401483e-06
360000	0.0014017065527269815	1.0557704869244806e-06
365000	0.001389876607183275	9.982810718404577e-07
370000	0.0013762237151479907	1.0117107289598952e-06
375000	0.0013654420734704265	9.537796600232062e-07
380000	0.0013542519014921308	9.487000220990533e-07
385000	0.0013430308681998662	9.478053516120499e-07
390000	0.0013315610219420786	9.259208584542222e-07
395000	0.0013226350160920474	9.155654800109177e-07
400000	0.0013133804595951714	1.0077555405281934e-06
405000	0.0013040960608180503	9.113619881414593e-07
410000	0.0012911314738550395	8.654125539852883e-07
415000	0.001283359964710856	8.811856428146675e-07
420000	0.0012748480535310091	9.301058968745402e-07
425000	0.0012666331089053872	8.989930516926353e-07
430000	0.001257121476761082	9.104793216592945e-07
435000	0.0012479516765709743	9.368159334886703e-07
440000	0.0012380515960710235	9.185894820344907e-07
445000	0.0012307668325115162	7.796754154099195e-07
450000	0.0012229359456463835	8.094427467024602e-07
455000	0.0012172130627991669	7.792712108979707e-07
460000	0.0012062390916339645	7.571910276338729e-07
465000	0.001201884535959837	7.625311959579412e-07
470000	0.0011930960256071768	7.538363902045686e-07
475000	0.0011860080939700315	7.325103296354195e-07
480000	0.0011783028777414763	7.202062122212425e-07
485000	0.0011747969229885383	7.075486565142098e-07
490000	0.0011679731624556198	7.119692535854251e-07
495000	0.0011594789349887594	7.610869116258459e-07
500000	0.0011583777379900121	7.162920192185243e-07
505000	0.0011448128902330633	6.929083441730727e-07
510000	0.0011416822898504184	6.735753349170972e-07
515000	0.00113695925992129	6.659285092423855e-07
520000	0.0011311108517536774	6.693215052742895e-07
525000	0.0011224495229051551	6.473627908341368e-07
530000	0.0011191010352692076	6.432301085964382e-07
535000	0.0011148392744461395	6.476449251159374e-07
540000	0.001107470799349165	6.208312903734651e-07
545000	0.001102524096548066	6.220399259636467e-07
550000	0.0010980536409920575	6.40014483728238e-07
555000	0.0010931091646537079	6.272326513339483e-07
560000	0.0010913190743358548	6.38607784657274e-07
565000	0.0010873717946145646	6.336898573255592e-07
570000	0.00108087088596406	6.476613658419066e-07
575000	0.0010749157104762304	6.092843634825765e-07
580000	0.0010732574881736374	6.517844498621857e-07
585000	0.001071688099024916	6.979440409338126e-07
590000	0.001066772278237581	6.976714286598225e-07
595000	0.0010580862576403988	5.808400028826034e-07
600000	0.0010567325567258782	5.99485430749643e-07
605000	0.0010542556328690385	5.823633963384662e-07
610000	0.0010490995899358046	5.68118640811649e-07
615000	0.0010447633378023028	6.810352649434483e-07
620000	0.0010406489348873645	6.439657693936488e-07
625000	0.0010378228637994446	5.66742516236243e-07
630000	0.0010361620825497407	5.470169577650575e-07
635000	0.00102893443916041	6.060906283385063e-07
640000	0.001028656910698238	5.578008757954549e-07
645000	0.0010234509275681614	5.50292242212369e-07
650000	0.001022477088293696	7.064391994170536e-07
655000	0.001018718195536663	5.459012794549755e-07
660000	0.0010140522419079647	5.635658403032417e-07
665000	0.0010128098458322622	5.320763276371461e-07
670000	0.0010091560947292624	5.689339065932772e-07
675000	0.0010056117543608882	5.319238920611789e-07
680000	0.0010029714772628148	5.670813262222597e-07
685000	0.0009997274343403707	5.660205793211663e-07
690000	0.0009951348829376383	5.201346612588617e-07
695000	0.0009967721474494144	5.620970184451604e-07
700000	0.0009892344233334333	4.919283446695589e-07
705000	0.0009878653174190954	5.503799092133534e-07
710000	0.0009830760041947173	5.249473453958114e-07
715000	0.0009840419333249333	5.246383432901742e-07
720000	0.000981098088677285	5.719884778538689e-07
725000	0.000978998888170158	5.33590362219539e-07
730000	0.0009730484405051639	4.803185601636022e-07
735000	0.0009745977860063313	5.189695460088924e-07
740000	0.0009688463920593717	4.866317675198839e-07
745000	0.0009660019051825807	4.6357557010083334e-07
750000	0.0009654931209915753	5.2467080814661e-07
755000	0.0009601322654998437	4.4377054434128273e-07
760000	0.0009609539499848084	4.616656512457608e-07
765000	0.0009566377337080243	4.890909915969777e-07
770000	0.0009552487190680681	4.5629817572770837e-07
775000	0.0009516984376342956	4.4601080765369304e-07
780000	0.0009551472684869578	4.968247016717585e-07
785000	0.0009488206204113269	4.4348106268312544e-07
790000	0.0009486812099591336	4.7507759090305066e-07
795000	0.000945541278113589	4.457479264988216e-07
800000	0.000941730427465292	4.421080088161286e-07
805000	0.0009413745551203934	4.3622715116437995e-07
810000	0.0009378814685007863	4.409056779767402e-07
815000	0.000937023102804581	4.2285213008407236e-07
820000	0.0009339012238468378	4.197392166875036e-07
825000	0.0009341200513557411	4.6709895066309884e-07
830000	0.0009314942122994861	4.152948697784201e-07
835000	0.0009295119941886692	4.448260822943395e-07
840000	0.00092931336127272	4.2364649331993233e-07
845000	0.0009253027913062781	4.2222141053884616e-07
850000	0.0009238803759840247	4.137581823242391e-07
855000	0.0009218569189989978	4.0705529332557185e-07
860000	0.0009174964289128257	4.28095916859071e-07
865000	0.0009214769189122912	4.844484205934097e-07
870000	0.0009206262637660215	4.546969755514938e-07
875000	0.0009173424332130305	4.804735081218942e-07
880000	0.0009146000036386017	4.003434018872755e-07
885000	0.0009142019960297365	4.940041935584187e-07
890000	0.0009084363735347797	4.0913102488017117e-07
895000	0.000908002015219099	4.168227599219392e-07
900000	0.000909691858163344	4.08316992742297e-07
905000	0.0009075697187237556	3.8759017201723456e-07
910000	0.0009036588411951659	3.959875559147267e-07
915000	0.0009011626816577009	3.761666096250921e-07
920000	0.000902970333968173	3.7987283781601835e-07
925000	0.0009041752355612767	3.962005567640282e-07
930000	0.0009003128259989046	4.991304348999549e-07
935000	0.0008973724059503755	3.827217764589356e-07
940000	0.0008956855042167236	4.0684405310242475e-07
945000	0.0008971881848477762	3.9101246193855357e-07
950000	0.0008931235641642955	4.0828225921204024e-07
955000	0.0008941352292234032	4.4062218724409216e-07
960000	0.0008909018022633195	4.3570300331677434e-07
965000	0.0009013380308689004	7.329877748069989e-07
970000	0.0008914946618899982	4.0823302487068423e-07
975000	0.0008883386698525859	3.764503908310711e-07
980000	0.0008893374566568438	3.9424555937428455e-07
985000	0.0008831395062257495	3.698242287173821e-07
990000	0.0008820104234034946	3.6659688417565535e-07
995000	0.0008810415171712684	3.6893890090240487e-07
1000000	0.0008808904773486216	3.7359050128058704e-07
