Sample	aligned_libsize	Subfamily:Family:Class	copies	fpkm	uniq_counts	tot_counts	tot_reads	score
2Cell_Ctrl	74500164	MERVL-int:ERVL:LTR	2600	11795.5888328	1954149	4053196.32	4085944	99.20
2Cell_Ctrl	74500164	LSU-rRNA_Hsa:rRNA:rRNA	480	46301.3385139	1585552	1662398.29	1662405	100.00
2Cell_Ctrl	74500164	MTA_Mm-int:ERVL-MaLR:LTR	3027	33610.1864871	1250978	4113824.40	4367217	94.20
2Cell_Ctrl	74500164	B3:B2:SINE	148427	23263.2043888	525007	537426.00	540386	99.45
2Cell_Ctrl	74500164	MTA_Mm:ERVL-MaLR:LTR	15623	18545.3475053	453838	983091.75	1270772	77.36
2Cell_Ctrl	74500164	ORR1A0-int:ERVL-MaLR:LTR	456	2848.79445846	356773	480191.28	505119	95.06
2Cell_Ctrl	74500164	B2_Mm2:B2:SINE	90007	15014.1922783	326179	333132.17	335436	99.31
2Cell_Ctrl	74500164	ID_B1:B4:SINE	110827	14117.7878546	308950	312128.12	313736	99.49
2Cell_Ctrl	74500164	RSINE1:B4:SINE	115806	13413.8134982	276136	280764.20	282387	99.43
2Cell_Ctrl	74500164	B1_Mus1:Alu:SINE	95081	11947.2966588	236701	240941.13	242632	99.30
2Cell_Ctrl	74500164	B4A:B4:SINE	107073	10020.9048435	227914	233272.15	234569	99.45
2Cell_Ctrl	74500164	B3A:B2:SINE	92925	10094.0842134	224789	228136.43	229538	99.39
2Cell_Ctrl	74500164	SSU-rRNA_Hsa:rRNA:rRNA	45	1224.5035876	187623	213686.00	213666	100.01
2Cell_Ctrl	74500164	ORR1A1-int:ERVL-MaLR:LTR	859	1434.98336852	185804	229539.43	247396	92.78
2Cell_Ctrl	74500164	B1_Mus2:Alu:SINE	70891	9226.04609149	176722	181909.21	183544	99.11
2Cell_Ctrl	74500164	B2_Mm1a:B2:SINE	18346	10141.9756015	170857	205732.76	211936	97.07
2Cell_Ctrl	74500164	B2_Mm1t:B2:SINE	23218	9149.46703037	168601	190871.65	198613	96.10
2Cell_Ctrl	74500164	L1Md_F2:L1:LINE	64898	2418.35055852	162298	187378.74	200942	93.25
2Cell_Ctrl	74500164	7SK:RNA:RNA	691	7333.5645572	152554	199175.61	199180	100.00
2Cell_Ctrl	74500164	MT2_Mm:ERVL:LTR	2667	4825.97662535	150284	328105.00	373834	87.77
2Cell_Ctrl	74500164	PB1D10:Alu:SINE	65054	7793.49982252	147128	148483.79	149213	99.51
2Cell_Ctrl	74500164	7SLRNA:srpRNA:srpRNA	437	47316.2993109	143821	1549567.03	1549571	100.00
2Cell_Ctrl	74500164	B1_Mur4:Alu:SINE	41031	5878.73059083	123137	124774.37	125739	99.23
2Cell_Ctrl	74500164	B1_Mur1:Alu:SINE	38058	6031.58481414	121791	126407.13	127158	99.41
2Cell_Ctrl	74500164	B4:B4:SINE	64020	4963.18425531	112532	113772.62	114560	99.31
2Cell_Ctrl	74500164	B1_Mur2:Alu:SINE	31869	5107.21546249	105890	107096.08	107675	99.46
2Cell_Ctrl	74500164	B1F:Alu:SINE	45170	5287.12222647	104426	105541.42	106102	99.47
2Cell_Ctrl	74500164	MTD:ERVL-MaLR:LTR	51544	3761.82106607	102540	105248.60	106204	99.10
2Cell_Ctrl	74500164	PB1D9:Alu:SINE	28939	4913.40432641	98582	99779.17	100298	99.48
2Cell_Ctrl	74500164	L1_Mus3:L1:LINE	48489	1814.12678825	96674	111972.86	115707	96.77
2Cell_Ctrl	74500164	MERVL_2A-int:ERVL:LTR	3899	599.814686616	92122	121306.96	382974	31.67
2Cell_Ctrl	74500164	Lx8:L1:LINE	49141	2944.05367646	91133	94513.90	95223	99.26
2Cell_Ctrl	74500164	L1Md_T:L1:LINE	23688	932.555373113	88500	150584.33	194250	77.52
2Cell_Ctrl	74500164	B1_Mm:Alu:SINE	42910	4692.38177748	87955	90824.16	91710	99.03
2Cell_Ctrl	74500164	B1_Mur3:Alu:SINE	24632	4066.70382278	83837	85040.63	85502	99.46
2Cell_Ctrl	74500164	ORR1A2-int:ERVL-MaLR:LTR	2132	756.561378993	76889	80101.72	85205	94.01
2Cell_Ctrl	74500164	Lx9:L1:LINE	49160	2279.41475102	73624	75697.57	76305	99.20
2Cell_Ctrl	74500164	L1_Mus1:L1:LINE	27252	1256.10597857	72664	82646.79	85521	96.64
2Cell_Ctrl	74500164	Lx7:L1:LINE	40190	1890.44417218	69229	74062.66	74896	98.89
2Cell_Ctrl	74500164	PB1D7:Alu:SINE	24346	3383.64118009	64269	65638.54	65979	99.48
2Cell_Ctrl	74500164	MTC:ERVL-MaLR:LTR	27489	2123.30152718	62499	63897.86	64595	98.92
2Cell_Ctrl	74500164	L1Md_A:L1:LINE	16844	719.620876661	61922	116185.39	132371	87.77
2Cell_Ctrl	74500164	ORR1A0:ERVL-MaLR:LTR	2133	1460.51321984	58078	70066.13	75608	92.67
2Cell_Ctrl	74500164	B1F1:Alu:SINE	19678	2764.34914722	57102	57480.74	57726	99.58
2Cell_Ctrl	74500164	ORR1D1:ERVL-MaLR:LTR	21507	1829.54828493	54144	55102.41	55585	99.13
2Cell_Ctrl	74500164	IAPEz-int:ERVK:LTR	7319	910.408262015	54066	124257.27	126572	98.17
2Cell_Ctrl	74500164	MIRb:MIR:SINE	42160	2904.29974125	53891	54382.65	54620	99.57
2Cell_Ctrl	74500164	L1_Mur3:L1:LINE	27399	1382.34494797	53702	57316.39	58057	98.72
2Cell_Ctrl	74500164	MT2B1:ERVL:LTR	7248	1147.8961984	50358	51291.77	51628	99.35
2Cell_Ctrl	74500164	Lx:L1:LINE	24834	999.388081419	50120	55499.24	56852	97.62
2Cell_Ctrl	74500164	L2a:L2:LINE	24277	2107.60632263	49708	50711.94	50905	99.62
2Cell_Ctrl	74500164	ORR1A2:ERVL-MaLR:LTR	14843	1624.66859784	49291	50894.99	51630	98.58
2Cell_Ctrl	74500164	MIR:MIR:SINE	38978	2669.7229591	49269	49815.05	50072	99.49
2Cell_Ctrl	74500164	B1F2:Alu:SINE	16513	2358.44540875	48309	48966.91	49304	99.32
2Cell_Ctrl	74500164	L1_Mus2:L1:LINE	21079	814.332048526	47475	51358.01	53165	96.60
2Cell_Ctrl	74500164	L2:L2:LINE	17614	1758.46786627	44882	45368.85	45580	99.54
2Cell_Ctrl	74500164	Lx8b:L1:LINE	24166	1169.09913155	42290	45037.27	45384	99.24
2Cell_Ctrl	74500164	MT2B:ERVL:LTR	13977	1687.12260232	41407	42576.03	43236	98.47
2Cell_Ctrl	74500164	ORR1A3-int:ERVL-MaLR:LTR	2435	1155.1359738	40277	63809.98	83663	76.27
2Cell_Ctrl	74500164	ORR1B1:ERVL-MaLR:LTR	17313	1342.53444891	39733	40995.88	41426	98.96
2Cell_Ctrl	74500164	ORR1A1:ERVL-MaLR:LTR	4414	996.419322863	38980	42380.22	45640	92.86
2Cell_Ctrl	74500164	ORR1F:ERVL-MaLR:LTR	23086	1621.43495936	38721	40130.12	40496	99.10
2Cell_Ctrl	74500164	L1_Mur2:L1:LINE	20769	893.979312357	38333	43190.61	44281	97.54
2Cell_Ctrl	74500164	URR1A:hAT-Charlie:DNA	17621	1691.70339213	36249	37149.78	37371	99.41
2Cell_Ctrl	74500164	RMER19B:ERVK:LTR	5640	737.988151058	35124	36580.53	36959	98.98
2Cell_Ctrl	74500164	MTC-int:ERVL-MaLR:LTR	3520	919.386298362	34681	35377.75	38610	91.63
2Cell_Ctrl	74500164	PB1D11:Alu:SINE	18484	1824.8459381	34433	34885.90	35060	99.50
2Cell_Ctrl	74500164	URR1B:hAT-Charlie:DNA	16889	1548.60950155	33780	34581.48	34796	99.38
2Cell_Ctrl	74500164	RMER6A:ERVK:LTR	3983	740.892203366	33235	34301.06	34518	99.37
2Cell_Ctrl	74500164	Lx5:L1:LINE	16339	789.524164775	33099	36842.16	37451	98.37
2Cell_Ctrl	74500164	ORR1E:ERVL-MaLR:LTR	22742	1356.11634832	33090	33655.03	34051	98.84
2Cell_Ctrl	74500164	Lx6:L1:LINE	18164	797.711667068	33072	35328.73	35895	98.42
2Cell_Ctrl	74500164	MTEa:ERVL-MaLR:LTR	20061	1313.28868483	31611	32461.14	32807	98.95
2Cell_Ctrl	74500164	PB1:Alu:SINE	11784	1636.67424434	31297	31764.55	31926	99.49
2Cell_Ctrl	74500164	Lx5c:L1:LINE	16422	825.709662487	31216	33097.94	33629	98.42
2Cell_Ctrl	74500164	L1M2:L1:LINE	18488	1005.33092001	31058	31798.52	32083	99.11
2Cell_Ctrl	74500164	L1M4:L1:LINE	13935	1079.2276239	29617	30104.12	30315	99.30
2Cell_Ctrl	74500164	MTE2a:ERVL-MaLR:LTR	15148	1156.39209404	29455	31409.72	31706	99.07
2Cell_Ctrl	74500164	ORR1D2:ERVL-MaLR:LTR	15061	1080.51232377	28555	29148.42	29426	99.06
2Cell_Ctrl	74500164	Lx3_Mus:L1:LINE	12651	595.403056411	28369	29719.04	30027	98.97
2Cell_Ctrl	74500164	MMERVK10C-int:ERVK:LTR	3230	457.271890397	27494	52131.58	52836	98.67
2Cell_Ctrl	74500164	RMER15:ERVL:LTR	18077	1128.27294671	27334	29359.19	29581	99.25
2Cell_Ctrl	74500164	L1M5:L1:LINE	16596	1142.63481941	26767	27111.46	27265	99.44
2Cell_Ctrl	74500164	L1Md_F3:L1:LINE	16146	465.34278228	26106	31915.14	35911	88.87
2Cell_Ctrl	74500164	ID4:ID:SINE	23970	1542.66962287	25459	25819.03	25963	99.45
2Cell_Ctrl	74500164	MIRc:MIR:SINE	23213	1407.51106245	25232	25375.27	25483	99.58
2Cell_Ctrl	74500164	ORR1C2:ERVL-MaLR:LTR	12473	889.522183385	24982	25372.41	25615	99.05
2Cell_Ctrl	74500164	ID4_:ID:SINE	26384	1414.86494948	24773	24991.00	25097	99.58
2Cell_Ctrl	74500164	Lx2:L1:LINE	18521	597.857180071	24710	26178.57	26625	98.32
2Cell_Ctrl	74500164	L1VL2:L1:LINE	4697	309.401353441	24690	26389.17	26555	99.38
2Cell_Ctrl	74500164	L1VL4:L1:LINE	6091	351.117278695	24592	26904.00	27501	97.83
2Cell_Ctrl	74500164	Lx3A:L1:LINE	9223	372.20118649	23457	28855.89	29093	99.18
2Cell_Ctrl	74500164	MTE2b:ERVL-MaLR:LTR	14367	921.247808919	23409	23866.42	24109	98.99
2Cell_Ctrl	74500164	RLTR17B_Mm:ERVK:LTR	27369	1083.02927079	23040	23323.30	23410	99.63
2Cell_Ctrl	74500164	ORR1A4:ERVL-MaLR:LTR	7791	771.835018042	22410	22803.90	23045	98.95
2Cell_Ctrl	74500164	RMER1B:Other:Other	7511	569.179170789	22132	22976.28	23171	99.16
2Cell_Ctrl	74500164	L1_Rod:L1:LINE	11315	611.488673613	21822	22320.20	22534	99.05
2Cell_Ctrl	74500164	L1_Mus4:L1:LINE	11880	436.969165653	21749	23071.86	23449	98.39
2Cell_Ctrl	74500164	MT2A:ERVL:LTR	10140	703.236536739	21568	21973.09	22194	99.00
2Cell_Ctrl	74500164	ORR1A4-int:ERVL-MaLR:LTR	1326	247.119702738	20948	21753.73	21907	99.30
2Cell_Ctrl	74500164	Lx4A:L1:LINE	10564	511.783853142	20435	21853.51	22512	97.07
2Cell_Ctrl	74500164	RLTR10-int:ERVK:LTR	2617	351.304841381	20250	30242.87	30846	98.04
2Cell_Ctrl	74500164	Lx2B2:L1:LINE	11012	482.258225405	20188	23638.18	24410	96.84
2Cell_Ctrl	74500164	MT2B2:ERVL:LTR	3655	652.105478985	20120	21805.60	22070	98.80
2Cell_Ctrl	74500164	L2b:L2:LINE	13720	976.889878529	19548	19698.99	19816	99.41
2Cell_Ctrl	74500164	L1MB7:L1:LINE	6956	655.962176138	18548	18939.02	19071	99.31
2Cell_Ctrl	74500164	L2c:L2:LINE	12298	882.495943189	18526	19168.20	19602	97.79
2Cell_Ctrl	74500164	MIR3:MIR:SINE	16085	1040.95834564	18512	18588.52	18637	99.74
2Cell_Ctrl	74500164	L1Md_F:L1:LINE	4016	199.867984651	18494	21792.89	25863	84.26
2Cell_Ctrl	74500164	ORR1C1:ERVL-MaLR:LTR	7423	664.234696258	18419	19094.45	19273	99.07
2Cell_Ctrl	74500164	MT-int:ERVL-MaLR:LTR	438	3461.90048258	18038	188820.33	560972	33.66
2Cell_Ctrl	74500164	MYSERV6-int:ERVK:LTR	3183	341.755152918	18002	19348.04	19512	99.16
2Cell_Ctrl	74500164	ORR1B2:ERVL-MaLR:LTR	8528	642.257358282	17720	18218.43	18398	99.02
2Cell_Ctrl	74500164	RMER4B:ERVK:LTR	5158	488.887740622	16522	16983.61	17150	99.03
2Cell_Ctrl	74500164	MT2C_Mm:ERVL:LTR	1982	465.731075071	16412	18494.23	19120	96.73
2Cell_Ctrl	74500164	MTEb:ERVL-MaLR:LTR	10811	684.479206576	16345	16591.27	16738	99.12
2Cell_Ctrl	74500164	Lx5b:L1:LINE	7975	359.654993581	16212	17726.16	17970	98.64
2Cell_Ctrl	74500164	RLTR6-int:ERV1:LTR	1220	140.637167929	16077	29422.41	30808	95.50
2Cell_Ctrl	74500164	MTB:ERVL-MaLR:LTR	6419	513.806169018	15350	16217.76	16680	97.23
2Cell_Ctrl	74500164	L1MB8:L1:LINE	6000	518.742724038	15043	15264.25	15398	99.13
2Cell_Ctrl	74500164	RMER10A:ERVL:LTR	4464	526.84451611	14970	15763.66	15935	98.92
2Cell_Ctrl	74500164	MMERGLN-int:ERV1:LTR	856	104.149483349	14819	23262.84	23960	97.09
2Cell_Ctrl	74500164	MER2:TcMar-Tigger:DNA	10246	675.798213224	14670	14900.67	14990	99.40
2Cell_Ctrl	74500164	MMVL30-int:ERV1:LTR	956	193.752540483	14632	24402.49	25718	94.88
2Cell_Ctrl	74500164	L1MA6:L1:LINE	6985	433.569908197	14364	14575.01	14684	99.26
2Cell_Ctrl	74500164	L1MC4:L1:LINE	5589	554.563466202	14359	14623.22	14707	99.43
2Cell_Ctrl	74500164	ORR1B1-int:ERVL-MaLR:LTR	2965	256.711278132	14096	14779.92	16063	92.01
2Cell_Ctrl	74500164	RCHARR1:hAT-Charlie:DNA	6811	458.677875118	14096	14333.06	14442	99.25
2Cell_Ctrl	74500164	Lx3B:L1:LINE	5993	271.297435159	13885	16257.47	16562	98.16
2Cell_Ctrl	74500164	RMER5:ERV1:LTR	7418	522.869850038	13873	14375.88	14938	96.24
2Cell_Ctrl	74500164	MTE-int:ERVL-MaLR:LTR	4958	371.705760699	13775	14061.98	14203	99.01
2Cell_Ctrl	74500164	L1_Mur1:L1:LINE	7793	287.852047923	13701	14589.49	15123	96.47
2Cell_Ctrl	74500164	ORR1D1-int:ERVL-MaLR:LTR	1715	229.336417539	13520	13858.59	17340	79.92
2Cell_Ctrl	74500164	RMER1C:Other:Other	6347	439.074868637	13463	13713.68	13800	99.37
2Cell_Ctrl	74500164	MLTR14:ERV1:LTR	6798	533.053114567	13214	13589.27	13695	99.23
2Cell_Ctrl	74500164	RLTR45-int:ERVK:LTR	1317	197.442960378	13026	16782.53	16979	98.84
2Cell_Ctrl	74500164	L1MB3:L1:LINE	5343	477.031520374	12721	12842.30	12930	99.32
2Cell_Ctrl	74500164	L1MA4:L1:LINE	7467	448.604727019	12699	12895.16	12975	99.38
2Cell_Ctrl	74500164	MLT1D:ERVL-MaLR:LTR	8368	540.29744322	12673	12927.67	13005	99.41
2Cell_Ctrl	74500164	L1M3:L1:LINE	7043	446.177639835	12512	12663.33	12747	99.34
2Cell_Ctrl	74500164	L3:CR1:LINE	9732	657.399604741	12318	13013.49	13068	99.58
2Cell_Ctrl	74500164	MLT1A0:ERVL-MaLR:LTR	10413	559.716275198	12164	12367.07	12465	99.21
2Cell_Ctrl	74500164	RMER17C:ERVK:LTR	6479	479.031478397	12069	12662.34	12809	98.86
2Cell_Ctrl	74500164	Lx10:L1:LINE	10010	427.118589576	12026	12425.10	12524	99.21
2Cell_Ctrl	74500164	MLT1B:ERVL-MaLR:LTR	9316	531.982380012	11932	12067.27	12177	99.10
2Cell_Ctrl	74500164	RMER6C:ERVK:LTR	4887	348.612758873	11864	12925.22	13101	98.66
2Cell_Ctrl	74500164	ORR1A3:ERVL-MaLR:LTR	4381	417.904170063	11504	12368.80	12531	98.71
2Cell_Ctrl	74500164	MMETn-int:ERVK:LTR	980	99.9396472621	11499	17539.10	19177	91.46
2Cell_Ctrl	74500164	Lx2B:L1:LINE	6191	266.568226236	11413	13109.96	13358	98.14
2Cell_Ctrl	74500164	RMER1A:Other:Other	3854	285.192644622	11236	12529.45	12654	99.02
2Cell_Ctrl	74500164	RLTR1B-int:ERV1:LTR	798	130.375417986	11126	13254.33	13455	98.51
2Cell_Ctrl	74500164	L1MC1:L1:LINE	5571	371.69857654	10986	11161.68	11245	99.26
2Cell_Ctrl	74500164	MusHAL1:L1:LINE	3890	237.687986278	10984	16099.58	16262	99.00
2Cell_Ctrl	74500164	Lx3C:L1:LINE	6475	309.28632161	10982	12717.88	12884	98.71
2Cell_Ctrl	74500164	L1_Mm:L1:LINE	5429	236.589681387	10913	15735.69	22566	69.73
2Cell_Ctrl	74500164	Tigger7:TcMar-Tigger:DNA	5206	408.959554483	10876	11007.39	11093	99.23
2Cell_Ctrl	74500164	MER20:hAT-Charlie:DNA	5994	537.643619463	10743	10840.73	10928	99.20
2Cell_Ctrl	74500164	MER5A:hAT-Charlie:DNA	8982	558.21769996	10483	10709.81	10739	99.73
2Cell_Ctrl	74500164	MTB_Mm:ERVL-MaLR:LTR	4963	353.146955932	10475	10686.07	10814	98.82
2Cell_Ctrl	74500164	HAL1:L1:LINE	3550	371.237307041	10221	10317.75	10360	99.59
2Cell_Ctrl	74500164	L1ME1:L1:LINE	5261	367.066202339	10215	10347.53	10434	99.17
2Cell_Ctrl	74500164	L1MD:L1:LINE	6361	388.809327391	10179	10373.28	10490	98.89
2Cell_Ctrl	74500164	RLTR19-int:ERVK:LTR	2407	253.309959016	10100	11553.88	11617	99.46
2Cell_Ctrl	74500164	Lx4B:L1:LINE	5680	248.994627024	10020	10538.57	10879	96.87
2Cell_Ctrl	74500164	MLT1C:ERVL-MaLR:LTR	7791	449.177317428	9928	9999.76	10042	99.58
2Cell_Ctrl	74500164	RMER4A:ERVK:LTR	3287	299.372846449	9908	10201.51	10251	99.52
2Cell_Ctrl	74500164	MTD-int:ERVL-MaLR:LTR	2521	208.836602184	9587	9949.95	10055	98.96
2Cell_Ctrl	74500164	RMER19A:ERVK:LTR	2095	245.980213164	9548	9865.88	9959	99.06
2Cell_Ctrl	74500164	MMERVK9E_I-int:ERVK:LTR	1568	133.801556129	9508	10541.14	10659	98.89
2Cell_Ctrl	74500164	RMER19C:ERVK:LTR	2729	246.155817605	9232	9723.27	9809	99.13
2Cell_Ctrl	74500164	L1MEc:L1:LINE	5378	346.574445769	9208	9309.39	9406	98.97
2Cell_Ctrl	74500164	BC1_Mm:scRNA:scRNA	6758	516.235073959	9181	9270.87	9306	99.62
2Cell_Ctrl	74500164	MMERVK9C_I-int:ERVK:LTR	1807	184.255924827	9171	10710.76	10914	98.14
2Cell_Ctrl	74500164	MLT1A1:ERVL-MaLR:LTR	9015	442.180656775	9058	9135.42	9193	99.37
2Cell_Ctrl	74500164	RLTR10:ERVK:LTR	2930	398.651071655	8933	14026.31	14352	97.73
2Cell_Ctrl	74500164	MuRRS4-int:ERV1:LTR	2735	163.653569674	8919	11762.75	12159	96.74
2Cell_Ctrl	74500164	L1MB5:L1:LINE	3766	320.626671956	8843	8992.32	9037	99.51
2Cell_Ctrl	74500164	RLTR25B:ERVK:LTR	3674	311.700855203	8830	9043.10	9139	98.95
2Cell_Ctrl	74500164	RLTR11A:ERVK:LTR	2655	266.975510804	8806	9105.44	9169	99.31
2Cell_Ctrl	74500164	MYSERV16_I-int:ERVK:LTR	2516	176.63665589	8582	8923.08	9048	98.62
2Cell_Ctrl	74500164	L1MC:L1:LINE	5426	339.654775773	8562	8681.04	8751	99.20
2Cell_Ctrl	74500164	RLTR11A2:ERVK:LTR	2676	256.793577408	8522	8726.07	8796	99.20
2Cell_Ctrl	74500164	RMER17B:ERVK:LTR	2898	221.795989795	8493	9257.42	9338	99.14
2Cell_Ctrl	74500164	MuRRS-int:ERV1:LTR	996	62.1245358171	8470	10627.26	10623	100.04
2Cell_Ctrl	74500164	BGLII:ERVK:LTR	2269	296.832152582	8405	9020.54	9302	96.97
2Cell_Ctrl	74500164	RMER16-int:ERVK:LTR	2599	155.817686436	8378	9147.37	9384	97.48
2Cell_Ctrl	74500164	RLTR21:ERVK:LTR	3816	176.739384183	8335	8622.42	8668	99.47
2Cell_Ctrl	74500164	RMER10B:ERVL:LTR	3002	320.347671861	8296	8708.96	8798	98.99
2Cell_Ctrl	74500164	RodERV21-int:ERV1:LTR	1856	193.718593958	8288	8675.30	8742	99.24
2Cell_Ctrl	74500164	Charlie1a:hAT-Charlie:DNA	2660	283.944142648	8281	8404.24	8448	99.48
2Cell_Ctrl	74500164	MLTR11A:ERVK:LTR	2124	357.457062037	8260	9182.80	9214	99.66
2Cell_Ctrl	74500164	L1MA5A:L1:LINE	1231	176.332423684	8198	8300.29	8337	99.56
2Cell_Ctrl	74500164	RMER15-int:ERVL:LTR	3100	232.84206449	8188	8398.14	8476	99.08
2Cell_Ctrl	74500164	L1MC3:L1:LINE	5288	302.249912138	7958	8082.61	8135	99.36
2Cell_Ctrl	74500164	RLTR28:ERVL:LTR	1949	281.961967153	7948	8031.49	8087	99.31
2Cell_Ctrl	74500164	L1MC5:L1:LINE	3476	322.115175901	7922	7990.39	8049	99.27
2Cell_Ctrl	74500164	L1VL1:L1:LINE	1797	95.2496542152	7625	9353.09	9836	95.09
2Cell_Ctrl	74500164	MurERV4-int:ERVK:LTR	1525	154.022701264	7596	8187.69	8241	99.35
2Cell_Ctrl	74500164	ORR1G:ERVL-MaLR:LTR	4680	324.654318286	7499	7616.67	7767	98.06
2Cell_Ctrl	74500164	RLTR4_MM-int:ERV1:LTR	432	111.083424547	7406	20898.11	21728	96.18
2Cell_Ctrl	74500164	RLTR14:ERV1:LTR	2341	324.007391363	7394	8323.13	8384	99.27
2Cell_Ctrl	74500164	MLTR11B:ERVK:LTR	2985	281.047054873	7379	7468.00	7543	99.01
2Cell_Ctrl	74500164	RMER19B2:ERVK:LTR	2296	180.016509882	7344	7519.36	7614	98.76
2Cell_Ctrl	74500164	L1M4b:L1:LINE	2190	212.016624999	7141	7242.34	7278	99.51
2Cell_Ctrl	74500164	RLTR15:ERVK:LTR	2437	234.813781771	7015	7086.64	7146	99.17
2Cell_Ctrl	74500164	IAP1-MM_I-int:ERVK:LTR	479	145.865112722	6924	7084.54	7149	99.10
2Cell_Ctrl	74500164	RMER12:ERVK:LTR	3319	220.81118847	6908	7016.60	7058	99.41
2Cell_Ctrl	74500164	L1MEd:L1:LINE	3245	337.421979337	6883	7707.76	7740	99.58
2Cell_Ctrl	74500164	L1MC4a:L1:LINE	3077	260.797513185	6882	6944.40	6981	99.48
2Cell_Ctrl	74500164	RMER3D-int:ERVK:LTR	2711	149.635224208	6765	7231.72	7322	98.77
2Cell_Ctrl	74500164	L1MB2:L1:LINE	2927	252.364471716	6737	6832.64	6869	99.47
2Cell_Ctrl	74500164	L1MA5:L1:LINE	4952	259.745126724	6729	6810.25	6878	99.01
2Cell_Ctrl	74500164	RLTR31D_MM:ERVK:LTR	8270	283.474108153	6688	6776.83	6845	99.00
2Cell_Ctrl	74500164	RMER2:ERV1:LTR	2358	206.597958992	6616	7299.41	7376	98.96
2Cell_Ctrl	74500164	L1MEf:L1:LINE	3127	224.721457898	6598	6704.36	6771	99.02
2Cell_Ctrl	74500164	L1MA8:L1:LINE	3882	237.495463662	6591	6747.97	6790	99.38
2Cell_Ctrl	74500164	RLTR22_Mur:ERVK:LTR	2503	154.289976693	6552	6863.38	6909	99.34
2Cell_Ctrl	74500164	IAPLTR2a2_Mm:ERVK:LTR	1541	199.048757712	6473	7575.22	7870	96.25
2Cell_Ctrl	74500164	RMER6B:ERVK:LTR	1360	181.352580405	6334	6469.36	6538	98.95
2Cell_Ctrl	74500164	IAPEY3-int:ERVK:LTR	2345	90.9435689716	6210	8364.58	8673	96.44
2Cell_Ctrl	74500164	RMER17A2:ERVK:LTR	2598	136.757854442	6084	6215.75	6305	98.58
2Cell_Ctrl	74500164	RLTR17:ERVK:LTR	1758	161.057448562	6058	6222.84	6280	99.09
2Cell_Ctrl	74500164	MuLV-int:ERV1:LTR	392	52.92922205	6047	7508.33	9146	82.09
2Cell_Ctrl	74500164	L1MD2:L1:LINE	3227	226.335268656	6038	6244.51	6274	99.53
2Cell_Ctrl	74500164	MLT1A:ERVL-MaLR:LTR	4950	279.809107889	6024	6095.49	6117	99.65
2Cell_Ctrl	74500164	RLTR40:ERVK:LTR	2651	223.440770405	6023	8192.76	8225	99.61
2Cell_Ctrl	74500164	MER21B:ERVL:LTR	1618	201.241029189	6000	6097.90	6128	99.51
2Cell_Ctrl	74500164	L1MB4:L1:LINE	2690	215.178284453	5975	6070.87	6122	99.16
2Cell_Ctrl	74500164	MLT1J:ERVL-MaLR:LTR	2943	257.924293653	5971	6023.74	6049	99.58
2Cell_Ctrl	74500164	ETnERV-int:ERVK:LTR	906	75.903737524	5962	8549.93	9762	87.58
2Cell_Ctrl	74500164	MERV1_I-int:ERV1:LTR	1365	159.447333937	5960	6496.02	6551	99.16
2Cell_Ctrl	74500164	FordPrefect:hAT-Tip100:DNA	291	223.682169477	5948	5952.27	5956	99.94
2Cell_Ctrl	74500164	MTB-int:ERVL-MaLR:LTR	592	102.00418405	5915	6760.66	68712	9.84
2Cell_Ctrl	74500164	MER58A:hAT-Charlie:DNA	3714	284.012630088	5817	5867.34	5892	99.58
2Cell_Ctrl	74500164	MER89:ERV1:LTR	614	214.793677188	5783	8116.83	8120	99.96
2Cell_Ctrl	74500164	L1MA9:L1:LINE	4587	213.231410507	5772	5864.59	5917	99.11
2Cell_Ctrl	74500164	L1MEg:L1:LINE	3797	237.559669883	5754	5781.16	5811	99.49
2Cell_Ctrl	74500164	MLTR25A:ERVK:LTR	2168	143.991576665	5685	6233.72	6291	99.09
2Cell_Ctrl	74500164	ERVL-B4-int:ERVL:LTR	1384	90.9120219332	5684	8812.67	25450	34.63
2Cell_Ctrl	74500164	L1MCa:L1:LINE	3565	207.198764313	5622	6009.04	6148	97.74
2Cell_Ctrl	74500164	RMER17C-int:ERVK:LTR	1940	151.802982833	5603	7527.44	7598	99.07
2Cell_Ctrl	74500164	ETnERV3-int:ERVK:LTR	560	80.0635227315	5596	13380.92	13075	102.34
2Cell_Ctrl	74500164	ID:ID:SINE	8022	319.474293985	5589	5638.09	5658	99.65
2Cell_Ctrl	74500164	RLTR10C:ERVK:LTR	1779	216.676815982	5586	8479.28	8687	97.61
2Cell_Ctrl	74500164	ORR1D2-int:ERVL-MaLR:LTR	1361	141.194698103	5570	6844.18	9435	72.54
2Cell_Ctrl	74500164	L1MDa:L1:LINE	3451	200.662908702	5561	5778.46	5882	98.24
2Cell_Ctrl	74500164	MER21C:ERVL:LTR	2261	209.605539925	5519	5584.42	5624	99.30
2Cell_Ctrl	74500164	RLTR20A4:ERVK:LTR	11527	310.597192478	5503	5543.73	5565	99.62
2Cell_Ctrl	74500164	RMER6D:ERVK:LTR	2411	156.169404479	5463	5937.87	6048	98.18
2Cell_Ctrl	74500164	ID2:ID:SINE	5671	303.433068707	5373	5654.58	5676	99.62
2Cell_Ctrl	74500164	RLTR33:ERVK:LTR	1336	124.566340079	5363	5557.37	5615	98.97
2Cell_Ctrl	74500164	MER58B:hAT-Charlie:DNA	2843	248.488644404	5301	5329.30	5358	99.46
2Cell_Ctrl	74500164	RMER13B:ERVK:LTR	2134	139.430115485	5296	5973.25	6012	99.36
2Cell_Ctrl	74500164	RLTR11B:ERVK:LTR	1049	150.039006152	5269	5355.40	5401	99.16
2Cell_Ctrl	74500164	ORR1C2-int:ERVL-MaLR:LTR	914	83.5540188479	5225	5361.28	7664	69.95
2Cell_Ctrl	74500164	L1MA4A:L1:LINE	2709	174.384226223	5222	5293.75	5327	99.38
2Cell_Ctrl	74500164	MER33:hAT-Charlie:DNA	2719	222.755671377	5217	5272.24	5287	99.72
2Cell_Ctrl	74500164	MER5B:hAT-Charlie:DNA	5140	294.117338466	5192	5321.66	5338	99.69
2Cell_Ctrl	74500164	RLTR42-int:ERVK:LTR	2473	176.639368502	5187	5256.57	5278	99.59
2Cell_Ctrl	74500164	MTEa-int:ERVL-MaLR:LTR	1368	109.763854718	5182	5741.05	5839	98.32
2Cell_Ctrl	74500164	Charlie2b:hAT-Charlie:DNA	884	107.053264485	4960	5054.35	5081	99.48
2Cell_Ctrl	74500164	ETnERV2-int:ERVK:LTR	1805	85.4569613788	4914	5766.98	6091	94.68
2Cell_Ctrl	74500164	L1MC5a:L1:LINE	2588	207.271959926	4760	4799.03	4831	99.34
2Cell_Ctrl	74500164	ORR1B2-int:ERVL-MaLR:LTR	857	90.8586295176	4755	4903.95	6864	71.44
2Cell_Ctrl	74500164	RLTR16:ERVK:LTR	1350	132.416432649	4729	4783.58	4823	99.18
2Cell_Ctrl	74500164	RLTR25A:ERVK:LTR	1781	140.284557779	4663	5690.89	5952	95.61
2Cell_Ctrl	74500164	MER3:hAT-Charlie:DNA	2967	247.785014621	4655	4677.96	4704	99.45
2Cell_Ctrl	74500164	MLT1K:ERVL-MaLR:LTR	2759	205.253558774	4633	4789.43	4818	99.41
2Cell_Ctrl	74500164	L1M4c:L1:LINE	2049	137.570802979	4613	4666.42	4681	99.69
2Cell_Ctrl	74500164	RLTR31B2:ERVK:LTR	1192	149.731371304	4585	4659.36	4710	98.92
2Cell_Ctrl	74500164	RLTR14-int:ERV1:LTR	1816	129.862714283	4494	4824.52	4871	99.05
2Cell_Ctrl	74500164	LTRIS_Mus:ERV1:LTR	919	117.034877406	4436	5088.26	5210	97.66
2Cell_Ctrl	74500164	RMER17A:ERVK:LTR	1819	119.221722881	4284	4444.81	4489	99.02
2Cell_Ctrl	74500164	ERVB4_2-I_MM-int:ERVK:LTR	313	40.938407628	4201	4604.82	4712	97.73
2Cell_Ctrl	74500164	L1MA7:L1:LINE	3250	153.987843809	4085	4172.59	4197	99.42
2Cell_Ctrl	74500164	RMER20B:ERVK:LTR	1949	123.167385221	4033	4112.03	4150	99.09
2Cell_Ctrl	74500164	MER5A1:hAT-Charlie:DNA	3905	227.125837958	4024	4151.63	4164	99.70
2Cell_Ctrl	74500164	RLTRETN_Mm:ERVK:LTR	1355	144.595560639	4003	4834.61	5059	95.56
2Cell_Ctrl	74500164	L1ME2:L1:LINE	2633	159.823758702	3947	3989.83	4023	99.18
2Cell_Ctrl	74500164	RLTR45:ERVK:LTR	1557	122.985711224	3906	4757.06	5000	95.14
2Cell_Ctrl	74500164	MYSERV-int:ERVK:LTR	1435	94.1161773199	3850	3983.39	4023	99.02
2Cell_Ctrl	74500164	MLT1F1:ERVL-MaLR:LTR	1608	158.639595373	3842	3883.46	3917	99.14
2Cell_Ctrl	74500164	RLTR1B:ERV1:LTR	893	112.028098375	3839	4359.63	4511	96.64
2Cell_Ctrl	74500164	RMER17C2:ERVK:LTR	3413	173.594730592	3838	3919.16	3961	98.94
2Cell_Ctrl	74500164	RLTR19:ERVK:LTR	944	142.661597172	3806	5478.18	5728	95.64
2Cell_Ctrl	74500164	RLTR12B:ERVK:LTR	909	97.2010672064	3790	3952.66	3980	99.31
2Cell_Ctrl	74500164	MLT1F2:ERVL-MaLR:LTR	2297	151.622206399	3770	3809.81	3844	99.11
2Cell_Ctrl	74500164	MurERV4_19-int:ERVK:LTR	969	71.9147679852	3770	3943.30	4010	98.34
2Cell_Ctrl	74500164	L1MC2:L1:LINE	2252	132.77709616	3765	3908.12	3942	99.14
2Cell_Ctrl	74500164	RMER12C:ERVK:LTR	4954	156.259930729	3763	3868.25	3944	98.08
2Cell_Ctrl	74500164	RMER13A2:ERVK:LTR	1473	99.6411130542	3748	3846.17	3893	98.80
2Cell_Ctrl	74500164	ORR1C1-int:ERVL-MaLR:LTR	783	65.0156589129	3746	3894.51	4213	92.44
2Cell_Ctrl	74500164	L1MD1:L1:LINE	2268	137.709493033	3708	3747.69	3771	99.38
2Cell_Ctrl	74500164	L1MB1:L1:LINE	2524	145.023400455	3701	3829.03	3887	98.51
2Cell_Ctrl	74500164	RMER30:hAT-Charlie:DNA	3588	194.75638979	3674	3736.15	3751	99.60
2Cell_Ctrl	74500164	ERVB4_1B-I_MM-int:ERVK:LTR	1368	72.9619482515	3668	4316.74	4420	97.66
2Cell_Ctrl	74500164	RMER6BA:ERVK:LTR	957	114.579684874	3580	3917.09	3977	98.49
2Cell_Ctrl	74500164	RLTR9E:ERVK:LTR	1318	112.97676674	3542	3944.73	4057	97.23
2Cell_Ctrl	74500164	IAPLTR2_Mm:ERVK:LTR	1388	133.048035945	3536	4782.69	5151	92.85
2Cell_Ctrl	74500164	Charlie1:hAT-Charlie:DNA	977	106.766409183	3529	3724.03	3738	99.63
2Cell_Ctrl	74500164	Tigger1:TcMar-Tigger:DNA	1025	107.883948339	3529	3615.12	3625	99.73
2Cell_Ctrl	74500164	RLTR17D_Mm:ERVK:LTR	1225	74.3887959086	3510	3567.64	3590	99.38
2Cell_Ctrl	74500164	L1MD3:L1:LINE	2480	148.20277356	3481	3511.46	3524	99.64
2Cell_Ctrl	74500164	MTB_Mm-int:ERVL-MaLR:LTR	379	51.7296091668	3468	3720.80	3750	99.22
2Cell_Ctrl	74500164	LTRIS2:ERV1:LTR	1423	107.300719932	3467	3787.55	3870	97.87
2Cell_Ctrl	74500164	RMER20C_Mm:ERVK:LTR	1595	115.598251614	3467	3836.15	3871	99.10
2Cell_Ctrl	74500164	RLTR12BD_Mm:ERVK:LTR	883	110.73508971	3428	3545.99	3582	98.99
2Cell_Ctrl	74500164	L1ME3A:L1:LINE	2086	144.534654078	3424	3456.13	3482	99.26
2Cell_Ctrl	74500164	RLTR6B_Mm:ERV1:LTR	646	109.26001957	3396	6320.80	7746	81.60
2Cell_Ctrl	74500164	L1ME4a:L1:LINE	1560	135.283365329	3389	3406.02	3420	99.59
2Cell_Ctrl	74500164	MLT1F:ERVL-MaLR:LTR	1561	137.963446359	3389	3446.96	3475	99.19
2Cell_Ctrl	74500164	L1ME4b:L1:LINE	1818	155.188694025	3383	3452.56	3509	98.39
2Cell_Ctrl	74500164	BGLII_B:ERVK:LTR	960	103.726823538	3359	3446.83	3485	98.90
2Cell_Ctrl	74500164	U1:snRNA:snRNA	329	1238.90346555	3348	17884.16	17884	100.00
2Cell_Ctrl	74500164	MLT1E2:ERVL-MaLR:LTR	1821	137.460209267	3305	3339.27	3364	99.26
2Cell_Ctrl	74500164	RLTR24:ERV1:LTR	1240	106.145562003	3299	3358.09	3380	99.35
2Cell_Ctrl	74500164	L1Md_Gf:L1:LINE	1080	49.8745012274	3292	6064.74	13078	46.37
2Cell_Ctrl	74500164	RLTR18B:ERVK:LTR	989	99.4951988447	3286	3358.13	3388	99.12
2Cell_Ctrl	74500164	ORR1E-int:ERVL-MaLR:LTR	1446	88.2649581275	3281	3527.17	6333	55.70
2Cell_Ctrl	74500164	RMER17D2:ERVK:LTR	1783	93.8440113749	3259	3408.67	3451	98.77
2Cell_Ctrl	74500164	MER44B:TcMar-Tigger:DNA	1493	122.445909924	3224	3274.80	3292	99.48
2Cell_Ctrl	74500164	RLTR20C2_MM:ERVK:LTR	3620	125.902859016	3213	3316.57	3361	98.68
2Cell_Ctrl	74500164	RMER21A:ERV1:LTR	622	80.081478776	3190	3284.99	3299	99.58
2Cell_Ctrl	74500164	IAPLTR1_Mm:ERVK:LTR	1492	164.562378301	3179	6727.25	7218	93.20
2Cell_Ctrl	74500164	MERVK26-int:ERVK:LTR	1001	68.4410255876	3111	3344.14	3429	97.53
2Cell_Ctrl	74500164	Lx2A1:L1:LINE	2739	88.3900695527	3092	3327.45	3474	95.78
2Cell_Ctrl	74500164	RLTR11C_MM:ERVK:LTR	858	88.9347455022	3085	3116.50	3138	99.31
2Cell_Ctrl	74500164	5S:rRNA:rRNA	1038	1265.12856564	3066	10036.93	10030	100.07
2Cell_Ctrl	74500164	RMER20A:ERVK:LTR	1559	99.0654642455	3049	3141.02	3160	99.40
2Cell_Ctrl	74500164	MLT1H:ERVL-MaLR:LTR	2322	129.166825908	3032	3087.75	3120	98.97
2Cell_Ctrl	74500164	RLTR13B1:ERVK:LTR	1029	62.7006643922	3023	3349.03	3421	97.90
2Cell_Ctrl	74500164	RLTR13B2:ERVK:LTR	314	78.3551849809	3001	6312.05	6364	99.18
2Cell_Ctrl	74500164	L1ME3:L1:LINE	1527	118.246143728	2951	2985.36	3015	99.02
2Cell_Ctrl	74500164	RLTR10A:ERVK:LTR	800	99.1680914343	2950	3102.40	3171	97.84
2Cell_Ctrl	74500164	RLTR51A_Mm:ERVK?:LTR	3523	145.18639493	2897	3090.37	3126	98.86
2Cell_Ctrl	74500164	RLTR13C2:ERVK:LTR	844	66.7418567984	2884	3010.38	3022	99.62
2Cell_Ctrl	74500164	MTE2b-int:ERVL-MaLR:LTR	729	59.6486673088	2883	2972.97	3003	99.00
2Cell_Ctrl	74500164	ERVB7_1-LTR_MM:ERVK:LTR	770	92.8498802472	2867	3376.97	3577	94.41
2Cell_Ctrl	74500164	MamGyp-int:Gypsy:LTR	28	40.722854653	2843	2905.00	2905	100.00
2Cell_Ctrl	74500164	U2:snRNA:snRNA	921	839.853173448	2836	16478.92	16392	100.53
2Cell_Ctrl	74500164	RMER13A1:ERVK:LTR	1082	74.4586770505	2829	2927.44	2965	98.73
2Cell_Ctrl	74500164	MMERVK10D3_I-int:ERVK:LTR	458	27.7863240311	2816	3046.38	3108	98.02
2Cell_Ctrl	74500164	RLTR23:ERV1:LTR	1524	100.616513213	2810	2869.59	2913	98.51
2Cell_Ctrl	74500164	RLTR20C1_MM:ERVK:LTR	5561	161.327419978	2743	3016.26	3042	99.15
2Cell_Ctrl	74500164	BGLII_B2:ERVK:LTR	359	96.3074343223	2742	3155.55	3314	95.22
2Cell_Ctrl	74500164	RLTR12D:ERVK:LTR	647	83.2647759423	2742	2828.22	2850	99.24
2Cell_Ctrl	74500164	RLTR13G:ERVK:LTR	877	81.2637026756	2727	3371.50	3555	94.84
2Cell_Ctrl	74500164	Tigger17a:TcMar-Tigger:DNA	908	88.6340144605	2693	2715.33	2728	99.54
2Cell_Ctrl	74500164	RLTR41:ERV1:LTR	1121	82.456969002	2671	2805.87	2874	97.63
2Cell_Ctrl	74500164	RMER12B:ERVK:LTR	1011	59.3226439936	2668	2764.79	2794	98.95
2Cell_Ctrl	74500164	RLTR12E:ERVK:LTR	615	68.5500381918	2651	2685.60	2709	99.14
2Cell_Ctrl	74500164	Tigger5:TcMar-Tigger:DNA	1975	115.985950702	2648	2671.69	2686	99.47
2Cell_Ctrl	74500164	L1ME2z:L1:LINE	1533	108.291019669	2644	2855.65	2867	99.60
2Cell_Ctrl	74500164	Tigger5b:TcMar-Tigger:DNA	2473	131.515029591	2638	2659.05	2670	99.59
2Cell_Ctrl	74500164	Tigger19a:TcMar-Tigger:DNA	771	142.974421907	2629	2637.39	2642	99.83
2Cell_Ctrl	74500164	RLTR13D5:ERVK:LTR	745	73.4204441947	2601	4283.22	4555	94.03
2Cell_Ctrl	74500164	Charlie8:hAT-Charlie:DNA	728	97.815586176	2599	2641.54	2648	99.76
2Cell_Ctrl	74500164	RLTR31C_MM:ERVK:LTR	726	79.7619676551	2592	2605.11	2613	99.70
2Cell_Ctrl	74500164	RMER17B2:ERVK:LTR	898	74.2643984371	2567	2962.05	3027	97.85
2Cell_Ctrl	74500164	RLTR9D:ERVK:LTR	803	74.4055362123	2564	2642.04	2682	98.51
2Cell_Ctrl	74500164	MER68:ERVL:LTR	637	81.3957973077	2549	2623.90	2641	99.35
2Cell_Ctrl	74500164	Cheshire:hAT-Charlie:DNA	1091	93.4431205298	2533	2562.20	2578	99.39
2Cell_Ctrl	74500164	RLTR13D3A1:ERVK:LTR	613	64.2995291524	2529	2752.39	2764	99.58
2Cell_Ctrl	74500164	RLTR12A:ERVK:LTR	829	69.7455086949	2519	2567.88	2586	99.30
2Cell_Ctrl	74500164	LTR16D:ERVL:LTR	185	60.9918256568	2508	2513.74	2520	99.75
2Cell_Ctrl	74500164	Charlie1b:hAT-Charlie:DNA	952	96.3790304976	2507	2654.54	2649	100.21
2Cell_Ctrl	74500164	RLTR22_Mus:ERVK:LTR	1191	59.9790913952	2506	2747.42	2765	99.36
2Cell_Ctrl	74500164	RLTR13E:ERVK:LTR	603	46.1008717988	2472	2650.66	2765	95.86
2Cell_Ctrl	74500164	IAPEY4_I-int:ERVK:LTR	521	38.7719901376	2457	6256.19	6621	94.49
2Cell_Ctrl	74500164	RLTR13C3:ERVK:LTR	538	41.9372304817	2439	3243.51	3265	99.34
2Cell_Ctrl	74500164	RMER21B:ERV1:LTR	1252	83.3992771975	2417	2465.60	2488	99.10
2Cell_Ctrl	74500164	RLTR20D:ERVK:LTR	777	75.1771304348	2386	2417.48	2435	99.28
2Cell_Ctrl	74500164	RMER16_Mm:ERVK:LTR	435	57.2942145388	2379	2422.21	2438	99.35
2Cell_Ctrl	74500164	L3b:CR1:LINE	2304	145.960840373	2363	2579.27	2585	99.78
2Cell_Ctrl	74500164	RLTR12C:ERVK:LTR	319	67.7644204194	2335	2459.60	2534	97.06
2Cell_Ctrl	74500164	BGLII_Mur:ERVK:LTR	611	63.086867728	2311	2403.10	2453	97.97
2Cell_Ctrl	74500164	MLT1G3:ERVL-MaLR:LTR	1075	90.8804719015	2273	2304.38	2320	99.33
2Cell_Ctrl	74500164	IAPLTR1a_Mm:ERVK:LTR	1786	112.957835017	2267	3764.09	4516	83.35
2Cell_Ctrl	74500164	MURVY-LTR:ERV1:LTR	1910	86.1353986748	2235	3175.21	3241	97.97
2Cell_Ctrl	74500164	MER31B:ERV1:LTR	558	66.681962015	2233	2233.65	2234	99.98
2Cell_Ctrl	74500164	IAP1-MM_LTR:ERVK:LTR	420	59.5942450378	2232	2564.58	2683	95.59
2Cell_Ctrl	74500164	Charlie5:hAT-Charlie:DNA	1547	99.4696861656	2227	2236.99	2240	99.87
2Cell_Ctrl	74500164	ERVB4_1C-LTR_Mm:ERVK:LTR	961	70.1519531644	2218	2590.89	2807	92.30
2Cell_Ctrl	74500164	RLTR34B_MM:ERVK:LTR	527	58.6056610714	2216	2230.64	2246	99.32
2Cell_Ctrl	74500164	RLTR27:ERVK:LTR	1621	70.4148671026	2204	2286.65	2319	98.61
2Cell_Ctrl	74500164	RLTR30D2_MM:ERV1:LTR	741	68.7564727323	2185	2226.56	2253	98.83
2Cell_Ctrl	74500164	U6:snRNA:snRNA	1353	135.758778674	2176	2371.55	2386	99.39
2Cell_Ctrl	74500164	RLTR48A:ERV1:LTR	635	67.3137521233	2173	2934.65	2954	99.35
2Cell_Ctrl	74500164	MMAR1:TcMar-Mariner:DNA	309	49.171243375	2154	2183.70	2190	99.71
2Cell_Ctrl	74500164	L1ME3Cz:L1:LINE	1051	86.2027208073	2151	2174.97	2201	98.82
2Cell_Ctrl	74500164	RMER17D:ERVK:LTR	1166	72.315548326	2151	2311.27	2324	99.45
2Cell_Ctrl	74500164	RLTR13D6:ERVK:LTR	805	50.7595465496	2149	2215.74	2230	99.36
2Cell_Ctrl	74500164	RMER16:ERVK:LTR	471	57.1773645691	2135	2170.51	2194	98.93
2Cell_Ctrl	74500164	MLT1L:ERVL-MaLR:LTR	1535	96.6535805344	2130	2188.34	2228	98.22
2Cell_Ctrl	74500164	RLTR44-int:ERVK:LTR	653	38.4320975127	2127	2206.63	2227	99.09
2Cell_Ctrl	74500164	RMER16C:ERVK:LTR	190	35.7225068126	2124	2143.77	2153	99.57
2Cell_Ctrl	74500164	RLTR18:ERVK:LTR	610	60.7054451226	2123	2202.59	2216	99.40
2Cell_Ctrl	74500164	RMER13A:ERVK:LTR	1010	65.8395977489	2118	2287.56	2323	98.47
2Cell_Ctrl	74500164	IAPLTR2b:ERVK:LTR	1017	77.5849210643	2114	2302.76	2468	93.30
2Cell_Ctrl	74500164	RLTR14_RN:ERV1:LTR	1148	78.0344182644	2096	2155.44	2181	98.83
2Cell_Ctrl	74500164	MURVY-int:ERV1:LTR	544	17.4183168481	2081	2345.23	2363	99.25
2Cell_Ctrl	74500164	HAL1ME:L1:LINE	900	81.7123228656	2069	2073.70	2081	99.65
2Cell_Ctrl	74500164	RLTR20A3_MM:ERVK:LTR	880	70.4732883112	2029	2078.07	2090	99.43
2Cell_Ctrl	74500164	MLTR31FA_MM:ERVK:LTR	525	53.3778543024	2005	2040.88	2059	99.12
2Cell_Ctrl	74500164	Charlie4a:hAT-Charlie:DNA	1121	86.4151402662	1991	2015.32	2022	99.67
2Cell_Ctrl	74500164	MLT-int:ERVL-MaLR:LTR	846	63.2468866396	1990	2009.48	2015	99.73
2Cell_Ctrl	74500164	RLTR49:ERVK:LTR	933	67.8283484928	1986	2059.89	2077	99.18
2Cell_Ctrl	74500164	RLTR26_Mus:ERVK:LTR	1091	65.5717040741	1978	2231.70	2287	97.58
2Cell_Ctrl	74500164	L1MEi:L1:LINE	478	47.2122670407	1965	1972.61	1979	99.68
2Cell_Ctrl	74500164	IAPEy-int:ERVK:LTR	755	48.3775555332	1964	3234.05	3304	97.88
2Cell_Ctrl	74500164	MER31A:ERV1:LTR	707	63.3430956114	1959	1977.64	1991	99.33
2Cell_Ctrl	74500164	ERVL-E-int:ERVL:LTR	1044	71.0592708829	1948	2036.75	2052	99.26
2Cell_Ctrl	74500164	MLT2B4:ERVL:LTR	1871	81.1649403333	1930	1950.44	1966	99.21
2Cell_Ctrl	74500164	RLTR51B_Mm:ERVK?:LTR	662	64.5777317377	1906	1968.74	1993	98.78
2Cell_Ctrl	74500164	IAP-d-int:ERVK:LTR	1323	51.5622959683	1897	2042.62	2091	97.69
2Cell_Ctrl	74500164	BGLII_Mus:ERVK:LTR	615	60.470125695	1887	1937.70	1956	99.06
2Cell_Ctrl	74500164	tRNA-SeC(e)-TGA:tRNA:tRNA	3	269.455354288	1887	1887.00	1887	100.00
2Cell_Ctrl	74500164	ERVB7_2B-LTR_MM:ERVK:LTR	710	55.6306138653	1884	2018.21	2046	98.64
2Cell_Ctrl	74500164	MLT2B3:ERVL:LTR	1483	74.8973717825	1884	1930.41	1941	99.45
2Cell_Ctrl	74500164	RMER6-int:ERVK:LTR	607	39.1576063288	1877	1927.38	1951	98.79
2Cell_Ctrl	74500164	ORR1D-int:ERVL-MaLR:LTR	878	53.5844625702	1868	2020.65	2070	97.62
2Cell_Ctrl	74500164	MLTR18D_MM:ERVK:LTR	620	49.3735802836	1864	1893.77	1914	98.94
2Cell_Ctrl	74500164	MER53:hAT:DNA	1693	96.700490076	1859	1865.48	1873	99.60
2Cell_Ctrl	74500164	RLTR1C:ERV1:LTR	697	56.9907319473	1859	2124.34	2153	98.67
2Cell_Ctrl	74500164	MLT2F:ERVL:LTR	574	71.1877687873	1854	1877.79	1883	99.72
2Cell_Ctrl	74500164	MARNA:TcMar-Mariner:DNA	562	77.0854939012	1823	1828.84	1836	99.61
2Cell_Ctrl	74500164	LTR33:ERVL:LTR	1466	91.8895253641	1822	1833.23	1846	99.31
2Cell_Ctrl	74500164	AmnSINE1:Deu:SINE	1311	109.254869894	1806	1808.52	1813	99.75
2Cell_Ctrl	74500164	MLT2B1:ERVL:LTR	1637	77.4647485124	1775	1793.05	1814	98.85
2Cell_Ctrl	74500164	Charlie24:hAT-Charlie:DNA	374	34.856593513	1770	1809.40	1814	99.75
2Cell_Ctrl	74500164	RLTR20B3:ERVK:LTR	974	64.6100376452	1755	1778.87	1799	98.88
2Cell_Ctrl	74500164	RLTR6_Mm:ERV1:LTR	237	61.7712457819	1752	3694.95	4124	89.60
2Cell_Ctrl	74500164	RLTR30E_MM:ERV1:LTR	320	52.1173033098	1748	1771.80	1790	98.98
2Cell_Ctrl	74500164	RLTR11D:ERVK:LTR	529	55.3088255799	1744	1840.09	1845	99.73
2Cell_Ctrl	74500164	IAPLTR2a:ERVK:LTR	627	62.1858930403	1742	2134.11	2375	89.86
2Cell_Ctrl	74500164	MLT2D:ERVL:LTR	1567	79.0748453825	1738	1754.51	1769	99.18
2Cell_Ctrl	74500164	MLT2B2:ERVL:LTR	1351	66.0806615704	1709	1719.67	1734	99.17
2Cell_Ctrl	74500164	RLTR13A2:ERVK:LTR	151	34.2508051612	1697	2927.86	3180	92.07
2Cell_Ctrl	74500164	ERVB4_1B-LTR_MM:ERVK:LTR	648	53.1174549306	1692	1899.05	1934	98.19
2Cell_Ctrl	74500164	RLTR20B3A_MM:ERVK:LTR	843	43.0560157623	1674	1735.87	1767	98.24
2Cell_Ctrl	74500164	RLTR20B5_MM:ERVK:LTR	868	58.3794118025	1664	1677.68	1684	99.62
2Cell_Ctrl	74500164	HAL1M8:L1:LINE	710	64.0947000246	1663	1681.65	1694	99.27
2Cell_Ctrl	74500164	Tigger15a:TcMar-Tigger:DNA	704	71.7360125866	1662	1672.08	1680	99.53
2Cell_Ctrl	74500164	MTEb-int:ERVL-MaLR:LTR	635	40.4040687863	1653	1682.00	1700	98.94
2Cell_Ctrl	74500164	RLTR16B_MM:ERVK:LTR	635	50.9242293928	1648	1717.08	1739	98.74
2Cell_Ctrl	74500164	ERVB4_2-LTR_MM:ERVK:LTR	144	34.5761029953	1646	2051.20	2334	87.88
2Cell_Ctrl	74500164	LTR16C:ERVL:LTR	1352	72.4255966069	1636	1644.96	1649	99.75
2Cell_Ctrl	74500164	MRLTR33:ERVK:LTR	624	62.9994034414	1629	1724.34	1744	98.87
2Cell_Ctrl	74500164	ERVB4_1-I_MM-int:ERVK:LTR	296	16.8903217379	1625	1798.18	1873	96.01
2Cell_Ctrl	74500164	IAPLTR3-int:ERVK:LTR	1773	27.3028648505	1604	1909.87	2025	94.31
2Cell_Ctrl	74500164	LTR16A:ERVL:LTR	1472	75.4650099307	1604	1612.55	1628	99.05
2Cell_Ctrl	74500164	IAPEY2_LTR:ERVK:LTR	1062	53.1542430698	1571	1666.66	1707	97.64
2Cell_Ctrl	74500164	ORR1F-int:ERVL-MaLR:LTR	395	35.9609377584	1536	1747.25	5296	32.99
2Cell_Ctrl	74500164	RLTR31_Mur:ERVK:LTR	354	40.2237006829	1529	1620.42	1635	99.11
2Cell_Ctrl	74500164	L1M3e:L1:LINE	652	54.2924636653	1522	1541.00	1543	99.87
2Cell_Ctrl	74500164	ERVB7_3-LTR_MM:ERVK:LTR	319	33.9204946501	1507	1587.35	1596	99.46
2Cell_Ctrl	74500164	RLTR20B2:ERVK:LTR	880	53.1655067942	1507	1527.55	1540	99.19
2Cell_Ctrl	74500164	L1ME4c:L1:LINE	968	70.0477289329	1479	1497.37	1515	98.84
2Cell_Ctrl	74500164	RMER17A-int:ERVK:LTR	409	31.0880210589	1479	1530.99	1541	99.35
2Cell_Ctrl	74500164	MLTR73:ERV1:LTR	956	67.2777408629	1459	1482.66	1494	99.24
2Cell_Ctrl	74500164	RLTR9A3:ERVK:LTR	774	49.2900950439	1459	1509.36	1551	97.32
2Cell_Ctrl	74500164	MER103C:hAT-Charlie:DNA	1072	75.2962672763	1458	1463.15	1469	99.60
2Cell_Ctrl	74500164	MMERGLN_LTR:ERV1:LTR	435	49.0808855983	1435	1820.90	1914	95.14
2Cell_Ctrl	74500164	RLTR1A2_MM:ERV1:LTR	406	40.5585219384	1428	1491.31	1535	97.15
2Cell_Ctrl	74500164	MTE2a-int:ERVL-MaLR:LTR	795	34.1734956734	1424	1463.28	1476	99.14
2Cell_Ctrl	74500164	MER46C:TcMar-Tigger:DNA	788	66.6323373388	1414	1422.60	1424	99.90
2Cell_Ctrl	74500164	ERVL-int:ERVL:LTR	721	34.9429326842	1408	1471.53	1957	75.19
2Cell_Ctrl	74500164	MLT1E3:ERVL-MaLR:LTR	1020	57.6588174604	1404	1409.96	1418	99.43
2Cell_Ctrl	74500164	RLTR20B1:ERVK:LTR	668	53.2454809268	1404	1728.91	1734	99.71
2Cell_Ctrl	74500164	RLTR13D3:ERVK:LTR	339	29.0944353239	1403	1785.51	1760	101.45
2Cell_Ctrl	74500164	MER20B:hAT-Charlie:DNA	831	55.1934203995	1402	1405.79	1415	99.35
2Cell_Ctrl	74500164	LTR72_RN:ERV1:LTR	1000	58.5010628227	1392	1494.93	1513	98.81
2Cell_Ctrl	74500164	RLTR10B2:ERVK:LTR	854	52.5194095408	1389	1503.82	1559	96.46
2Cell_Ctrl	74500164	RLTR9A:ERVK:LTR	648	50.5425369032	1385	1575.16	1619	97.29
2Cell_Ctrl	74500164	MLT1E1A:ERVL-MaLR:LTR	1154	61.227370346	1379	1404.46	1426	98.49
2Cell_Ctrl	74500164	L1ME3G:L1:LINE	1161	65.992012197	1368	1396.23	1431	97.57
2Cell_Ctrl	74500164	MLTR31D_MM:ERVK:LTR	318	36.6106539555	1368	1475.41	1495	98.69
2Cell_Ctrl	74500164	Lx2A:L1:LINE	1364	31.5800723686	1354	1414.40	1449	97.61
2Cell_Ctrl	74500164	Charlie7:hAT-Charlie:DNA	844	52.29547736	1339	1358.05	1371	99.06
2Cell_Ctrl	74500164	MERV1_LTR:ERV1:LTR	615	42.0430938886	1327	1461.89	1483	98.58
2Cell_Ctrl	74500164	RLTR34C_MM:ERVK:LTR	402	36.9162491674	1321	1339.24	1357	98.69
2Cell_Ctrl	74500164	Tigger10:TcMar-Tigger:DNA	242	37.1395282224	1320	1338.23	1342	99.72
2Cell_Ctrl	74500164	MLT1H2:ERVL-MaLR:LTR	1034	62.131914015	1317	1334.01	1340	99.55
2Cell_Ctrl	74500164	MLT1J1:ERVL-MaLR:LTR	1135	68.1524163087	1316	1322.58	1328	99.59
2Cell_Ctrl	74500164	MER77:ERVL:LTR	570	50.706546442	1314	1324.73	1327	99.83
2Cell_Ctrl	74500164	MER44D:TcMar-Tigger:DNA	940	54.4816367778	1301	1331.98	1343	99.18
2Cell_Ctrl	74500164	RLTR19C:ERVK:LTR	248	34.0315131612	1296	1303.60	1308	99.66
2Cell_Ctrl	74500164	RLTR28B:ERVL:LTR	428	41.3682888445	1293	1302.93	1307	99.69
2Cell_Ctrl	74500164	RLTR30:ERV1:LTR	390	43.7078614561	1292	1387.76	1409	98.49
2Cell_Ctrl	74500164	LTRIS_Mm:ERV1:LTR	555	45.8414041484	1289	1644.01	1670	98.44
2Cell_Ctrl	74500164	Tigger13a:TcMar-Tigger:DNA	645	55.8511091252	1281	1285.87	1292	99.53
2Cell_Ctrl	74500164	MLTR18C_MM:ERVK:LTR	468	34.5383894312	1275	1304.00	1318	98.94
2Cell_Ctrl	74500164	MER2B:TcMar-Tigger:DNA	1093	68.6245220559	1274	1282.34	1290	99.41
2Cell_Ctrl	74500164	RLTR18-int:ERVK:LTR	506	41.0607769741	1274	1341.13	1351	99.27
2Cell_Ctrl	74500164	RLTR13A1:ERVK:LTR	205	22.6363868282	1264	1438.11	1456	98.77
2Cell_Ctrl	74500164	MLTR31F_MM:ERVK:LTR	403	40.0545338357	1253	1268.07	1277	99.30
2Cell_Ctrl	74500164	SRV_MM-int:ERVK:LTR	129	15.2091170996	1253	1288.91	1291	99.84
2Cell_Ctrl	74500164	MLT1G:ERVL-MaLR:LTR	896	54.7298322186	1252	1258.14	1261	99.77
2Cell_Ctrl	74500164	MLT1H1:ERVL-MaLR:LTR	1001	57.9256553894	1248	1269.77	1278	99.36
2Cell_Ctrl	74500164	MamSINE1:tRNA:SINE	410	53.415108582	1233	1235.00	1235	100.00
2Cell_Ctrl	74500164	MLT1I:ERVL-MaLR:LTR	1777	71.0495711264	1232	1242.05	1245	99.76
2Cell_Ctrl	74500164	LTR10_RN:ERVK:LTR	546	42.9415079584	1229	1277.75	1289	99.13
2Cell_Ctrl	74500164	RLTR10D:ERVK:LTR	491	41.1701234209	1216	1255.27	1280	98.07
2Cell_Ctrl	74500164	RLTR53_Mm:ERVK:LTR	481	47.0069085367	1214	1228.78	1235	99.50
2Cell_Ctrl	74500164	4.5SRNA:scRNA:scRNA	1517	113.460035939	1213	1582.80	1584	99.92
2Cell_Ctrl	74500164	MLTR18B_MM:ERVK:LTR	468	42.1918359899	1211	1712.04	1727	99.13
2Cell_Ctrl	74500164	RLTR31M:ERVK:LTR	264	30.3473087118	1206	1221.13	1233	99.04
2Cell_Ctrl	74500164	ERVB3_1-I_MM-int:ERVK:LTR	134	19.3954083321	1198	1246.08	1260	98.90
2Cell_Ctrl	74500164	RLTR41C:ERV1:LTR	157	30.772450514	1191	1194.53	1197	99.79
2Cell_Ctrl	74500164	RLTR20A2B_MM:ERVK:LTR	438	36.4589283218	1188	1205.36	1213	99.37
2Cell_Ctrl	74500164	Tigger6a:TcMar-Tigger:DNA	369	36.8253783036	1188	1229.96	1234	99.67
2Cell_Ctrl	74500164	Kanga1:TcMar-Tc2:DNA	321	28.0073974053	1187	1192.00	1193	99.92
2Cell_Ctrl	74500164	RLTR12G:ERVK:LTR	238	33.6284834377	1187	1210.94	1220	99.26
2Cell_Ctrl	74500164	RLTR13C1:ERVK:LTR	309	21.2010402267	1187	1206.62	1231	98.02
2Cell_Ctrl	74500164	U4:snRNA:snRNA	108	80.0241934357	1180	1314.00	1314	100.00
2Cell_Ctrl	74500164	Charlie12:hAT-Charlie:DNA	902	46.6359950244	1176	1187.27	1189	99.85
2Cell_Ctrl	74500164	RMER16A2:ERVK:LTR	273	54.0661636653	1176	2046.24	2246	91.11
2Cell_Ctrl	74500164	MLTR12:ERV1:LTR	477	42.5118926673	1168	1179.22	1188	99.26
2Cell_Ctrl	74500164	RLTR13D1:ERVK:LTR	255	24.6317051672	1168	1182.52	1205	98.13
2Cell_Ctrl	74500164	MLT2C1:ERVL:LTR	872	51.1920150947	1166	1179.63	1186	99.46
2Cell_Ctrl	74500164	MER34A1:ERV1:LTR	541	36.6497166488	1165	1172.32	1176	99.69
2Cell_Ctrl	74500164	L1ME3B:L1:LINE	735	49.3978746415	1164	1170.79	1176	99.56
2Cell_Ctrl	74500164	RMER16B2:ERVK:LTR	329	35.9893677331	1156	1167.30	1177	99.18
2Cell_Ctrl	74500164	MER63D:hAT-Blackjack:DNA	1034	47.8179311299	1154	1157.70	1160	99.80
2Cell_Ctrl	74500164	L1M4a1:L1:LINE	607	44.215934288	1152	1160.81	1170	99.21
2Cell_Ctrl	74500164	MLT1G1:ERVL-MaLR:LTR	1080	56.9447810799	1152	1239.85	1258	98.56
2Cell_Ctrl	74500164	RLTR4_Mm:ERV1:LTR	239	71.2533081838	1128	3943.45	4232	93.18
2Cell_Ctrl	74500164	RLTR26C_MM:ERVK:LTR	454	38.0770044879	1111	1158.40	1187	97.59
2Cell_Ctrl	74500164	ERVB5_1-I_MM-int:ERVK:LTR	292	20.607622196	1105	1142.33	1147	99.59
2Cell_Ctrl	74500164	LTR50:ERVL:LTR	549	54.1576943188	1098	1128.60	1131	99.79
2Cell_Ctrl	74500164	RLTR34D_MM:ERVK:LTR	410	33.843648208	1092	1120.93	1139	98.41
2Cell_Ctrl	74500164	MLTR18_MM:ERVK:LTR	427	32.5021604627	1074	1089.24	1098	99.20
2Cell_Ctrl	74500164	L1M4a2:L1:LINE	736	41.7018015054	1070	1077.24	1087	99.10
2Cell_Ctrl	74500164	LTR40a:ERVL:LTR	709	43.7778335211	1068	1077.45	1086	99.21
2Cell_Ctrl	74500164	RLTR1D:ERV1:LTR	305	31.9907958728	1068	1209.17	1267	95.44
2Cell_Ctrl	74500164	MER102b:hAT-Charlie:DNA	507	46.5944245243	1066	1069.25	1075	99.47
2Cell_Ctrl	74500164	MLTR31A_MM:ERVK:LTR	352	27.585829599	1066	1080.19	1087	99.37
2Cell_Ctrl	74500164	MER44A:TcMar-Tigger:DNA	661	44.2626462341	1056	1093.19	1102	99.20
2Cell_Ctrl	74500164	LFSINE_Vert:tRNA:SINE	1208	58.4285099904	1040	1042.58	1046	99.67
2Cell_Ctrl	74500164	RLTR13A3:ERVK:LTR	243	22.1303123569	1038	1446.69	1538	94.06
2Cell_Ctrl	74500164	Arthur1:hAT-Tip100:DNA	920	40.5769199248	1031	1044.41	1052	99.28
2Cell_Ctrl	74500164	MER77B:ERVL:LTR	505	40.8987664554	1028	1032.02	1036	99.62
2Cell_Ctrl	74500164	RLTR26B_MM:ERVK:LTR	507	31.9563626182	1028	1043.27	1054	98.98
2Cell_Ctrl	74500164	HERVL40-int:ERVL:LTR	204	26.2457479474	1022	1026.61	1035	99.19
2Cell_Ctrl	74500164	MLTR25C:ERVK:LTR	504	23.4378455925	1022	1055.54	1064	99.20
2Cell_Ctrl	74500164	RLTR20A2:ERVK:LTR	368	33.458717327	1013	1060.07	1079	98.25
2Cell_Ctrl	74500164	RLTR19B:ERVK:LTR	224	25.2904398378	1006	1017.34	1024	99.35
2Cell_Ctrl	74500164	MER34:ERV1:LTR	737	48.4801360168	1005	1028.67	1034	99.48
2Cell_Ctrl	74500164	ERV3-16A3_I-int:ERVL:LTR	908	43.4762820982	1002	1023.58	1031	99.28
2Cell_Ctrl	74500164	RLTR13B4:ERVK:LTR	412	23.6179240108	1000	1040.42	1068	97.42
2Cell_Ctrl	74500164	Charlie6:hAT-Charlie:DNA	148	23.9814620626	987	996.33	997	99.93
2Cell_Ctrl	74500164	LTR82A:ERVL:LTR	341	30.1229927562	975	979.97	981	99.90
2Cell_Ctrl	74500164	RLTR20A:ERVK:LTR	361	33.9496993755	974	980.80	983	99.78
2Cell_Ctrl	74500164	Charlie4z:hAT-Charlie:DNA	431	51.2934849347	970	972.41	974	99.84
2Cell_Ctrl	74500164	IAPEY_LTR:ERVK:LTR	1410	40.7547942101	968	1208.64	1229	98.34
2Cell_Ctrl	74500164	LTR41:ERVL:LTR	506	40.7669399369	968	976.20	986	99.01
2Cell_Ctrl	74500164	RLTR31B_Mm:ERVK:LTR	349	31.4328210505	949	960.30	979	98.09
2Cell_Ctrl	74500164	MLTR18A_MM:ERVK:LTR	299	26.9363599097	946	969.77	980	98.96
2Cell_Ctrl	74500164	RLTR16C_MM:ERVK:LTR	360	27.764097995	939	952.33	956	99.62
2Cell_Ctrl	74500164	MER63A:hAT-Blackjack:DNA	635	46.789035058	938	941.75	947	99.45
2Cell_Ctrl	74500164	MamTip2:hAT-Tip100:DNA	892	50.7172152242	937	938.85	941	99.77
2Cell_Ctrl	74500164	L1M2c:L1:LINE	321	32.5164910717	933	944.49	953	99.11
2Cell_Ctrl	74500164	U5:snRNA:snRNA	85	72.0034107335	930	1138.58	1139	99.96
2Cell_Ctrl	74500164	RLTR13A:ERVK:LTR	211	23.6931001007	925	1376.58	1764	78.04
2Cell_Ctrl	74500164	IAPEY3_LTR:ERVK:LTR	553	32.5842206418	924	1047.57	1105	94.80
2Cell_Ctrl	74500164	MER68B:ERVL:LTR	237	36.0076931653	924	927.45	932	99.51
2Cell_Ctrl	74500164	MER63B:hAT-Blackjack:DNA	701	48.0676514371	922	924.74	927	99.76
2Cell_Ctrl	74500164	BGLII_A:ERVK:LTR	292	32.7128177672	919	1283.80	1341	95.73
2Cell_Ctrl	74500164	MER34B-int:ERV1:LTR	81	31.4302295581	919	1048.00	1049	99.90
2Cell_Ctrl	74500164	MER74A:ERVL:LTR	731	40.9886330893	919	928.42	933	99.51
2Cell_Ctrl	74500164	RLTR24B_MM:ERV1:LTR	1018	32.6274088532	916	929.21	939	98.96
2Cell_Ctrl	74500164	RLTR13B3:ERVK:LTR	265	19.0393271961	915	1071.53	1088	98.49
2Cell_Ctrl	74500164	ERVB7_2-LTR_MM:ERVK:LTR	425	27.8263906476	912	1001.53	1019	98.29
2Cell_Ctrl	74500164	L1M1:L1:LINE	881	42.2431616015	911	921.74	930	99.11
2Cell_Ctrl	74500164	MER63C:hAT-Blackjack:DNA	414	29.8999941548	911	961.00	963	99.79
2Cell_Ctrl	74500164	LTR48:ERV1:LTR	651	40.7256051237	909	917.68	921	99.64
2Cell_Ctrl	74500164	Tigger17c:TcMar-Tigger:DNA	649	40.9499849173	904	913.97	922	99.13
2Cell_Ctrl	74500164	U17:snRNA:snRNA	24	37.8880592548	891	892.60	893	99.95
2Cell_Ctrl	74500164	IAPEY3C_LTR:ERVK:LTR	475	25.414547025	883	929.68	950	97.86
2Cell_Ctrl	74500164	HAL1b:L1:LINE	763	40.7760822689	880	887.26	892	99.47
2Cell_Ctrl	74500164	RLTR50B:ERVK:LTR	334	29.840193345	874	1110.99	1155	96.19
2Cell_Ctrl	74500164	RLTR8:ERVK:LTR	241	29.6845034517	871	960.18	972	98.78
2Cell_Ctrl	74500164	MER45B:hAT-Tip100:DNA	688	35.5076576514	866	878.16	883	99.45
2Cell_Ctrl	74500164	CR1_Mam:CR1:LINE	257	35.6082001295	863	865.02	867	99.77
2Cell_Ctrl	74500164	LTR67B:ERVL:LTR	632	43.6928184584	861	982.32	1000	98.23
2Cell_Ctrl	74500164	MLT1J2:ERVL-MaLR:LTR	1110	51.7465775851	855	865.19	868	99.68
2Cell_Ctrl	74500164	RLTR10B:ERVK:LTR	477	34.8352645926	841	937.81	1000	93.78
2Cell_Ctrl	74500164	Tigger9b:TcMar-Tigger:DNA	360	31.6731018007	831	834.55	839	99.47
2Cell_Ctrl	74500164	BLACKJACK:hAT-Blackjack:DNA	716	29.5360505334	809	821.15	832	98.70
2Cell_Ctrl	74500164	MER57D:ERV1:LTR	300	34.5921013833	808	835.37	842	99.21
2Cell_Ctrl	74500164	L1MDb:L1:LINE	583	33.0803893718	802	818.28	825	99.19
2Cell_Ctrl	74500164	MamRep605:LTR?:LTR?	629	36.6517744954	799	805.30	808	99.67
2Cell_Ctrl	74500164	MLTR31C_MM:ERVK:LTR	227	21.7746237591	794	798.50	800	99.81
2Cell_Ctrl	74500164	MER67C:ERV1:LTR	620	31.5796857903	793	795.59	804	98.95
2Cell_Ctrl	74500164	RLTR35B_MM:ERVL:LTR	492	29.3916007245	792	805.30	810	99.42
2Cell_Ctrl	74500164	L4_A_Mam:RTE-X:LINE	630	40.6160935235	791	796.66	801	99.46
2Cell_Ctrl	74500164	L1MA10:L1:LINE	866	36.6354449532	783	816.61	863	94.62
2Cell_Ctrl	74500164	RLTR20B4_MM:ERVK:LTR	416	24.8497368386	780	786.10	788	99.76
2Cell_Ctrl	74500164	Charlie17b:hAT-Charlie:DNA	130	29.5497860607	775	776.88	778	99.86
2Cell_Ctrl	74500164	LTR37-int:ERV1:LTR	239	28.76142443	774	780.10	783	99.63
2Cell_Ctrl	74500164	Plat_L3:CR1:LINE	579	39.5572014591	773	774.93	775	99.99
2Cell_Ctrl	74500164	IAPLTR4:ERVK:LTR	663	37.4969683546	772	1078.24	1088	99.10
2Cell_Ctrl	74500164	Charlie2a:hAT-Charlie:DNA	505	33.9470236546	771	780.29	786	99.27
2Cell_Ctrl	74500164	LTRIS4A:ERV1:LTR	228	24.8735671007	766	829.13	843	98.35
2Cell_Ctrl	74500164	MLT1O:ERVL-MaLR:LTR	538	40.2506428036	762	843.04	851	99.06
2Cell_Ctrl	74500164	RLTR47:ERVK:LTR	209	18.5533378234	759	808.85	827	97.81
2Cell_Ctrl	74500164	MLT1N2:ERVL-MaLR:LTR	692	43.7199133704	751	869.68	873	99.62
2Cell_Ctrl	74500164	RLTR9D2:ERVK:LTR	194	22.8143686772	745	750.38	761	98.60
2Cell_Ctrl	74500164	MLT1E1:ERVL-MaLR:LTR	576	33.0019816326	742	748.60	756	99.02
2Cell_Ctrl	74500164	RLTR10F:ERVK:LTR	482	30.228449221	742	772.74	780	99.07
2Cell_Ctrl	74500164	Charlie15b:hAT-Charlie:DNA	272	32.2756444722	741	742.63	745	99.68
2Cell_Ctrl	74500164	RLTR19A:ERVK:LTR	153	27.8464715985	735	747.55	750	99.67
2Cell_Ctrl	74500164	RLTR30B_MM:ERV1:LTR	283	21.0877619829	735	744.98	750	99.33
2Cell_Ctrl	74500164	MER47B:TcMar-Tigger:DNA	509	32.6009356312	731	737.75	738	99.97
2Cell_Ctrl	74500164	LTR16B1:ERVL:LTR	299	26.6158257553	726	730.63	736	99.27
2Cell_Ctrl	74500164	LTR103b_Mam:ERV1?:LTR	57	32.4543729364	722	722.00	722	100.00
2Cell_Ctrl	74500164	L1MCc:L1:LINE	529	31.8368328444	719	727.70	733	99.28
2Cell_Ctrl	74500164	MER58C:hAT-Charlie:DNA	436	39.9381123111	717	721.44	722	99.92
2Cell_Ctrl	74500164	RLTR9B:ERVK:LTR	206	21.6892260483	716	838.09	872	96.11
2Cell_Ctrl	74500164	MER119:hAT-Charlie:DNA	404	30.5268560599	708	709.60	713	99.52
2Cell_Ctrl	74500164	IAPEY5_I-int:ERVK:LTR	184	13.6365261346	707	800.45	812	98.58
2Cell_Ctrl	74500164	MER34A:ERV1:LTR	694	36.8177947932	704	716.09	722	99.18
2Cell_Ctrl	74500164	L1M:L1:LINE	459	34.4397003751	702	762.48	782	97.50
2Cell_Ctrl	74500164	MLT1J-int:ERVL-MaLR:LTR	506	32.2200812199	698	705.71	708	99.68
2Cell_Ctrl	74500164	ERVB5_2-LTR_MM:ERVK:LTR	520	19.4315811453	697	710.19	720	98.64
2Cell_Ctrl	74500164	L1MEb:L1:LINE	352	28.5473276127	686	691.39	696	99.34
2Cell_Ctrl	74500164	RLTR44E:ERVK:LTR	122	17.9945076674	686	693.35	701	98.91
2Cell_Ctrl	74500164	Tigger17:TcMar-Tigger:DNA	315	28.0961005456	685	688.50	691	99.64
2Cell_Ctrl	74500164	MER44C:TcMar-Tigger:DNA	185	18.2395515369	682	693.29	697	99.47
2Cell_Ctrl	74500164	MER90a:ERV1:LTR	581	30.2589149533	682	691.07	696	99.29
2Cell_Ctrl	74500164	MER102a:hAT-Charlie:DNA	386	33.2452395099	681	681.64	682	99.95
2Cell_Ctrl	74500164	LTR16E1:ERVL:LTR	514	28.7911168861	679	681.38	683	99.76
2Cell_Ctrl	74500164	MER113:hAT-Charlie:DNA	643	36.0915179847	679	684.95	687	99.70
2Cell_Ctrl	74500164	Tigger2b:TcMar-Tigger:DNA	176	23.4754192257	670	671.65	673	99.80
2Cell_Ctrl	74500164	RLTR44C:ERVK:LTR	198	20.0347477727	669	748.10	760	98.43
2Cell_Ctrl	74500164	MLT1E:ERVL-MaLR:LTR	534	31.3260578879	662	698.92	711	98.30
2Cell_Ctrl	74500164	RLTR10E:ERVK:LTR	227	22.4293381811	662	745.97	755	98.80
2Cell_Ctrl	74500164	L1ME3D:L1:LINE	323	27.0074927318	661	662.00	662	100.00
2Cell_Ctrl	74500164	LTR40b:ERVL:LTR	577	29.5225599654	657	669.22	679	98.56
2Cell_Ctrl	74500164	LTR33A:ERVL:LTR	504	28.2445071747	652	659.82	661	99.82
2Cell_Ctrl	74500164	L1MCb:L1:LINE	713	29.0670314073	647	657.53	665	98.88
2Cell_Ctrl	74500164	MLT1M:ERVL-MaLR:LTR	212	27.8179991448	647	651.74	654	99.65
2Cell_Ctrl	74500164	MamRep434:TcMar-Tigger:DNA	518	33.2071207362	645	647.61	649	99.79
2Cell_Ctrl	74500164	MLTR13:ERVK:LTR	205	15.1777288019	644	694.42	695	99.92
2Cell_Ctrl	74500164	RLTR9F:ERVK:LTR	411	24.1044880466	644	677.04	701	96.58
2Cell_Ctrl	74500164	RLTR31_Mm:ERVK:LTR	145	16.9672037976	642	650.50	652	99.77
2Cell_Ctrl	74500164	MLT1H-int:ERVL-MaLR:LTR	379	28.7781719968	640	649.66	652	99.64
2Cell_Ctrl	74500164	MLT2C2:ERVL:LTR	651	27.0234073568	633	633.16	634	99.87
2Cell_Ctrl	74500164	LTR41B:ERVL:LTR	290	30.5353627377	612	619.25	624	99.24
2Cell_Ctrl	74500164	MER104:TcMar-Tc2:DNA	295	27.4369530742	612	614.99	618	99.51
2Cell_Ctrl	74500164	LTR16A1:ERVL:LTR	654	28.0679834211	610	614.33	615	99.89
2Cell_Ctrl	74500164	RLTR13D2:ERVK:LTR	270	15.2139141797	609	618.85	623	99.33
2Cell_Ctrl	74500164	L1ME3F:L1:LINE	308	23.7848500913	600	601.74	612	98.32
2Cell_Ctrl	74500164	ERVB2_1A-I_MM-int:ERVK:LTR	289	15.9286808507	598	669.32	804	83.25
2Cell_Ctrl	74500164	LTR33A_:ERVL:LTR	474	28.9936502861	596	599.31	604	99.22
2Cell_Ctrl	74500164	MLT1-int:ERVL-MaLR:LTR	285	23.4944390967	592	764.87	706	108.34
2Cell_Ctrl	74500164	LTR78:ERV1:LTR	583	33.4896203362	591	747.22	756	98.84
2Cell_Ctrl	74500164	LTR78B:ERV1:LTR	405	35.7963710986	583	680.92	706	96.45
2Cell_Ctrl	74500164	RLTR31A_Mm:ERVK:LTR	209	14.9205720117	577	585.98	591	99.15
2Cell_Ctrl	74500164	tRNA-Ala-GCY_:tRNA:tRNA	2580	41.1755118244	577	579.36	580	99.89
2Cell_Ctrl	74500164	Looper:PiggyBac:DNA	209	21.5849387511	572	575.03	580	99.14
2Cell_Ctrl	74500164	MER102c:hAT-Charlie:DNA	363	29.2142695823	571	574.97	576	99.82
2Cell_Ctrl	74500164	Zaphod:hAT-Tip100:DNA	728	22.8526470792	570	581.58	591	98.41
2Cell_Ctrl	74500164	MER92B:ERV1:LTR	238	19.886411005	565	570.25	572	99.69
2Cell_Ctrl	74500164	RLTR12H:ERVK:LTR	188	15.7950562231	558	585.52	603	97.10
2Cell_Ctrl	74500164	Charlie10:hAT-Charlie:DNA	371	20.5602128525	557	567.42	569	99.72
2Cell_Ctrl	74500164	IAPEY5_LTR:ERVK:LTR	237	18.4386030063	553	595.43	627	94.96
2Cell_Ctrl	74500164	MER91B:hAT-Tip100:DNA	229	29.2215664278	553	553.00	553	100.00
2Cell_Ctrl	74500164	RLTR26D_MM:ERVK:LTR	247	16.2752568567	550	556.59	562	99.04
2Cell_Ctrl	74500164	RLTR48B:ERV1:LTR	110	15.5284101698	550	556.14	561	99.13
2Cell_Ctrl	74500164	RLTR30D_MM:ERV1:LTR	268	15.316684134	549	560.30	569	98.47
2Cell_Ctrl	74500164	Charlie15a:hAT-Charlie:DNA	217	20.4800411664	542	542.00	542	100.00
2Cell_Ctrl	74500164	MMERVK10D3_LTR:ERVK:LTR	174	16.2537425212	542	548.53	554	99.01
2Cell_Ctrl	74500164	MER54A:ERVL:LTR	273	21.9791092584	537	551.45	552	99.90
2Cell_Ctrl	74500164	RLTR20C:ERVK:LTR	263	18.0370114298	534	537.30	540	99.50
2Cell_Ctrl	74500164	MER117:hAT-Charlie:DNA	745	33.1339739525	532	536.00	538	99.63
2Cell_Ctrl	74500164	MER92-int:ERV1:LTR	324	17.9778399733	530	535.10	542	98.73
2Cell_Ctrl	74500164	RLTR13D3A:ERVK:LTR	162	11.8084555699	529	578.21	586	98.67
2Cell_Ctrl	74500164	RMER16A3:ERVK:LTR	699	21.6785906561	522	569.41	592	96.18
2Cell_Ctrl	74500164	MER112:hAT-Charlie:DNA	358	28.2227981661	521	521.56	522	99.91
2Cell_Ctrl	74500164	MamRep137:TcMar-Tigger:DNA	339	26.3524657091	514	516.55	518	99.72
2Cell_Ctrl	74500164	LTR104_Mam:Gypsy:LTR	254	28.6867766667	513	514.41	516	99.69
2Cell_Ctrl	74500164	L4_C_Mam:RTE-X:LINE	590	27.2177424969	511	516.26	518	99.66
2Cell_Ctrl	74500164	LTR16A2:ERVL:LTR	416	23.0828000787	507	509.85	511	99.78
2Cell_Ctrl	74500164	MER74B:ERVL:LTR	324	21.7676364985	507	512.26	516	99.28
2Cell_Ctrl	74500164	RLTR9C:ERVK:LTR	477	15.0919389629	503	532.14	546	97.46
2Cell_Ctrl	74500164	MLT1A0-int:ERVL-MaLR:LTR	206	14.5101769232	496	502.71	506	99.35
2Cell_Ctrl	74500164	MLT1F-int:ERVL-MaLR:LTR	417	19.476471863	496	500.99	508	98.62
2Cell_Ctrl	74500164	L1ME3C:L1:LINE	326	21.2568551037	494	496.38	501	99.08
2Cell_Ctrl	74500164	Kanga2_a:TcMar-Tc2:DNA	356	21.8383280915	488	489.33	494	99.05
2Cell_Ctrl	74500164	MER81:hAT-Blackjack:DNA	512	30.1620780422	484	487.04	489	99.60
2Cell_Ctrl	74500164	MER45A:hAT-Tip100:DNA	769	29.5404068881	481	482.72	483	99.94
2Cell_Ctrl	74500164	LTR40c:ERVL:LTR	248	21.7288967968	479	482.47	483	99.89
2Cell_Ctrl	74500164	MER68-int:ERVL:LTR	77	16.7953632226	478	499.49	504	99.10
2Cell_Ctrl	74500164	RLTR26:ERVK:LTR	408	18.0709033994	477	493.93	536	92.15
2Cell_Ctrl	74500164	Tigger18a:TcMar-Tigger:DNA	240	19.5772816307	475	475.53	477	99.69
2Cell_Ctrl	74500164	LTR16B2:ERVL:LTR	384	20.0875668325	474	477.69	481	99.31
2Cell_Ctrl	74500164	RLTR41B:ERV1:LTR	98	11.8968842471	474	481.48	484	99.48
2Cell_Ctrl	74500164	RLTR44A:ERVK:LTR	259	13.6777795741	468	491.19	500	98.24
2Cell_Ctrl	74500164	Tigger6b:TcMar-Tigger:DNA	217	15.3198670203	457	463.74	467	99.30
2Cell_Ctrl	74500164	RLTR9A2:ERVK:LTR	227	14.8648825223	448	467.53	474	98.64
2Cell_Ctrl	74500164	Zaphod2:hAT-Tip100:DNA	169	11.6886908245	446	472.66	474	99.72
2Cell_Ctrl	74500164	MLT1D-int:ERVL-MaLR:LTR	176	12.7488738387	444	450.36	453	99.42
2Cell_Ctrl	74500164	RLTR41A2:ERV1:LTR	440	19.4171634018	444	507.43	541	93.80
2Cell_Ctrl	74500164	LTR31:ERV1:LTR	187	19.425398642	443	445.93	447	99.76
2Cell_Ctrl	74500164	LTRIS3:ERV1:LTR	165	15.3396616331	440	483.63	497	97.31
2Cell_Ctrl	74500164	MER67B:ERV1:LTR	220	17.3322266784	436	439.95	443	99.31
2Cell_Ctrl	74500164	L1MEa:L1:LINE	169	14.9923037083	435	436.40	438	99.64
2Cell_Ctrl	74500164	MER105:DNA:DNA	171	21.907815797	433	434.82	437	99.50
2Cell_Ctrl	74500164	Charlie18a:hAT-Charlie:DNA	242	18.7317024089	432	433.00	433	100.00
2Cell_Ctrl	74500164	RLTR1D2_MM:ERV1:LTR	192	15.1323074712	431	496.07	498	99.61
2Cell_Ctrl	74500164	MER131:SINE?:SINE?	274	25.8730225173	429	430.00	431	99.77
2Cell_Ctrl	74500164	Tigger16a:TcMar-Tigger:DNA	290	22.0900852841	425	427.45	429	99.64
2Cell_Ctrl	74500164	RLTR17C_Mm:ERVK:LTR	218	13.0189508828	424	439.86	441	99.74
2Cell_Ctrl	74500164	Charlie29a:hAT-Charlie:DNA	324	20.5933210245	423	427.52	432	98.96
2Cell_Ctrl	74500164	MER115:hAT-Tip100:DNA	521	21.2082949432	423	470.00	487	96.51
2Cell_Ctrl	74500164	Arthur1B:hAT-Tip100:DNA	597	21.4025332141	416	422.85	438	96.54
2Cell_Ctrl	74500164	ERVB3_1-LTR_MM:ERVK:LTR	158	13.727630997	414	423.78	428	99.01
2Cell_Ctrl	74500164	RLTR48C:ERV1:LTR	149	13.6868388537	414	425.12	426	99.79
2Cell_Ctrl	74500164	LTR16B:ERVL:LTR	260	19.140586938	409	409.54	411	99.65
2Cell_Ctrl	74500164	LTR48B:ERV1:LTR	302	20.4155209622	405	406.68	408	99.68
2Cell_Ctrl	74500164	RLTR13D4:ERVK:LTR	205	13.1938097945	404	414.10	420	98.59
2Cell_Ctrl	74500164	LTRIS4B:ERV1:LTR	71	9.43779845693	402	408.83	410	99.72
2Cell_Ctrl	74500164	L1M3c:L1:LINE	337	16.1133242091	401	407.06	410	99.28
2Cell_Ctrl	74500164	LTR37A:ERV1:LTR	549	19.5138971682	397	399.50	400	99.88
2Cell_Ctrl	74500164	MER54B:ERVL:LTR	114	12.3618533633	393	400.41	403	99.36
2Cell_Ctrl	74500164	LTR79:ERVL:LTR	380	21.1532404405	387	391.16	392	99.79
2Cell_Ctrl	74500164	Ricksha_c:MULE-MuDR:DNA	405	19.456049078	387	396.21	405	97.83
2Cell_Ctrl	74500164	MER52-int:ERV1:LTR	206	15.2919591135	386	394.85	399	98.96
2Cell_Ctrl	74500164	MER45R:hAT-Tip100:DNA	375	17.6958522205	382	383.09	387	98.99
2Cell_Ctrl	74500164	Charlie9:hAT-Charlie:DNA	232	20.7237357925	378	379.98	382	99.47
2Cell_Ctrl	74500164	LTR87:ERVL?:LTR	214	17.6260895873	377	380.10	384	98.99
2Cell_Ctrl	74500164	RLTR44B:ERVK:LTR	275	12.5860261086	377	408.48	422	96.80
2Cell_Ctrl	74500164	RLTR9B2:ERVK:LTR	178	11.5263041821	376	389.82	398	97.94
2Cell_Ctrl	74500164	MER76:ERVL:LTR	247	17.2368254012	372	382.57	385	99.37
2Cell_Ctrl	74500164	RLTR43C:ERVK:LTR	264	13.4402301125	372	373.94	377	99.19
2Cell_Ctrl	74500164	IAPLTR3:ERVK:LTR	959	13.8666710956	367	418.81	432	96.95
2Cell_Ctrl	74500164	Tigger9a:TcMar-Tigger:DNA	200	17.4325148955	359	361.34	363	99.54
2Cell_Ctrl	74500164	L1M8:L1:LINE	201	16.1398263379	354	356.44	357	99.84
2Cell_Ctrl	74500164	MER57C2:ERV1:LTR	415	16.2211734187	352	353.00	356	99.16
2Cell_Ctrl	74500164	Charlie19a:hAT-Charlie:DNA	240	18.678189655	350	351.38	355	98.98
2Cell_Ctrl	74500164	MamRep1527:LTR:LTR	372	16.730743599	349	352.63	353	99.90
2Cell_Ctrl	74500164	RMER16B:ERVK:LTR	84	9.45530358377	347	349.14	350	99.75
2Cell_Ctrl	74500164	RLTR9A3A:ERVK:LTR	222	10.4237611429	345	346.51	347	99.86
2Cell_Ctrl	74500164	LTR28B:ERV1:LTR	144	18.6220562471	344	355.00	355	100.00
2Cell_Ctrl	74500164	LTR65:ERV1:LTR	162	14.9752388606	344	344.01	346	99.43
2Cell_Ctrl	74500164	L1M2a:L1:LINE	208	12.9016424762	342	348.90	353	98.84
2Cell_Ctrl	74500164	LTR16E2:ERVL:LTR	423	17.0983455531	340	340.00	340	100.00
2Cell_Ctrl	74500164	RLTR42:ERVK:LTR	266	16.237659633	339	346.22	348	99.49
2Cell_Ctrl	74500164	L1MEj:L1:LINE	178	13.8183934837	336	337.60	339	99.59
2Cell_Ctrl	74500164	MamRep1151:LTR?:LTR?	249	14.0547285431	335	342.86	345	99.38
2Cell_Ctrl	74500164	MER70B:ERVL:LTR	254	13.1837618236	333	333.50	334	99.85
2Cell_Ctrl	74500164	RLTR20A1:ERVK:LTR	98	8.6897689367	331	333.00	333	100.00
2Cell_Ctrl	74500164	Tigger16b:TcMar-Tigger:DNA	197	17.0194132696	331	332.00	332	100.00
2Cell_Ctrl	74500164	LTR37B:ERV1:LTR	386	17.1741077599	330	332.40	333	99.82
2Cell_Ctrl	74500164	Kanga1c:TcMar-Tc2:DNA	184	14.0542104414	329	330.67	332	99.60
2Cell_Ctrl	74500164	L1ME3E:L1:LINE	327	16.4344043926	329	331.50	333	99.55
2Cell_Ctrl	74500164	MLT2B5:ERVL:LTR	442	16.4103932065	327	328.00	330	99.39
2Cell_Ctrl	74500164	LTR101_Mam:ERVL:LTR	157	13.1662250064	326	328.92	331	99.37
2Cell_Ctrl	74500164	MER96B:hAT-Tip100:DNA	410	17.6952795173	325	325.00	325	100.00
2Cell_Ctrl	74500164	RLTR30D_RN:ERV1:LTR	64	9.17130554499	325	330.99	332	99.70
2Cell_Ctrl	74500164	MER91A:hAT-Tip100:DNA	370	18.4410463767	322	322.00	322	100.00
2Cell_Ctrl	74500164	MamRep1894:hAT:DNA	36	17.7668319156	321	321.00	321	100.00
2Cell_Ctrl	74500164	Helitron3Na_Mam:Helitron:RC	191	15.3150558018	320	320.00	320	100.00
2Cell_Ctrl	74500164	LTRIS4:ERV1:LTR	147	11.6144367507	320	380.49	395	96.33
2Cell_Ctrl	74500164	MER94:hAT-Blackjack:DNA	466	20.1294756918	316	316.47	317	99.83
2Cell_Ctrl	74500164	IAPLTR4_I:ERVK:LTR	183	11.9599975557	315	417.23	447	93.34
2Cell_Ctrl	74500164	X7B_LINE:CR1:LINE	162	11.2220730404	314	349.00	349	100.00
2Cell_Ctrl	74500164	LTR73:ERV1:LTR	137	13.7526095392	313	319.07	320	99.71
2Cell_Ctrl	74500164	MER90:ERV1:LTR	245	11.8879271458	310	313.32	314	99.78
2Cell_Ctrl	74500164	Charlie25:hAT-Charlie:DNA	301	13.202814798	307	308.50	310	99.52
2Cell_Ctrl	74500164	MER121:TcMar?:DNA	588	19.0355941039	307	307.00	307	100.00
2Cell_Ctrl	74500164	MER67D:ERV1:LTR	468	13.7674040367	306	344.60	351	98.18
2Cell_Ctrl	74500164	IAPEY4_LTR:ERVK:LTR	95	14.8785495325	304	633.25	712	88.94
2Cell_Ctrl	74500164	MER58D:hAT-Charlie:DNA	292	15.6002569309	300	301.73	302	99.91
2Cell_Ctrl	74500164	LTR33C:ERVL:LTR	232	15.1778072964	297	306.52	309	99.20
2Cell_Ctrl	74500164	MER135:DNA:DNA	287	18.4253289638	297	297.00	297	100.00
2Cell_Ctrl	74500164	RLTR9A3B:ERVK:LTR	346	13.63450965	297	329.86	337	97.88
2Cell_Ctrl	74500164	hAT-N1_Mam:hAT?:DNA	185	14.2935421234	296	296.00	296	100.00
2Cell_Ctrl	74500164	L4_B_Mam:RTE-X:LINE	361	16.8911855631	295	297.30	299	99.43
2Cell_Ctrl	74500164	L1M2b:L1:LINE	16	14.2495552479	293	293.00	293	100.00
2Cell_Ctrl	74500164	MER70A:ERVL:LTR	184	10.3017978505	293	307.82	315	97.72
2Cell_Ctrl	74500164	ERV3-16A3_LTR:ERVL:LTR	279	15.645596415	291	294.59	302	97.54
2Cell_Ctrl	74500164	Tigger20a:TcMar-Tigger:DNA	188	14.1270060526	291	292.56	296	98.84
2Cell_Ctrl	74500164	L1M7:L1:LINE	207	12.6941194078	286	286.00	286	100.00
2Cell_Ctrl	74500164	MER57E1:ERV1:LTR	210	11.4175606117	283	286.91	287	99.97
2Cell_Ctrl	74500164	Charlie22a:hAT-Charlie:DNA	163	12.352372222	281	281.25	282	99.74
2Cell_Ctrl	74500164	IAPA_MM-int:ERVK:LTR	126	10.5754555502	280	473.72	960	49.35
2Cell_Ctrl	74500164	L1M6:L1:LINE	329	14.7483020283	280	280.53	281	99.83
2Cell_Ctrl	74500164	RLTR12B2:ERVK:LTR	95	8.60288634765	280	284.43	296	96.09
2Cell_Ctrl	74500164	MER99:hAT?:DNA	198	13.0716452873	279	279.37	282	99.07
2Cell_Ctrl	74500164	Charlie20a:hAT-Charlie:DNA	161	12.3375787382	276	276.00	276	100.00
2Cell_Ctrl	74500164	MER106A:hAT-Charlie:DNA	115	12.4451254177	276	277.48	279	99.46
2Cell_Ctrl	74500164	L1M3de:L1:LINE	157	9.49401612815	274	283.22	286	99.03
2Cell_Ctrl	74500164	MamRep4096:hAT?:DNA	180	11.8642750122	272	272.29	273	99.74
2Cell_Ctrl	74500164	AmnSINE2:Deu:SINE	391	17.0822210909	270	270.74	271	99.90
2Cell_Ctrl	74500164	HERV16-int:ERVL:LTR	277	13.321771917	270	271.06	273	99.29
2Cell_Ctrl	74500164	RLTR10D2:ERVK:LTR	225	13.388527938	267	285.06	295	96.63
2Cell_Ctrl	74500164	RLTR5_Mm:ERV1:LTR	601	6.78827189668	267	297.47	303	98.18
2Cell_Ctrl	74500164	L1ME5:L1:LINE	146	8.23651789001	265	265.44	266	99.79
2Cell_Ctrl	74500164	LTR81B:Gypsy:LTR	204	11.3345038681	265	266.06	267	99.65
2Cell_Ctrl	74500164	ORR1G-int:ERVL-MaLR:LTR	70	6.45518022978	265	273.77	278	98.48
2Cell_Ctrl	74500164	Kanga11a:TcMar-Tc2:DNA	187	9.10818149928	264	268.91	271	99.23
2Cell_Ctrl	74500164	RLTR1:ERV1:LTR	62	4.23585025476	264	265.79	266	99.92
2Cell_Ctrl	74500164	MER21-int:ERVL:LTR	105	11.8235984429	262	267.42	269	99.41
2Cell_Ctrl	74500164	RLTR6C_Mm:ERV1:LTR	102	8.96421537531	262	342.70	376	91.14
2Cell_Ctrl	74500164	MLTR32C_MM:ERVK:LTR	127	7.27153805602	257	263.18	264	99.69
2Cell_Ctrl	74500164	U3:snRNA:snRNA	97	25.7185540209	256	559.89	560	99.98
2Cell_Ctrl	74500164	ERVB5_1-LTR_MM:ERVK:LTR	143	9.1338186316	255	268.18	270	99.33
2Cell_Ctrl	74500164	Tigger14a:TcMar-Tigger:DNA	225	13.5736580231	255	255.35	257	99.36
2Cell_Ctrl	74500164	Charlie23a:hAT-Charlie:DNA	157	13.7273879582	254	254.00	254	100.00
2Cell_Ctrl	74500164	MER50:ERV1:LTR	13	16.2248803782	253	253.00	253	100.00
2Cell_Ctrl	74500164	UCON29:PiggyBac?:DNA	141	12.0574717075	252	253.00	253	100.00
2Cell_Ctrl	74500164	MamRep1879:hAT-Tip100?:DNA	105	12.1957213188	251	251.00	253	99.21
2Cell_Ctrl	74500164	MamTip3:hAT-Tip100:DNA	180	13.2227534743	247	247.00	247	100.00
2Cell_Ctrl	74500164	Charlie17:hAT-Charlie:DNA	134	11.0966186382	245	248.04	251	98.82
2Cell_Ctrl	74500164	Eulor8:TcMar?:DNA	110	10.5907231996	244	245.68	246	99.87
2Cell_Ctrl	74500164	LTR102_Mam:ERVL:LTR	215	13.1543439038	243	243.00	243	100.00
2Cell_Ctrl	74500164	Zaphod3:hAT-Tip100:DNA	454	14.03651177	242	247.42	249	99.36
2Cell_Ctrl	74500164	Charlie13b:hAT-Charlie:DNA	114	10.9789778531	241	241.00	241	100.00
2Cell_Ctrl	74500164	Charlie21a:hAT-Charlie:DNA	174	10.7583492435	241	248.69	249	99.88
2Cell_Ctrl	74500164	Charlie13a:hAT-Charlie:DNA	184	10.2942950379	239	247.43	251	98.58
2Cell_Ctrl	74500164	MER113A:hAT-Charlie:DNA	140	11.3398685044	237	237.00	237	100.00
2Cell_Ctrl	74500164	MER124:DNA?:DNA?	252	12.9744895227	235	235.00	235	100.00
2Cell_Ctrl	74500164	MER31-int:ERV1:LTR	149	9.02340111508	235	236.01	241	97.93
2Cell_Ctrl	74500164	LTR55:ERVL?:LTR	160	13.6742687059	233	239.00	239	100.00
2Cell_Ctrl	74500164	LTR85a:Gypsy?:LTR	234	13.7118041786	233	234.26	239	98.02
2Cell_Ctrl	74500164	RLTR13F:ERVK:LTR	98	6.06314931771	233	239.33	240	99.72
2Cell_Ctrl	74500164	Charlie16a:hAT-Charlie:DNA	197	12.1097049235	232	235.93	236	99.97
2Cell_Ctrl	74500164	Charlie11:hAT-Charlie:DNA	52	5.00371682497	230	231.79	233	99.48
2Cell_Ctrl	74500164	ERVB7_4-LTR_MM:ERVK:LTR	166	8.90542395088	230	231.68	239	96.94
2Cell_Ctrl	74500164	MLT1B-int:ERVL-MaLR:LTR	165	7.15081437816	230	237.49	240	98.95
2Cell_Ctrl	74500164	MER106B:hAT-Charlie:DNA	242	15.3169417561	228	265.91	271	98.12
2Cell_Ctrl	74500164	MLT1F2-int:ERVL-MaLR:LTR	68	5.82796526471	227	231.71	235	98.60
2Cell_Ctrl	74500164	Tigger8:TcMar-Tigger:DNA	121	10.8981612097	227	227.00	227	100.00
2Cell_Ctrl	74500164	Chap1_Mam:hAT-Charlie:DNA	153	9.76256953111	226	227.09	228	99.60
2Cell_Ctrl	74500164	LTR84b:ERVL:LTR	187	12.5177551814	224	228.01	229	99.57
2Cell_Ctrl	74500164	RLTR13D:ERVK:LTR	45	3.55363987229	224	226.07	228	99.15
2Cell_Ctrl	74500164	MER5C:hAT-Charlie:DNA	242	12.9363320447	221	226.56	234	96.82
2Cell_Ctrl	74500164	RLTR53B_Mm:ERVK:LTR	160	9.2921490965	221	221.65	225	98.51
2Cell_Ctrl	74500164	MamRep38:hAT:DNA	212	13.3364878343	219	248.29	261	95.13
2Cell_Ctrl	74500164	L1M3d:L1:LINE	171	8.84315512614	218	221.00	224	98.66
2Cell_Ctrl	74500164	MLT1C-int:ERVL-MaLR:LTR	122	5.82122503523	218	219.50	220	99.77
2Cell_Ctrl	74500164	ERVB4_3-I_MM-int:ERVK:LTR	99	4.35657424922	215	254.49	261	97.50
2Cell_Ctrl	74500164	RLTR44D:ERVK:LTR	100	7.81307521405	213	218.14	225	96.95
2Cell_Ctrl	74500164	Charlie4:hAT-Charlie:DNA	161	10.2842282304	211	216.50	217	99.77
2Cell_Ctrl	74500164	MER66-int:ERV1:LTR	23	10.0626315539	209	210.06	211	99.55
2Cell_Ctrl	74500164	RLTR30C_MM:ERV1:LTR	124	6.05117928046	209	226.67	229	98.98
2Cell_Ctrl	74500164	HAL1_SS:L1:LINE	79	6.81393065323	205	206.00	207	99.52
2Cell_Ctrl	74500164	LTR33B:ERVL:LTR	268	9.90219829982	205	207.43	212	97.84
2Cell_Ctrl	74500164	ORSL:hAT-Tip100:DNA	281	11.1615386764	204	205.83	207	99.43
2Cell_Ctrl	74500164	RMER16B3:ERVK:LTR	101	8.28791389036	203	206.10	209	98.61
2Cell_Ctrl	74500164	ERVB4_3-LTR_MM:ERVK:LTR	137	5.07398854082	202	217.00	218	99.54
2Cell_Ctrl	74500164	ORSL-2b:hAT-Tip100:DNA	210	10.9611185664	200	200.00	200	100.00
2Cell_Ctrl	74500164	Tigger12:TcMar-Tigger:DNA	155	8.56829310665	200	202.34	204	99.19
2Cell_Ctrl	74500164	LTR89:ERVL?:LTR	146	9.08902926459	198	198.00	198	100.00
2Cell_Ctrl	74500164	Eulor5A:DNA?:DNA?	80	10.4011319963	197	197.00	197	100.00
2Cell_Ctrl	74500164	L1MEg2:L1:LINE	112	7.43118139771	197	197.50	198	99.75
2Cell_Ctrl	74500164	MER67A:ERV1:LTR	176	6.87477386518	196	196.50	197	99.75
2Cell_Ctrl	74500164	LTR83:ERVL:LTR	161	9.82570869046	193	194.58	196	99.27
2Cell_Ctrl	74500164	MamGypLTR3a:Gypsy:LTR	161	9.27470554357	192	196.82	197	99.91
2Cell_Ctrl	74500164	MLTR31E_MM:ERVK:LTR	164	6.92842362975	192	194.50	195	99.74
2Cell_Ctrl	74500164	L1MEh:L1:LINE	202	9.18175091888	189	189.66	194	97.76
2Cell_Ctrl	74500164	LTR82B:ERVL:LTR	290	9.75274300572	189	191.07	192	99.52
2Cell_Ctrl	74500164	LTRIS5:ERV1:LTR	85	6.90998424996	188	189.00	189	100.00
2Cell_Ctrl	74500164	MER45C:hAT-Tip100:DNA	290	11.698624442	188	189.27	190	99.62
2Cell_Ctrl	74500164	U8:snRNA:snRNA	5	12.2624059722	187	187.00	187	100.00
2Cell_Ctrl	74500164	LTR52:ERVL:LTR	230	8.62485310942	183	185.18	187	99.03
2Cell_Ctrl	74500164	LTR53:ERVL:LTR	226	10.5201380546	183	184.76	187	98.80
2Cell_Ctrl	74500164	LTR81C:Gypsy:LTR	99	9.98942179668	182	182.00	182	100.00
2Cell_Ctrl	74500164	MLT1G3-int:ERVL-MaLR:LTR	58	4.9957899554	179	179.00	179	100.00
2Cell_Ctrl	74500164	MLT1F1-int:ERVL-MaLR:LTR	89	6.52618984447	178	180.00	181	99.45
2Cell_Ctrl	74500164	Kanga1b:TcMar-Tc2:DNA	121	7.78663506296	175	188.69	190	99.31
2Cell_Ctrl	74500164	LTR106_Mam:LTR:LTR	164	7.84248916772	173	177.57	178	99.76
2Cell_Ctrl	74500164	MER57-int:ERV1:LTR	202	8.34108754115	172	173.00	173	100.00
2Cell_Ctrl	74500164	RLTR1F_Mm:ERVK:LTR	83	4.58580635538	170	178.93	180	99.41
2Cell_Ctrl	74500164	MER47A:TcMar-Tigger:DNA	127	7.46393659282	169	169.00	169	100.00
2Cell_Ctrl	74500164	X8_LINE:CR1:LINE	158	9.09444225174	169	169.64	170	99.79
2Cell_Ctrl	74500164	Helitron1Nb_Mam:Helitron:RC	92	5.95226344779	168	169.60	170	99.76
2Cell_Ctrl	74500164	MLT1H2-int:ERVL-MaLR:LTR	53	4.90849328454	167	169.26	173	97.84
2Cell_Ctrl	74500164	MamGypLTR1b:Gypsy:LTR	141	9.22583088635	166	166.00	166	100.00
2Cell_Ctrl	74500164	Kanga1d:TcMar-Tc2:DNA	131	8.8652598099	165	167.19	172	97.20
2Cell_Ctrl	74500164	LTRIS6:ERV1:LTR	149	6.83565907429	164	173.78	175	99.30
2Cell_Ctrl	74500164	LTR81A:Gypsy:LTR	180	10.485824745	160	162.88	163	99.93
2Cell_Ctrl	74500164	RLTR19A2:ERVK:LTR	94	6.53959497111	158	162.24	167	97.15
2Cell_Ctrl	74500164	ERVB2_1-I_MM-int:ERVK:LTR	83	4.64583039336	157	166.88	168	99.33
2Cell_Ctrl	74500164	Kanga1a:TcMar-Tc2:DNA	191	8.78577120018	152	154.40	158	97.72
2Cell_Ctrl	74500164	MER126:DNA:DNA	118	9.30012773094	150	150.00	150	100.00
2Cell_Ctrl	74500164	BGLII_C:ERVK:LTR	74	4.85779405863	148	148.00	149	99.33
2Cell_Ctrl	74500164	MER34-int:ERV1:LTR	66	5.21523966164	144	145.01	147	98.64
2Cell_Ctrl	74500164	RNERVK23-int:ERVK:LTR	45	4.82095206825	144	146.12	149	98.06
2Cell_Ctrl	74500164	L1P5:L1:LINE	166	5.72864462338	142	143.88	144	99.92
2Cell_Ctrl	74500164	LTR88b:Gypsy?:LTR	178	8.32936710065	141	141.00	141	100.00
2Cell_Ctrl	74500164	Tigger11a:TcMar-Tigger:DNA	75	5.93405044602	140	140.00	140	100.00
2Cell_Ctrl	74500164	RLTR50A:ERVK:LTR	85	5.47700592868	135	137.62	139	99.01
2Cell_Ctrl	74500164	MLT1A1-int:ERVL-MaLR:LTR	130	5.2451712821	133	139.00	139	100.00
2Cell_Ctrl	74500164	X3_LINE:RTE-BovB:LINE	260	8.55333919641	132	134.03	137	97.83
2Cell_Ctrl	74500164	LTR105_Mam:ERVL:LTR	124	6.84688081091	131	131.50	132	99.62
2Cell_Ctrl	74500164	Charlie7a:hAT-Charlie:DNA	102	7.14625548372	128	128.00	128	100.00
2Cell_Ctrl	74500164	L1M3b:L1:LINE	169	4.75653782917	126	130.27	131	99.45
2Cell_Ctrl	74500164	L1PB4:L1:LINE	144	5.24494374121	126	126.50	127	99.61
2Cell_Ctrl	74500164	MADE2:TcMar-Mariner:DNA	208	9.03462905579	126	126.50	127	99.61
2Cell_Ctrl	74500164	Charlie26a:hAT-Charlie:DNA	98	6.37038730429	125	127.02	128	99.24
2Cell_Ctrl	74500164	LTR68:ERV1:LTR	106	4.80948973785	124	124.00	129	96.12
2Cell_Ctrl	74500164	LTR53B:ERVL:LTR	83	5.08713676739	123	123.00	123	100.00
2Cell_Ctrl	74500164	RLTR3_Mm:ERVK:LTR	31	4.99546807961	121	130.00	130	100.00
2Cell_Ctrl	74500164	Tigger17b:TcMar-Tigger:DNA	72	4.58207334524	120	121.55	122	99.63
2Cell_Ctrl	74500164	Arthur1A:hAT-Tip100:DNA	148	5.99075168903	118	118.00	118	100.00
2Cell_Ctrl	74500164	LTR86B1:ERVL:LTR	49	7.00110344061	118	118.00	119	99.16
2Cell_Ctrl	74500164	MamGypLTR2b:Gypsy:LTR	109	7.86830645379	116	116.00	116	100.00
2Cell_Ctrl	74500164	MLT1H1-int:ERVL-MaLR:LTR	49	4.0369987225	115	115.50	116	99.57
2Cell_Ctrl	74500164	LTR40A1:ERVL:LTR	114	5.81196795424	113	113.00	113	100.00
2Cell_Ctrl	74500164	Eulor9A:DNA:DNA	60	5.65011104357	112	113.83	115	98.98
2Cell_Ctrl	74500164	HY3:scRNA:scRNA	15	11.3518248459	111	111.61	112	99.66
2Cell_Ctrl	74500164	MER110A:ERV1:LTR	196	6.47885802036	111	111.50	112	99.55
2Cell_Ctrl	74500164	tRNA-Ala-GCA:tRNA:tRNA	749	9.63011127349	111	111.00	112	99.11
2Cell_Ctrl	74500164	RLTR19D:ERVK:LTR	64	5.15547540142	110	121.89	128	95.22
2Cell_Ctrl	74500164	Eulor6B:DNA?:DNA?	56	5.47884791496	109	109.00	109	100.00
2Cell_Ctrl	74500164	MamGypLTR3:Gypsy:LTR	105	5.44929541274	109	109.00	109	100.00
2Cell_Ctrl	74500164	Charlie17a:hAT-Charlie:DNA	63	5.50817910623	107	107.00	107	100.00
2Cell_Ctrl	74500164	LTR86A1:ERVL:LTR	92	6.06508719355	107	108.00	108	100.00
2Cell_Ctrl	74500164	Eulor12:DNA?:DNA?	35	5.55367412275	106	106.00	106	100.00
2Cell_Ctrl	74500164	X7C_LINE:CR1:LINE	155	5.21438357704	105	105.00	105	100.00
2Cell_Ctrl	74500164	HERVL74-int:ERVL:LTR	149	4.43454296579	103	104.00	104	100.00
2Cell_Ctrl	74500164	LTR75:ERVL:LTR	94	4.19435484691	103	104.29	105	99.33
2Cell_Ctrl	74500164	MER73:ERVL:LTR	135	5.52945457446	102	103.09	104	99.12
2Cell_Ctrl	74500164	Ricksha_0:MULE-MuDR:DNA	82	3.52195545289	101	102.00	102	100.00
2Cell_Ctrl	74500164	RLTR47_MM:ERV1:LTR	45	4.06234968243	101	157.81	172	91.75
2Cell_Ctrl	74500164	MLT2E:ERVL:LTR	126	4.51671760638	100	101.64	104	97.74
2Cell_Ctrl	74500164	L5:RTE-X:LINE	122	4.8173867826	99	99.00	99	100.00
2Cell_Ctrl	74500164	MLT1E2-int:ERVL-MaLR:LTR	35	2.72832215039	99	99.00	99	100.00
2Cell_Ctrl	74500164	Helitron1Na_Mam:Helitron:RC	62	3.2320801074	97	97.00	97	100.00
2Cell_Ctrl	74500164	MER88:ERVL:LTR	58	4.04219990301	97	97.83	99	98.82
2Cell_Ctrl	74500164	UCON23:hAT?:DNA	22	5.81254194328	97	97.00	97	100.00
2Cell_Ctrl	74500164	L1M3f:L1:LINE	100	3.9625992655	96	96.00	96	100.00
2Cell_Ctrl	74500164	LTR16D1:ERVL:LTR	90	3.55681292535	96	98.67	99	99.66
2Cell_Ctrl	74500164	MER110:ERV1:LTR	147	5.30256962991	96	96.00	96	100.00
2Cell_Ctrl	74500164	MLT1A-int:ERVL-MaLR:LTR	123	3.94012641618	96	96.89	99	97.87
2Cell_Ctrl	74500164	RLTR46A2:ERVK:LTR	58	3.41758671976	96	96.67	97	99.66
2Cell_Ctrl	74500164	MER127:TcMar-Tigger:DNA	119	4.98560540353	95	95.00	95	100.00
2Cell_Ctrl	74500164	Ricksha:MuDR:DNA	85	3.62299472362	94	96.39	97	99.37
2Cell_Ctrl	74500164	X7A_LINE:CR1:LINE	159	5.42844594751	94	94.50	95	99.47
2Cell_Ctrl	74500164	Tigger12c:TcMar-Tigger:DNA	97	4.32678073783	92	92.00	92	100.00
2Cell_Ctrl	74500164	LTR90A:LTR:LTR	99	4.73689279488	91	91.72	92	99.69
2Cell_Ctrl	74500164	MER95:ERV1:LTR	54	3.00723619067	90	90.00	90	100.00
2Cell_Ctrl	74500164	LTR86A2:ERVL:LTR	79	6.38101052889	89	135.27	140	96.62
2Cell_Ctrl	74500164	MamGypLTR2c:Gypsy:LTR	110	5.05451573265	88	88.00	88	100.00
2Cell_Ctrl	74500164	Mam_R4:Dong-R4:LINE	138	5.29936777444	88	88.84	89	99.83
2Cell_Ctrl	74500164	MamGypLTR1c:Gypsy:LTR	145	4.32601413202	87	87.00	87	100.00
2Cell_Ctrl	74500164	MER113B:hAT-Charlie:DNA	72	3.9372881876	87	87.00	87	100.00
2Cell_Ctrl	74500164	MER65-int:ERV1:LTR	49	4.18591148543	87	97.00	97	100.00
2Cell_Ctrl	74500164	Ricksha:MULE-MuDR:DNA	60	4.51217507032	87	87.00	87	100.00
2Cell_Ctrl	74500164	Tigger12A:TcMar-Tigger:DNA	86	5.94200884421	87	87.00	87	100.00
2Cell_Ctrl	74500164	X2_LINE:CR1:LINE	32	3.6281914634	87	87.00	87	100.00
2Cell_Ctrl	74500164	X6A_LINE:CR1:LINE	145	3.99793631695	87	87.74	88	99.70
2Cell_Ctrl	74500164	MER97a:hAT-Tip100:DNA	53	3.12918650627	86	88.00	88	100.00
2Cell_Ctrl	74500164	LTR88a:Gypsy?:LTR	64	5.85553614647	85	85.00	85	100.00
2Cell_Ctrl	74500164	LTR90B:LTR:LTR	91	5.3896086524	85	86.19	89	96.85
2Cell_Ctrl	74500164	U14:snRNA:snRNA	4	5.40157317637	85	85.00	85	100.00
2Cell_Ctrl	74500164	X6B_LINE:CR1:LINE	274	5.96734760407	83	83.00	83	100.00
2Cell_Ctrl	74500164	Helitron2Na_Mam:Helitron?:RC?	74	4.31552299607	82	82.58	83	99.49
2Cell_Ctrl	74500164	MER87:ERV1:LTR	46	4.789205359	82	85.00	85	100.00
2Cell_Ctrl	74500164	Arthur1C:hAT-Tip100:DNA	155	4.13849925173	81	81.00	81	100.00
2Cell_Ctrl	74500164	LTR88c:Gypsy?:LTR	118	3.46638475817	81	81.00	81	100.00
2Cell_Ctrl	74500164	MamGypLTR1a:Gypsy:LTR	137	5.34523322797	81	83.92	85	98.72
2Cell_Ctrl	74500164	L1MEg1:L1:LINE	92	4.53853610044	80	80.00	80	100.00
2Cell_Ctrl	74500164	MER50B:ERV1:LTR	14	2.97805966884	80	80.00	80	100.00
2Cell_Ctrl	74500164	LTR84a:ERVL:LTR	136	4.70693694342	79	79.19	81	97.76
2Cell_Ctrl	74500164	LTR107_Mam:LTR:LTR	93	4.44041803949	76	76.00	76	100.00
2Cell_Ctrl	74500164	MamGypLTR1d:Gypsy:LTR	116	3.74801569503	76	76.00	76	100.00
2Cell_Ctrl	74500164	MamTip1:hAT-Tip100:DNA	82	4.15436666859	76	76.00	76	100.00
2Cell_Ctrl	74500164	LTR85c:Gypsy?:LTR	119	4.24444710336	75	76.00	76	100.00
2Cell_Ctrl	74500164	MLT1J1-int:ERVL-MaLR:LTR	67	2.70093994228	75	75.00	75	100.00
2Cell_Ctrl	74500164	LTR85b:Gypsy?:LTR	106	3.99087433375	74	74.00	74	100.00
2Cell_Ctrl	74500164	RLTR46:ERVK:LTR	46	2.21535217617	73	77.41	79	97.99
2Cell_Ctrl	74500164	tRNA-Tyr-TAC:tRNA:tRNA	20	7.00425720775	72	72.00	72	100.00
2Cell_Ctrl	74500164	LTR80A:ERVL:LTR	112	3.12493729679	71	71.00	71	100.00
2Cell_Ctrl	74500164	MER125:DNA:DNA	111	4.83225924392	71	71.00	71	100.00
2Cell_Ctrl	74500164	MER5C1:hAT-Charlie:DNA	75	4.83179463838	71	71.00	71	100.00
2Cell_Ctrl	74500164	tRNA-Leu-CTA_:tRNA:tRNA	4	8.31686549223	70	70.00	70	100.00
2Cell_Ctrl	74500164	LTR45:ERV1:LTR	31	1.82513361505	69	69.80	70	99.71
2Cell_Ctrl	74500164	MER65D:ERV1:LTR	101	4.52650843228	69	69.00	69	100.00
2Cell_Ctrl	74500164	RLTR46B:ERVK:LTR	73	3.35583445705	69	70.00	70	100.00
2Cell_Ctrl	74500164	MLT1N2-int:ERVL-MaLR:LTR	3	1.10636323464	68	68.00	68	100.00
2Cell_Ctrl	74500164	MMTV-int:ERVK:LTR	35	1.93824536714	68	86.00	86	100.00
2Cell_Ctrl	74500164	MER4B-int:ERV1:LTR	52	3.45722519412	66	66.00	66	100.00
2Cell_Ctrl	74500164	MLT1I-int:ERVL-MaLR:LTR	57	2.7868658434	64	64.00	64	100.00
2Cell_Ctrl	74500164	Charlie14a:hAT-Charlie:DNA	72	3.65065587597	63	63.00	63	100.00
2Cell_Ctrl	74500164	LTR69:ERVL:LTR	74	3.00509145192	63	63.00	63	100.00
2Cell_Ctrl	74500164	MER97c:hAT-Tip100:DNA	64	3.1610925797	63	65.00	67	97.01
2Cell_Ctrl	74500164	MER70-int:ERVL:LTR	56	2.38037378858	62	62.00	62	100.00
2Cell_Ctrl	74500164	RLTR12F:ERVK:LTR	60	1.68489088869	62	64.00	64	100.00
2Cell_Ctrl	74500164	tRNA-Ala-GCG:tRNA:tRNA	194	4.92306113428	59	60.00	60	100.00
2Cell_Ctrl	74500164	Eulor2B:DNA?:DNA?	42	3.58875921202	58	58.00	58	100.00
2Cell_Ctrl	74500164	LTR75B:ERVL:LTR	69	3.45127629243	58	58.00	58	100.00
2Cell_Ctrl	74500164	MER57E2:ERV1:LTR	62	2.97016525353	58	58.70	61	96.22
2Cell_Ctrl	74500164	MER96:hAT-Tip100:DNA	104	3.33282261085	58	58.00	58	100.00
2Cell_Ctrl	74500164	Eulor11:DNA:DNA	49	3.30130690765	57	57.00	57	100.00
2Cell_Ctrl	74500164	FAM:Alu:SINE	117	3.07599112697	57	57.00	57	100.00
2Cell_Ctrl	74500164	LTR108e_Mam:ERVL:LTR	36	3.21672169046	57	57.00	57	100.00
2Cell_Ctrl	74500164	LTR91:ERVL:LTR	57	4.00515229636	57	57.00	57	100.00
2Cell_Ctrl	74500164	RLTR46A:ERVK:LTR	71	1.87758799518	57	57.25	58	98.71
2Cell_Ctrl	74500164	Charlie10b:hAT-Charlie:DNA	48	3.08361025179	56	56.00	56	100.00
2Cell_Ctrl	74500164	LTR81:Gypsy:LTR	70	3.68113205725	56	56.00	56	100.00
2Cell_Ctrl	74500164	MER74C:ERVL:LTR	114	2.46290473272	56	56.00	56	100.00
2Cell_Ctrl	74500164	MER89-int:ERV1:LTR	98	3.78662425027	56	56.00	56	100.00
2Cell_Ctrl	74500164	MER92C:ERV1:LTR	72	3.35871128372	55	63.26	64	98.85
2Cell_Ctrl	74500164	HY1:scRNA:scRNA	38	3.89610913637	54	54.00	54	100.00
2Cell_Ctrl	74500164	MER94B:hAT-Blackjack:DNA	86	3.78023333094	54	54.00	54	100.00
2Cell_Ctrl	74500164	MERX:TcMar-Tigger:DNA	64	3.3535410125	54	54.00	54	100.00
2Cell_Ctrl	74500164	X5B_LINE:CR1:LINE	79	3.81351830839	54	54.00	54	100.00
2Cell_Ctrl	74500164	tRNA-Ser-AGY:tRNA:tRNA	15	3.98652772496	53	53.00	53	100.00
2Cell_Ctrl	74500164	Charlie10a:hAT-Charlie:DNA	61	2.789967176	52	52.00	52	100.00
2Cell_Ctrl	74500164	MER134:DNA?:DNA?	53	3.03217145637	50	50.00	50	100.00
2Cell_Ctrl	74500164	MER97b:hAT-Tip100:DNA	55	2.01233782719	50	51.00	51	100.00
2Cell_Ctrl	74500164	MLT1E1A-int:ERVL-MaLR:LTR	28	1.47687160735	50	51.00	51	100.00
2Cell_Ctrl	74500164	LTR108a_Mam:ERVL:LTR	39	2.43611383629	49	49.00	49	100.00
2Cell_Ctrl	74500164	LTR86C:ERVL:LTR	75	3.06639373782	47	47.00	47	100.00
2Cell_Ctrl	74500164	RLTR1E_MM:ERV1:LTR	86	2.5735263887	47	50.00	50	100.00
2Cell_Ctrl	74500164	tRNA-His-CAY_:tRNA:tRNA	16	9.06969750057	47	84.00	84	100.00
2Cell_Ctrl	74500164	tRNA-Ser-TCG:tRNA:tRNA	5	3.11556362793	47	47.00	47	100.00
2Cell_Ctrl	74500164	Eulor6D:DNA?:DNA?	47	2.40835692079	46	46.00	46	100.00
2Cell_Ctrl	74500164	L1M6B:L1:LINE	43	3.04737570037	42	42.00	42	100.00
2Cell_Ctrl	74500164	MER92D:ERV1:LTR	70	2.63124577606	42	43.20	48	90.00
2Cell_Ctrl	74500164	MLT1G1-int:ERVL-MaLR:LTR	51	2.07633536859	42	42.00	42	100.00
2Cell_Ctrl	74500164	X9_LINE:L1?:LINE	52	3.54446115225	42	42.00	42	100.00
2Cell_Ctrl	74500164	MER68C:ERVL:LTR	60	3.06143046616	41	44.00	44	100.00
2Cell_Ctrl	74500164	FordPrefect_a:hAT-Tip100:DNA	60	1.97461537311	39	39.00	39	100.00
2Cell_Ctrl	74500164	MER123:DNA:DNA	41	2.5442268559	39	39.00	39	100.00
2Cell_Ctrl	74500164	tRNA-Leu-TTG:tRNA:tRNA	24	3.32942183842	39	39.00	39	100.00
2Cell_Ctrl	74500164	DNA1_Mam:TcMar:DNA	45	2.78825193095	38	38.00	38	100.00
2Cell_Ctrl	74500164	LTR80B:ERVL:LTR	116	1.80401976731	38	38.50	39	98.72
2Cell_Ctrl	74500164	LTR45C:ERV1:LTR	24	2.30956845169	36	36.00	36	100.00
2Cell_Ctrl	74500164	tRNA-Lys-AAG:tRNA:tRNA	184	3.58476647025	35	38.67	40	96.68
2Cell_Ctrl	74500164	UCON7:DNA?:DNA?	99	2.43148519816	35	35.00	35	100.00
2Cell_Ctrl	74500164	MamRep488:hAT-Tip100:DNA	29	1.78883197113	34	34.00	34	100.00
2Cell_Ctrl	74500164	MER72B:ERV1:LTR	74	1.1303602749	34	34.00	34	100.00
2Cell_Ctrl	74500164	tRNA-Ile-ATT:tRNA:tRNA	40	2.63968610554	34	34.00	34	100.00
2Cell_Ctrl	74500164	Cheshire_Mars:hAT-Charlie:DNA	3	0.902752048526	31	31.08	32	97.12
2Cell_Ctrl	74500164	MER110-int:ERV1:LTR	38	1.97227397073	31	31.50	32	98.44
2Cell_Ctrl	74500164	MER136:DNA:DNA	23	1.05531685836	31	31.00	31	100.00
2Cell_Ctrl	74500164	ORSL-2a:hAT-Tip100:DNA	69	1.93860733891	31	31.00	31	100.00
2Cell_Ctrl	74500164	tRNA-Leu-CTG:tRNA:tRNA	16	8.25287778014	31	66.00	66	100.00
2Cell_Ctrl	74500164	LTR16D2:ERVL:LTR	65	1.8290017967	30	30.00	30	100.00
2Cell_Ctrl	74500164	Tigger1a_Art:TcMar-Tigger:DNA	37	1.56620313785	30	30.50	31	98.39
2Cell_Ctrl	74500164	MER51-int:ERV1:LTR	7	0.920679942438	29	29.00	29	100.00
2Cell_Ctrl	74500164	tRNA-Leu-CTY:tRNA:tRNA	8	5.99852813835	27	45.00	45	100.00
2Cell_Ctrl	74500164	Eulor9C:DNA:DNA	71	1.95485088926	26	26.00	26	100.00
2Cell_Ctrl	74500164	L1M3a:L1:LINE	120	1.78276793451	26	28.98	29	99.92
2Cell_Ctrl	74500164	MER129:LTR?:LTR?	63	1.49391390338	26	26.00	26	100.00
2Cell_Ctrl	74500164	RLTR9A4:ERVK:LTR	35	1.40998879112	23	23.00	23	100.00
2Cell_Ctrl	74500164	UCON13:Penelope?:LINE?	42	1.28311628797	21	21.00	21	100.00
2Cell_Ctrl	74500164	Eulor2A:DNA?:DNA?	41	1.57693828026	20	20.00	20	100.00
2Cell_Ctrl	74500164	LTR103_Mam:ERV1?:LTR	58	1.41673776736	20	20.00	20	100.00
2Cell_Ctrl	74500164	LTR32:ERVL:LTR	9	0.97067526464	20	20.00	20	100.00
2Cell_Ctrl	74500164	LTR9D:ERV1:LTR	11	1.21995024831	20	20.00	20	100.00
2Cell_Ctrl	74500164	MER92A:ERV1:LTR	37	1.03118108469	20	20.00	20	100.00
2Cell_Ctrl	74500164	LTR108c_Mam:ERVL:LTR	15	0.745226128274	19	19.00	19	100.00
2Cell_Ctrl	74500164	LTR52-int:ERVL:LTR	50	0.90430752322	19	22.00	22	100.00
2Cell_Ctrl	74500164	MER50-int:ERV1:LTR	14	1.3791008863	19	19.00	19	100.00
2Cell_Ctrl	74500164	tRNA-Ile-ATA:tRNA:tRNA	26	2.12296932087	19	19.00	19	100.00
2Cell_Ctrl	74500164	tRNA-Ser-TCA_:tRNA:tRNA	3	0.779921046252	18	18.00	18	100.00
2Cell_Ctrl	74500164	Ricksha_a:MULE-MuDR:DNA	30	0.809827569787	17	17.00	17	100.00
2Cell_Ctrl	74500164	MER96B:hAT:DNA	8	1.1479250243	16	16.00	16	100.00
2Cell_Ctrl	74500164	Ricksha_b:MuDR:DNA	2	0.851097560369	16	16.00	16	100.00
2Cell_Ctrl	74500164	Ricksha_b:MULE-MuDR:DNA	6	0.429529255801	16	16.00	16	100.00
2Cell_Ctrl	74500164	U13:snRNA:snRNA	13	1.09439996437	16	16.00	16	100.00
2Cell_Ctrl	74500164	U13_:snRNA:snRNA	19	1.05596811732	16	16.00	16	100.00
2Cell_Ctrl	74500164	LTR108b_Mam:ERVL:LTR	19	0.702919274729	15	15.00	15	100.00
2Cell_Ctrl	74500164	tRNA-Leu-TTA:tRNA:tRNA	18	1.35974938558	15	15.00	15	100.00
2Cell_Ctrl	74500164	UCON14:DNA?:DNA?	66	1.46083602713	15	15.00	15	100.00
2Cell_Ctrl	74500164	LTR29:ERV1:LTR	34	1.18864491667	14	14.00	14	100.00
2Cell_Ctrl	74500164	MLT1J2-int:ERVL-MaLR:LTR	27	0.628972674379	14	14.00	14	100.00
2Cell_Ctrl	74500164	X5A_LINE:CR1:LINE	69	1.32502875346	14	14.00	14	100.00
2Cell_Ctrl	74500164	ERVB4_1-LTR_MM:ERVK:LTR	21	0.807938391116	13	13.00	13	100.00
2Cell_Ctrl	74500164	LTR39:ERV1:LTR	11	0.464085798323	13	13.00	13	100.00
2Cell_Ctrl	74500164	MLT1E3-int:ERVL-MaLR:LTR	12	0.589657708065	13	13.00	13	100.00
2Cell_Ctrl	74500164	MLT1L-int:ERVL-MaLR:LTR	13	0.822996663725	13	13.00	13	100.00
2Cell_Ctrl	74500164	tRNA-Val-GTA:tRNA:tRNA	13	1.51489213138	13	13.00	13	100.00
2Cell_Ctrl	74500164	tRNA-Val-GTY:tRNA:tRNA	18	1.15560437198	13	13.00	13	100.00
2Cell_Ctrl	74500164	X1_LINE:CR1:LINE	40	0.988073622473	13	13.00	13	100.00
2Cell_Ctrl	74500164	LTR108d_Mam:ERVL:LTR	30	0.614606838	12	12.00	12	100.00
2Cell_Ctrl	74500164	MER133A:DNA?:DNA?	35	1.04393307407	12	12.00	12	100.00
2Cell_Ctrl	74500164	MER66C:ERV1:LTR	19	0.565626607426	12	12.00	12	100.00
2Cell_Ctrl	74500164	tRNA-Asn-AAC:tRNA:tRNA	27	8.33015294551	12	135.99	138	98.54
2Cell_Ctrl	74500164	tRNA-Ser-TCA(m):tRNA:tRNA	4	1.18704938891	12	13.00	13	100.00
2Cell_Ctrl	74500164	Eulor2C:DNA?:DNA?	24	0.574516271135	11	11.00	11	100.00
2Cell_Ctrl	74500164	MLT1E1-int:ERVL-MaLR:LTR	8	0.499740473483	11	11.99	12	99.88
2Cell_Ctrl	74500164	Ricksha_a:MuDR:DNA	11	0.805872635608	11	11.00	11	100.00
2Cell_Ctrl	74500164	C573_MM:Other:Other	1738	1.89402776802	10	25.40	26	97.69
2Cell_Ctrl	74500164	LTR9A1:ERV1:LTR	11	0.537576459096	10	10.00	10	100.00
2Cell_Ctrl	74500164	MER72:ERV1:LTR	9	0.526383891913	10	10.00	10	100.00
2Cell_Ctrl	74500164	MER91C:hAT-Tip100:DNA	110	0.90033130574	10	10.00	10	100.00
2Cell_Ctrl	74500164	tRNA-Arg-AGA:tRNA:tRNA	30	0.880419509539	10	10.00	10	100.00
2Cell_Ctrl	74500164	Eulor1:DNA:DNA	56	0.776618695915	9	9.00	9	100.00
2Cell_Ctrl	74500164	tRNA-Pro-CCA:tRNA:tRNA	10	0.798505320544	9	9.00	9	100.00
2Cell_Ctrl	74500164	Eulor3:DNA?:DNA?	28	0.680191439522	8	8.00	8	100.00
2Cell_Ctrl	74500164	Eulor6E:DNA?:DNA?	18	0.541691773216	8	8.00	8	100.00
2Cell_Ctrl	74500164	Eulor9B:DNA:DNA	14	0.345280752252	8	8.00	8	100.00
2Cell_Ctrl	74500164	LTR109A2:ERV1:LTR	37	0.636339638224	8	8.00	8	100.00
2Cell_Ctrl	74500164	LTR34:ERV1:LTR	8	0.445613089873	8	8.00	8	100.00
2Cell_Ctrl	74500164	LTR77:ERV1:LTR	38	0.402969929089	8	8.00	8	100.00
2Cell_Ctrl	74500164	MER76-int:ERVL:LTR	16	0.299950597627	8	8.00	8	100.00
2Cell_Ctrl	74500164	MLT1K-int:ERVL-MaLR:LTR	8	0.541288836579	8	8.00	8	100.00
2Cell_Ctrl	74500164	tRNA-Met-i:tRNA:tRNA	19	0.498813051409	8	8.00	8	100.00
2Cell_Ctrl	74500164	tRNA-Thr-ACY:tRNA:tRNA	14	1.07853289012	8	8.00	8	100.00
2Cell_Ctrl	74500164	MLT1G-int:ERVL-MaLR:LTR	39	0.499262505136	7	11.00	13	84.62
2Cell_Ctrl	74500164	Tigger1a_Mars:TcMar-Tigger:DNA	2	0.476951902064	7	7.00	7	100.00
2Cell_Ctrl	74500164	tRNA-Cys-TGY:tRNA:tRNA	89	0.825765435065	7	7.00	7	100.00
2Cell_Ctrl	74500164	tRNA-Gln-CAG:tRNA:tRNA	25	0.917985716532	7	7.00	7	100.00
2Cell_Ctrl	74500164	tRNA-Thr-ACA:tRNA:tRNA	17	0.776524997575	7	7.00	7	100.00
2Cell_Ctrl	74500164	tRNA-Thr-ACG:tRNA:tRNA	3	0.918741696534	7	7.00	7	100.00
2Cell_Ctrl	74500164	LTR59:ERV1:LTR	8	0.379890261617	6	6.00	6	100.00
2Cell_Ctrl	74500164	Ricksha_0:MuDR:DNA	29	0.536911569752	6	6.00	6	100.00
2Cell_Ctrl	74500164	tRNA-Arg-AGG:tRNA:tRNA	18	0.62595601728	6	6.00	6	100.00
2Cell_Ctrl	74500164	tRNA-Leu-CTA:tRNA:tRNA	3	0.970322114009	6	6.00	6	100.00
2Cell_Ctrl	74500164	tRNA-Ser-TCY:tRNA:tRNA	12	0.592319595119	6	6.00	6	100.00
2Cell_Ctrl	74500164	MARINER1_EC:TcMar-Tigger:DNA	2	0.402876018122	5	5.00	5	100.00
2Cell_Ctrl	74500164	MER133B:DNA?:DNA?	22	0.444463219993	5	5.00	5	100.00
2Cell_Ctrl	74500164	MER97d:hAT-Tip100:DNA	28	0.190599549864	5	5.00	5	100.00
2Cell_Ctrl	74500164	MLT1E-int:ERVL-MaLR:LTR	9	0.273934474363	5	5.00	5	100.00
2Cell_Ctrl	74500164	tRNA-Arg-CGY_:tRNA:tRNA	21	0.641375912977	5	5.00	5	100.00
2Cell_Ctrl	74500164	tRNA-Asp-GAY:tRNA:tRNA	33	0.857883368806	5	6.00	6	100.00
2Cell_Ctrl	74500164	tRNA-Gly-GGY:tRNA:tRNA	52	1.35768066856	5	12.00	12	100.00
2Cell_Ctrl	74500164	Cheshire_Mars_:hAT-Charlie:DNA	6	0.335237633295	4	4.00	4	100.00
2Cell_Ctrl	74500164	LTR86B2:ERVL:LTR	36	0.348831768372	4	4.00	4	100.00
2Cell_Ctrl	74500164	MamRep1161:TcMar:DNA	7	0.355570575995	4	4.00	4	100.00
2Cell_Ctrl	74500164	RMER3D3:ERVK:LTR	8	0.168310836913	4	4.00	4	100.00
2Cell_Ctrl	74500164	tRNA-Ser-TCA:tRNA:tRNA	1	0.355570575995	4	4.00	4	100.00
2Cell_Ctrl	74500164	Charlie1b_Mars:hAT-Charlie:DNA	2	0.132898903404	3	3.00	3	100.00
2Cell_Ctrl	74500164	Eulor10:DNA?:DNA?	29	0.268455784876	3	3.00	3	100.00
2Cell_Ctrl	74500164	Eulor5B:DNA?:DNA?	37	0.268455784876	3	3.00	3	100.00
2Cell_Ctrl	74500164	HUERS-P3b-int:ERV1:LTR	3	0.22496294822	3	3.00	3	100.00
2Cell_Ctrl	74500164	HY4:scRNA:scRNA	3	0.235487530593	3	3.00	3	100.00
2Cell_Ctrl	74500164	nhAT5a_ML:hAT-Charlie:DNA	4	0.288485766525	3	5.00	5	100.00
2Cell_Ctrl	74500164	Ricksha_c:MuDR:DNA	26	0.194533177446	3	3.00	3	100.00
2Cell_Ctrl	74500164	RNLTR23:ERVK:LTR	5	0.278398591723	3	3.00	3	100.00
2Cell_Ctrl	74500164	UCON21:DNA?:DNA?	23	0.266677931996	3	3.00	3	100.00
2Cell_Ctrl	74500164	LTR9:ERV1:LTR	13	0.183873825257	2	2.00	2	100.00
2Cell_Ctrl	74500164	MamRep137:TcMar?:DNA	4	0.178970523251	2	2.00	2	100.00
2Cell_Ctrl	74500164	tRNA-Arg-CGA_:tRNA:tRNA	2	0.209731081934	2	2.00	2	100.00
2Cell_Ctrl	74500164	tRNA-Gln-CAA:tRNA:tRNA	14	0.244050713524	2	2.00	2	100.00
2Cell_Ctrl	74500164	tRNA-Glu-GAG_:tRNA:tRNA	39	0.311331456993	2	3.00	3	100.00
2Cell_Ctrl	74500164	tRNA-His-CAY:tRNA:tRNA	1	0.177785287997	2	2.00	2	100.00
2Cell_Ctrl	74500164	tRNA-Thr-ACY_:tRNA:tRNA	15	0.260636684345	2	2.00	2	100.00
2Cell_Ctrl	74500164	Eulor6C:DNA?:DNA?	15	0.0561622980912	1	1.00	1	100.00
2Cell_Ctrl	74500164	LTR75_1:ERV1:LTR	9	0.0894852616253	1	1.00	1	100.00
2Cell_Ctrl	74500164	MER132:TcMar-Pogo:DNA	21	0.090085833851	1	1.00	1	100.00
2Cell_Ctrl	74500164	MER4CL34:ERV1:LTR	6	0.0894852616253	1	1.00	1	100.00
2Cell_Ctrl	74500164	MER66B:ERV1:LTR	7	0.0894852616253	1	1.00	1	100.00
2Cell_Ctrl	74500164	MER83B-int:ERV1:LTR	9	0.0366742875513	1	1.00	1	100.00
2Cell_Ctrl	74500164	RMER3D1:ERVK:LTR	1	0.12906528119	1	1.00	1	100.00
2Cell_Ctrl	74500164	tRNA-Arg-CGA:tRNA:tRNA	3	0.134227892438	1	1.00	1	100.00
2Cell_Ctrl	74500164	tRNA-Pro-CCG:tRNA:tRNA	4	0.149142102709	1	1.00	1	100.00
2Cell_Ctrl	74500164	tRNA-Pro-CCY:tRNA:tRNA	29	0.0599231662669	1	1.00	1	100.00
2Cell_Ctrl	74500164	tRNA-Val-GTG:tRNA:tRNA	25	0.102464040029	1	1.00	1	100.00
2Cell_Ctrl	74500164	Eulor6A:DNA?:DNA?	21	0	0	0.00	0	NA
2Cell_Ctrl	74500164	Eulor7:DNA?:DNA?	4	0	0	0.00	0	NA
2Cell_Ctrl	74500164	HERVL32-int:ERVL:LTR	1	0	0	0.00	0	NA
2Cell_Ctrl	74500164	HY5:scRNA:scRNA	1	0	0	0.00	0	NA
2Cell_Ctrl	74500164	L1M2a1:L1:LINE	11	0	0	0.00	0	NA
2Cell_Ctrl	74500164	LTR23-int:ERV1:LTR	11	0	0	0.00	0	NA
2Cell_Ctrl	74500164	LTR27C:ERV1:LTR	7	0	0	0.00	0	NA
2Cell_Ctrl	74500164	LTR28:ERV1:LTR	10	0	0	0.00	0	NA
2Cell_Ctrl	74500164	LTR36:ERV1:LTR	5	0	0	0.00	0	NA
2Cell_Ctrl	74500164	LTR44:ERV1:LTR	3	0	0	0.00	0	NA
2Cell_Ctrl	74500164	LTR58:ERV1:LTR	9	0	0	0.00	0	NA
2Cell_Ctrl	74500164	LTR64:ERV1:LTR	8	0	0	0.00	0	NA
2Cell_Ctrl	74500164	MER101B:ERV1:LTR	21	0	0	0.00	0	NA
2Cell_Ctrl	74500164	MER47C:TcMar-Tigger:DNA	14	0	0	0.00	0	NA
2Cell_Ctrl	74500164	MER49:ERV1:LTR	7	0	0	0.00	0	NA
2Cell_Ctrl	74500164	MER57E3:ERV1:LTR	4	0	0	0.00	0	NA
2Cell_Ctrl	74500164	MER66A:ERV1:LTR	5	0	0	0.00	0	NA
2Cell_Ctrl	74500164	MER83A-int:ERV1:LTR	1	0	0	0.00	0	NA
2Cell_Ctrl	74500164	MLT1O-int:ERVL-MaLR:LTR	2	0	0	0.00	0	NA
2Cell_Ctrl	74500164	RLTR43A:ERVK:LTR	3	0	0	0.00	0	NA
2Cell_Ctrl	74500164	RLTR43B:ERVK:LTR	1	0	0	0.00	0	NA
2Cell_Ctrl	74500164	RMER3D2:ERVK:LTR	3	0	0	0.00	0	NA
2Cell_Ctrl	74500164	RMER3D4:ERVK:LTR	2	0	0	0.00	0	NA
2Cell_Ctrl	74500164	tRNA-Ala-GCY:tRNA:tRNA	12	0	0	0.00	0	NA
2Cell_Ctrl	74500164	tRNA-Arg-CGG:tRNA:tRNA	3	0	0	0.00	0	NA
2Cell_Ctrl	74500164	tRNA-Gln-CAA_:tRNA:tRNA	4	0	0	0.00	0	NA
2Cell_Ctrl	74500164	tRNA-Glu-GAA:tRNA:tRNA	9	0.104865540967	0	1.00	1	100.00
2Cell_Ctrl	74500164	tRNA-Glu-GAG:tRNA:tRNA	6	0	0	0.00	0	NA
2Cell_Ctrl	74500164	tRNA-Gly-GGA:tRNA:tRNA	86	0.144331067138	0	1.00	1	100.00
2Cell_Ctrl	74500164	tRNA-Gly-GGG:tRNA:tRNA	24	0	0	0.00	0	NA
2Cell_Ctrl	74500164	tRNA-Leu-TTA(m):tRNA:tRNA	1	0	0	0.00	0	NA
2Cell_Ctrl	74500164	tRNA-Lys-AAA:tRNA:tRNA	22	0	0	0.00	0	NA
2Cell_Ctrl	74500164	tRNA-Met:tRNA:tRNA	21	0	0	0.00	0	NA
2Cell_Ctrl	74500164	tRNA-Met_:tRNA:tRNA	46	0	0	0.00	0	NA
2Cell_Ctrl	74500164	tRNA-Phe-TTY:tRNA:tRNA	47	0	0	0.00	0	NA
2Cell_Ctrl	74500164	tRNA-Thr-ACG_:tRNA:tRNA	20	0	0	0.00	0	NA
2Cell_Ctrl	74500164	tRNA-Trp-TGG:tRNA:tRNA	16	0	0	0.00	0	NA
2Cell_Ctrl	74500164	tRNA-Tyr-TAT:tRNA:tRNA	3	0	0	0.00	0	NA
2Cell_Ctrl	74500164	U7:snRNA:snRNA	49	0	0	0.00	0	NA
2Cell_Ctrl	74500164	X7D_LINE:CR1:LINE	10	0	0	0.00	0	NA
