Sample	aligned_libsize	Subfamily:Family:Class	copies	fpkm	uniq_counts	tot_counts	tot_reads	score
2Cell_DuxOE	50353099	MERVL-int:ERVL:LTR	2600	21896.5713177	2558445	5275732.27	5313868	99.28
2Cell_DuxOE	50353099	LSU-rRNA_Hsa:rRNA:rRNA	480	34231.8738098	1092739	1155645.11	1155651	100.00
2Cell_DuxOE	50353099	MTA_Mm-int:ERVL-MaLR:LTR	3027	32326.0356793	797645	2658579.33	2823305	94.17
2Cell_DuxOE	50353099	ORR1A0-int:ERVL-MaLR:LTR	456	5557.86618511	463946	644199.33	661703	97.35
2Cell_DuxOE	50353099	B3:B2:SINE	148427	21263.7050089	309604	317535.16	319336	99.44
2Cell_DuxOE	50353099	MTA_Mm:ERVL-MaLR:LTR	15623	17708.0485847	289581	626971.63	807626	77.63
2Cell_DuxOE	50353099	B2_Mm2:B2:SINE	90007	13816.505811	196998	201718.11	203225	99.26
2Cell_DuxOE	50353099	MT2_Mm:ERVL:LTR	2667	8665.35979294	196278	421407.51	481302	87.56
2Cell_DuxOE	50353099	ID_B1:B4:SINE	110827	11717.7446035	168922	170939.73	171940	99.42
2Cell_DuxOE	50353099	ORR1A1-int:ERVL-MaLR:LTR	859	1931.93196002	163013	208819.43	230344	90.66
2Cell_DuxOE	50353099	RSINE1:B4:SINE	115806	11290.8548665	153774	156764.67	157725	99.39
2Cell_DuxOE	50353099	L1Md_F2:L1:LINE	64898	3012.18054386	153312	176838.58	190051	93.05
2Cell_DuxOE	50353099	B1_Mus1:Alu:SINE	95081	11051.8792854	145298	148379.76	149526	99.23
2Cell_DuxOE	50353099	SSU-rRNA_Hsa:rRNA:rRNA	45	1621.85366104	138994	158007.00	158007	100.00
2Cell_DuxOE	50353099	B2_Mm1a:B2:SINE	18346	11878.057197	129254	157611.64	162003	97.29
2Cell_DuxOE	50353099	B4A:B4:SINE	107073	8675.23787957	129164	132651.02	133464	99.39
2Cell_DuxOE	50353099	B3A:B2:SINE	92925	8630.43333075	127322	129562.57	130410	99.35
2Cell_DuxOE	50353099	7SLRNA:srpRNA:srpRNA	437	55099.7908226	123252	1097634.00	1097631	100.00
2Cell_DuxOE	50353099	B2_Mm1t:B2:SINE	23218	9893.54773469	118804	136420.30	142355	95.83
2Cell_DuxOE	50353099	MERVL_2A-int:ERVL:LTR	3899	1011.30648095	118535	163124.34	490227	33.28
2Cell_DuxOE	50353099	B1_Mus2:Alu:SINE	70891	8209.41853666	104850	108196.81	109610	98.71
2Cell_DuxOE	50353099	7SK:RNA:RNA	691	7227.97279962	99459	129548.46	129559	99.99
2Cell_DuxOE	50353099	L1_Mus3:L1:LINE	48489	2253.46568403	87461	104284.49	107680	96.85
2Cell_DuxOE	50353099	PB1D10:Alu:SINE	65054	6536.95721683	81291	82329.20	82730	99.52
2Cell_DuxOE	50353099	L1Md_T:L1:LINE	23688	1182.32099	79915	136966.12	179935	76.12
2Cell_DuxOE	50353099	ORR1A2-int:ERVL-MaLR:LTR	2132	1009.14026949	70439	73966.64	79396	93.16
2Cell_DuxOE	50353099	ORR1A0:ERVL-MaLR:LTR	2133	2488.64745617	70433	86484.75	94968	91.07
2Cell_DuxOE	50353099	B1_Mur4:Alu:SINE	41031	5034.31109645	70240	71343.88	72089	98.97
2Cell_DuxOE	50353099	B1_Mur1:Alu:SINE	38058	5113.99958984	67924	70498.09	70922	99.40
2Cell_DuxOE	50353099	B4:B4:SINE	64020	4335.86790409	65472	66302.03	66789	99.27
2Cell_DuxOE	50353099	L1_Mus1:L1:LINE	27252	1469.5034603	63319	72355.39	75876	95.36
2Cell_DuxOE	50353099	Lx8:L1:LINE	49141	2991.28680404	63136	66064.01	66679	99.08
2Cell_DuxOE	50353099	MTD:ERVL-MaLR:LTR	51544	3443.7361973	63061	64881.48	65472	99.10
2Cell_DuxOE	50353099	L1Md_A:L1:LINE	16844	975.529517219	61173	111780.35	127874	87.41
2Cell_DuxOE	50353099	B1F:Alu:SINE	45170	4526.70120984	59785	60595.89	60942	99.43
2Cell_DuxOE	50353099	B1_Mur2:Alu:SINE	31869	4340.62231358	59612	60503.18	60863	99.41
2Cell_DuxOE	50353099	PB1D9:Alu:SINE	28939	4299.69633741	56765	57498.55	57831	99.43
2Cell_DuxOE	50353099	Lx9:L1:LINE	49160	2511.20385236	56635	58252.44	58728	99.19
2Cell_DuxOE	50353099	B1_Mm:Alu:SINE	42910	4238.24209635	54000	55945.28	56574	98.89
2Cell_DuxOE	50353099	Lx7:L1:LINE	40190	2024.89433443	52277	56044.67	56863	98.56
2Cell_DuxOE	50353099	B1_Mur3:Alu:SINE	24632	3452.37299886	47520	48252.70	48585	99.32
2Cell_DuxOE	50353099	ORR1A3-int:ERVL-MaLR:LTR	2435	1941.66197362	46826	74924.22	99571	75.25
2Cell_DuxOE	50353099	Lx:L1:LINE	24834	1177.25332568	44467	48522.01	49745	97.54
2Cell_DuxOE	50353099	L1_Mur3:L1:LINE	27399	1584.77547018	43972	47869.43	48524	98.65
2Cell_DuxOE	50353099	IAPEz-int:ERVK:LTR	7319	1021.3926791	42445	96330.44	97254	99.05
2Cell_DuxOE	50353099	L1_Mus2:L1:LINE	21079	1006.12104694	42184	46800.45	48643	96.21
2Cell_DuxOE	50353099	MTC:ERVL-MaLR:LTR	27489	1945.58875961	38691	39718.62	40202	98.80
2Cell_DuxOE	50353099	L1_Mur2:L1:LINE	20769	1121.02841666	34870	40179.54	41327	97.22
2Cell_DuxOE	50353099	PB1D7:Alu:SINE	24346	2760.0923734	34274	35208.88	35418	99.41
2Cell_DuxOE	50353099	ORR1A2:ERVL-MaLR:LTR	14843	1574.43279151	32687	33981.15	34538	98.39
2Cell_DuxOE	50353099	Lx8b:L1:LINE	24166	1281.58322505	32631	34440.56	34716	99.21
2Cell_DuxOE	50353099	B1F1:Alu:SINE	19678	2312.99104583	31777	32009.41	32153	99.55
2Cell_DuxOE	50353099	ORR1D1:ERVL-MaLR:LTR	21507	1625.88492637	31740	32375.09	32715	98.96
2Cell_DuxOE	50353099	MIRb:MIR:SINE	42160	2518.88452426	31307	31593.91	31736	99.55
2Cell_DuxOE	50353099	ORR1A1:ERVL-MaLR:LTR	4414	1120.4247935	30267	33239.48	36321	91.52
2Cell_DuxOE	50353099	L2a:L2:LINE	24277	1861.79111032	28865	29467.46	29612	99.51
2Cell_DuxOE	50353099	MIR:MIR:SINE	38978	2289.4677157	28590	28891.44	29068	99.39
2Cell_DuxOE	50353099	Lx6:L1:LINE	18164	924.735179965	27993	30235.67	30747	98.34
2Cell_DuxOE	50353099	B1F2:Alu:SINE	16513	2036.06797362	27598	27979.14	28234	99.10
2Cell_DuxOE	50353099	Lx5:L1:LINE	16339	899.986636238	27462	30623.63	31157	98.29
2Cell_DuxOE	50353099	L2:L2:LINE	17614	1564.44512105	27172	27480.14	27621	99.49
2Cell_DuxOE	50353099	L1Md_F3:L1:LINE	16146	626.296247707	26780	33419.62	37399	89.36
2Cell_DuxOE	50353099	ORR1B1:ERVL-MaLR:LTR	17313	1317.31147342	26352	27221.21	27614	98.58
2Cell_DuxOE	50353099	Lx3_Mus:L1:LINE	12651	727.523962152	26316	27635.62	27978	98.78
2Cell_DuxOE	50353099	MT2B1:ERVL:LTR	7248	1050.56876231	25849	26809.55	27076	99.02
2Cell_DuxOE	50353099	MT2B:ERVL:LTR	13977	1519.00409524	25119	26372.02	26777	98.49
2Cell_DuxOE	50353099	ORR1F:ERVL-MaLR:LTR	23086	1486.1699706	23528	24355.36	24598	99.01
2Cell_DuxOE	50353099	Lx5c:L1:LINE	16422	902.126691328	22929	24524.67	24940	98.33
2Cell_DuxOE	50353099	MMERVK10C-int:ERVK:LTR	3230	537.274082497	22428	41623.90	42677	97.53
2Cell_DuxOE	50353099	Lx2:L1:LINE	18521	740.042860912	22344	23719.87	24214	97.96
2Cell_DuxOE	50353099	RMER6A:ERVK:LTR	3983	749.713843707	22110	23068.99	23227	99.32
2Cell_DuxOE	50353099	RMER19B:ERVK:LTR	5640	690.327857979	21697	22737.15	22940	99.12
2Cell_DuxOE	50353099	L1VL4:L1:LINE	6091	456.386419941	21524	24256.85	24652	98.40
2Cell_DuxOE	50353099	ORR1E:ERVL-MaLR:LTR	22742	1291.07338522	21270	21805.10	22110	98.62
2Cell_DuxOE	50353099	Lx3A:L1:LINE	9223	478.092154083	21260	25582.96	25853	98.96
2Cell_DuxOE	50353099	URR1A:hAT-Charlie:DNA	17621	1467.0480348	21201	21868.36	22040	99.22
2Cell_DuxOE	50353099	L1M2:L1:LINE	18488	983.532320645	20774	21341.68	21506	99.24
2Cell_DuxOE	50353099	URR1B:hAT-Charlie:DNA	16889	1360.95948661	19802	20326.90	20456	99.37
2Cell_DuxOE	50353099	MTEa:ERVL-MaLR:LTR	20061	1212.10112925	19715	20295.53	20517	98.92
2Cell_DuxOE	50353099	L1_Mus4:L1:LINE	11880	532.82417801	19452	20452.94	20825	98.21
2Cell_DuxOE	50353099	RMER15:ERVL:LTR	18077	1159.115756	18873	20742.17	20901	99.24
2Cell_DuxOE	50353099	L1Md_F:L1:LINE	4016	272.785032274	18849	21900.29	25922	84.49
2Cell_DuxOE	50353099	PB1D11:Alu:SINE	18484	1498.91685077	18761	18997.77	19094	99.50
2Cell_DuxOE	50353099	ORR1D2:ERVL-MaLR:LTR	15061	1029.21688007	18444	19006.54	19217	98.90
2Cell_DuxOE	50353099	MTE2a:ERVL-MaLR:LTR	15148	1062.95170617	17744	19000.99	19211	98.91
2Cell_DuxOE	50353099	L1M4:L1:LINE	13935	961.327236195	17579	17929.78	18096	99.08
2Cell_DuxOE	50353099	PB1:Alu:SINE	11784	1397.15075064	17533	17915.55	18037	99.33
2Cell_DuxOE	50353099	L1VL2:L1:LINE	4697	328.358438649	16905	18255.19	18417	99.12
2Cell_DuxOE	50353099	Lx4A:L1:LINE	10564	591.279624035	16861	18025.76	18610	96.86
2Cell_DuxOE	50353099	ORR1A4-int:ERVL-MaLR:LTR	1326	287.661683889	16823	17472.39	17594	99.31
2Cell_DuxOE	50353099	Lx2B2:L1:LINE	11012	541.49429272	16683	19118.64	19650	97.30
2Cell_DuxOE	50353099	L1_Rod:L1:LINE	11315	658.839521644	16585	17040.67	17255	98.76
2Cell_DuxOE	50353099	RMER1B:Other:Other	7511	621.462532737	16388	17215.01	17403	98.92
2Cell_DuxOE	50353099	MTC-int:ERVL-MaLR:LTR	3520	605.462041552	15941	16413.94	20011	82.02
2Cell_DuxOE	50353099	L1M5:L1:LINE	16596	978.990938856	15416	15631.67	15754	99.22
2Cell_DuxOE	50353099	RLTR6-int:ERV1:LTR	1220	186.642564934	15395	32501.88	33744	96.32
2Cell_DuxOE	50353099	ORR1C2:ERVL-MaLR:LTR	12473	813.741456502	15191	15561.27	15720	98.99
2Cell_DuxOE	50353099	Lx5b:L1:LINE	7975	440.13517374	15153	16251.86	16450	98.80
2Cell_DuxOE	50353099	MTE2b:ERVL-MaLR:LTR	14367	842.995964298	14482	14797.27	14999	98.66
2Cell_DuxOE	50353099	MT2B2:ERVL:LTR	3655	748.871300112	14426	17291.25	17455	99.06
2Cell_DuxOE	50353099	MIRc:MIR:SINE	23213	1170.97481785	14242	14323.54	14383	99.59
2Cell_DuxOE	50353099	ID4_:ID:SINE	26384	1214.83063953	14187	14334.50	14391	99.61
2Cell_DuxOE	50353099	ORR1A4:ERVL-MaLR:LTR	7791	710.521550017	14152	14428.15	14615	98.72
2Cell_DuxOE	50353099	MT2A:ERVL:LTR	10140	679.677192171	14080	14346.72	14481	99.07
2Cell_DuxOE	50353099	ID4:ID:SINE	23970	1259.14443776	13677	13837.95	13905	99.52
2Cell_DuxOE	50353099	RLTR10-int:ERVK:LTR	2617	391.546778236	13614	21553.14	21911	98.37
2Cell_DuxOE	50353099	RLTR17B_Mm:ERVK:LTR	27369	952.446542451	13599	13804.18	13884	99.43
2Cell_DuxOE	50353099	MT2C_Mm:ERVL:LTR	1982	577.634365812	13186	15006.55	15619	96.08
2Cell_DuxOE	50353099	MYSERV6-int:ERVK:LTR	3183	348.585116112	13006	13935.62	14071	99.04
2Cell_DuxOE	50353099	L1_Mur1:L1:LINE	7793	364.83508794	12501	13328.95	13822	96.43
2Cell_DuxOE	50353099	MT-int:ERVL-MaLR:LTR	438	3364.34184623	12216	126182.16	374704	33.68
2Cell_DuxOE	50353099	Lx3B:L1:LINE	5993	371.846155832	11789	13260.99	13552	97.85
2Cell_DuxOE	50353099	ORR1C1:ERVL-MaLR:LTR	7423	624.084782305	11592	12096.71	12197	99.18
2Cell_DuxOE	50353099	ORR1B2:ERVL-MaLR:LTR	8528	603.063019742	11136	11460.43	11594	98.85
2Cell_DuxOE	50353099	L2b:L2:LINE	13720	813.96263651	10774	10890.19	10975	99.23
2Cell_DuxOE	50353099	MTEb:ERVL-MaLR:LTR	10811	637.735764617	10551	10725.61	10820	99.13
2Cell_DuxOE	50353099	L2c:L2:LINE	12298	770.769142339	10540	10943.67	11176	97.92
2Cell_DuxOE	50353099	L1_Mm:L1:LINE	5429	281.560744712	10356	14050.85	20570	68.31
2Cell_DuxOE	50353099	MTE-int:ERVL-MaLR:LTR	4958	415.100073651	10312	10625.50	10723	99.09
2Cell_DuxOE	50353099	Lx2B:L1:LINE	6191	318.814566071	10200	11694.87	11882	98.43
2Cell_DuxOE	50353099	MIR3:MIR:SINE	16085	852.035092537	10130	10171.27	10204	99.68
2Cell_DuxOE	50353099	MTB:ERVL-MaLR:LTR	6419	490.791473449	10015	10586.03	11073	95.60
2Cell_DuxOE	50353099	ORR1B1-int:ERVL-MaLR:LTR	2965	257.494641759	9982	10581.24	12002	88.16
2Cell_DuxOE	50353099	L1MB7:L1:LINE	6956	539.814046279	9909	10137.31	10219	99.20
2Cell_DuxOE	50353099	MMVL30-int:ERV1:LTR	956	218.76024115	9795	16591.75	17805	93.19
2Cell_DuxOE	50353099	RMER10A:ERVL:LTR	4464	512.618409785	9731	10202.26	10312	98.94
2Cell_DuxOE	50353099	RMER6C:ERVK:LTR	4887	410.518831862	9701	10522.82	10654	98.77
2Cell_DuxOE	50353099	RMER4B:ERVK:LTR	5158	433.123074855	9541	9829.11	9940	98.88
2Cell_DuxOE	50353099	MMERVK9E_I-int:ERVK:LTR	1568	169.156993966	9477	10245.73	10351	98.98
2Cell_DuxOE	50353099	Lx3C:L1:LINE	6475	347.870283631	9423	10703.85	10927	97.96
2Cell_DuxOE	50353099	MusHAL1:L1:LINE	3890	285.152346582	9158	13421.64	13604	98.66
2Cell_DuxOE	50353099	L1MB8:L1:LINE	6000	471.81195527	9148	9257.96	9313	99.41
2Cell_DuxOE	50353099	Lx10:L1:LINE	10010	456.706507833	8991	9216.10	9303	99.07
2Cell_DuxOE	50353099	L1MA6:L1:LINE	6985	411.090089465	8925	9058.01	9139	99.11
2Cell_DuxOE	50353099	RMER1C:Other:Other	6347	384.69517879	8884	9100.36	9151	99.45
2Cell_DuxOE	50353099	MER2:TcMar-Tigger:DNA	10246	590.652255919	8811	8947.94	9006	99.36
2Cell_DuxOE	50353099	RCHARR1:hAT-Charlie:DNA	6811	418.875588815	8579	8692.74	8772	99.10
2Cell_DuxOE	50353099	L1MC4:L1:LINE	5589	488.509779685	8555	8715.75	8752	99.59
2Cell_DuxOE	50353099	Lx4B:L1:LINE	5680	277.525817548	8530	8921.31	9343	95.49
2Cell_DuxOE	50353099	L1MA4:L1:LINE	7467	405.85713764	8483	8649.74	8717	99.23
2Cell_DuxOE	50353099	L1M3:L1:LINE	7043	431.952172359	8416	8535.07	8608	99.15
2Cell_DuxOE	50353099	ORR1D1-int:ERVL-MaLR:LTR	1715	219.718804455	8356	8584.93	12403	69.22
2Cell_DuxOE	50353099	MMERGLN-int:ERV1:LTR	856	106.119477127	8219	11752.35	12636	93.01
2Cell_DuxOE	50353099	RMER5:ERV1:LTR	7418	463.831115852	8114	8473.09	9035	93.78
2Cell_DuxOE	50353099	MLTR14:ERV1:LTR	6798	473.997039441	7996	8190.22	8264	99.11
2Cell_DuxOE	50353099	MLT1A0:ERVL-MaLR:LTR	10413	541.4686207	7963	8154.92	8234	99.04
2Cell_DuxOE	50353099	RMER1A:Other:Other	3854	286.165691567	7926	8805.31	8889	99.06
2Cell_DuxOE	50353099	MLT1D:ERVL-MaLR:LTR	8368	502.146116272	7764	7904.34	7949	99.44
2Cell_DuxOE	50353099	RLTR45-int:ERVK:LTR	1317	174.174326326	7585	9671.19	9882	97.87
2Cell_DuxOE	50353099	L3:CR1:LINE	9732	599.876908511	7565	8094.27	8148	99.34
2Cell_DuxOE	50353099	RodERV21-int:ERV1:LTR	1856	235.027037365	7466	7858.13	7900	99.47
2Cell_DuxOE	50353099	MLT1B:ERVL-MaLR:LTR	9316	490.732506128	7463	7543.70	7595	99.32
2Cell_DuxOE	50353099	MuRRS-int:ERV1:LTR	996	73.7253361524	7397	9482.08	9473	100.10
2Cell_DuxOE	50353099	RMER17C:ERVK:LTR	6479	435.860405309	7360	8002.28	8139	98.32
2Cell_DuxOE	50353099	IAPEY3-int:ERVK:LTR	2345	133.392000494	7338	11239.04	11605	96.85
2Cell_DuxOE	50353099	ORR1A3:ERVL-MaLR:LTR	4381	412.142576062	7309	8335.18	8456	98.57
2Cell_DuxOE	50353099	MMERVK9C_I-int:ERVK:LTR	1807	195.332745261	7233	8714.49	8888	98.05
2Cell_DuxOE	50353099	L1MC1:L1:LINE	5571	352.006252508	7042	7138.04	7182	99.39
2Cell_DuxOE	50353099	RLTR19-int:ERVK:LTR	2407	253.459121191	6885	8051.48	8108	99.30
2Cell_DuxOE	50353099	L1MB3:L1:LINE	5343	382.639099444	6813	6877.70	6925	99.32
2Cell_DuxOE	50353099	ETnERV-int:ERVK:LTR	906	91.7873153214	6785	9669.52	10338	93.53
2Cell_DuxOE	50353099	L1MD:L1:LINE	6361	383.109275143	6781	6913.20	7005	98.69
2Cell_DuxOE	50353099	RMER16-int:ERVK:LTR	2599	182.258797773	6736	7371.48	7511	98.14
2Cell_DuxOE	50353099	Tigger7:TcMar-Tigger:DNA	5206	370.112819882	6716	6808.47	6846	99.45
2Cell_DuxOE	50353099	RMER19C:ERVK:LTR	2729	255.419183662	6585	6902.04	6984	98.83
2Cell_DuxOE	50353099	MMETn-int:ERVK:LTR	980	90.8322590423	6552	8843.21	9901	89.32
2Cell_DuxOE	50353099	MTB_Mm:ERVL-MaLR:LTR	4963	326.434295891	6548	6709.32	6805	98.59
2Cell_DuxOE	50353099	L1VL1:L1:LINE	1797	111.359469894	6414	8616.96	9462	91.07
2Cell_DuxOE	50353099	MER20:hAT-Charlie:DNA	5994	471.680640409	6376	6410.17	6447	99.43
2Cell_DuxOE	50353099	RLTR22_Mur:ERVK:LTR	2503	194.86358859	6371	6657.98	6728	98.96
2Cell_DuxOE	50353099	L1ME1:L1:LINE	5261	350.060908205	6352	6419.57	6481	99.05
2Cell_DuxOE	50353099	RLTR4_MM-int:ERV1:LTR	432	137.954946367	6285	15719.74	16557	94.94
2Cell_DuxOE	50353099	RLTR25B:ERVK:LTR	3674	297.894480304	6222	6326.44	6380	99.16
2Cell_DuxOE	50353099	L1M4b:L1:LINE	2190	236.036485562	6144	6213.51	6240	99.58
2Cell_DuxOE	50353099	MER5A:hAT-Charlie:DNA	8982	493.699857361	6128	6259.46	6303	99.31
2Cell_DuxOE	50353099	MYSERV16_I-int:ERVK:LTR	2516	189.154645103	6100	6376.04	6455	98.78
2Cell_DuxOE	50353099	MERV1_I-int:ERV1:LTR	1365	199.903010918	6026	6413.05	6450	99.43
2Cell_DuxOE	50353099	MTD-int:ERVL-MaLR:LTR	2521	200.746768987	6013	6294.49	6367	98.86
2Cell_DuxOE	50353099	MLT1C:ERVL-MaLR:LTR	7791	400.837237739	5987	6069.86	6110	99.34
2Cell_DuxOE	50353099	MuRRS4-int:ERV1:LTR	2735	182.559374075	5984	9380.65	9857	95.17
2Cell_DuxOE	50353099	RLTR10:ERVK:LTR	2930	402.575305389	5890	9906.45	10199	97.13
2Cell_DuxOE	50353099	L1MEc:L1:LINE	5378	319.13860515	5865	5929.01	5988	99.01
2Cell_DuxOE	50353099	RMER17B:ERVK:LTR	2898	226.512950543	5865	6533.92	6588	99.18
2Cell_DuxOE	50353099	IAP1-MM_I-int:ERVK:LTR	479	163.20154956	5774	5975.59	6040	98.93
2Cell_DuxOE	50353099	RLTR11A:ERVK:LTR	2655	255.349609979	5641	5943.43	5994	99.16
2Cell_DuxOE	50353099	RMER19A:ERVK:LTR	2095	212.093541961	5627	5819.22	5888	98.83
2Cell_DuxOE	50353099	BC1_Mm:scRNA:scRNA	6758	466.498598292	5613	5654.61	5674	99.66
2Cell_DuxOE	50353099	RLTR21:ERVK:LTR	3816	175.051434476	5593	5823.41	5857	99.43
2Cell_DuxOE	50353099	RLTR11A2:ERVK:LTR	2676	254.192509832	5549	5703.65	5740	99.37
2Cell_DuxOE	50353099	MurERV4-int:ERVK:LTR	1525	152.356956216	5523	6007.13	6042	99.42
2Cell_DuxOE	50353099	HAL1:L1:LINE	3550	306.156794062	5493	5545.36	5571	99.54
2Cell_DuxOE	50353099	BGLII:ERVK:LTR	2269	289.263530496	5457	5804.26	5934	97.81
2Cell_DuxOE	50353099	ERVL-B4-int:ERVL:LTR	1384	101.063457396	5395	9348.77	31316	29.85
2Cell_DuxOE	50353099	IAPLTR2a2_Mm:ERVK:LTR	1541	252.311833988	5352	7318.36	7680	95.29
2Cell_DuxOE	50353099	RMER19B2:ERVK:LTR	2296	191.101745165	5338	5482.61	5553	98.73
2Cell_DuxOE	50353099	MLT1A1:ERVL-MaLR:LTR	9015	401.114515807	5316	5359.63	5393	99.38
2Cell_DuxOE	50353099	RMER4A:ERVK:LTR	3287	248.477858537	5295	5520.17	5554	99.39
2Cell_DuxOE	50353099	RMER2:ERV1:LTR	2358	233.47428561	5170	6115.81	6173	99.07
2Cell_DuxOE	50353099	RMER15-int:ERVL:LTR	3100	223.746467992	5119	5273.99	5317	99.19
2Cell_DuxOE	50353099	Charlie1a:hAT-Charlie:DNA	2660	262.450465444	4985	5046.55	5073	99.48
2Cell_DuxOE	50353099	L1MC:L1:LINE	5426	289.674844167	4963	5024.30	5060	99.29
2Cell_DuxOE	50353099	L1MEd:L1:LINE	3245	391.318563246	4903	5463.16	5488	99.55
2Cell_DuxOE	50353099	RLTR28:ERVL:LTR	1949	269.990360712	4901	4957.66	4984	99.47
2Cell_DuxOE	50353099	ORR1D2-int:ERVL-MaLR:LTR	1361	155.836302368	4875	5513.31	8777	62.82
2Cell_DuxOE	50353099	L1MA5A:L1:LINE	1231	164.856789245	4866	4928.28	4944	99.68
2Cell_DuxOE	50353099	FordPrefect:hAT-Tip100:DNA	291	277.675265941	4854	4856.71	4858	99.97
2Cell_DuxOE	50353099	RLTR15:ERVK:LTR	2437	223.136336085	4844	4893.51	4948	98.90
2Cell_DuxOE	50353099	RMER10B:ERVL:LTR	3002	283.147506588	4823	5124.72	5171	99.11
2Cell_DuxOE	50353099	RMER17A2:ERVK:LTR	2598	157.608614223	4810	4935.05	5033	98.05
2Cell_DuxOE	50353099	RMER17C-int:ERVK:LTR	1940	173.864558516	4761	6857.97	6951	98.66
2Cell_DuxOE	50353099	L1MB5:L1:LINE	3766	264.65744619	4727	4835.80	4868	99.34
2Cell_DuxOE	50353099	RMER3D-int:ERVK:LTR	2711	155.549693683	4705	4991.73	5084	98.19
2Cell_DuxOE	50353099	MLTR11A:ERVK:LTR	2124	288.568664143	4681	5182.42	5213	99.41
2Cell_DuxOE	50353099	L1MC5:L1:LINE	3476	287.875674893	4663	4713.05	4761	98.99
2Cell_DuxOE	50353099	RLTR17:ERVK:LTR	1758	185.205095205	4655	4843.65	4910	98.65
2Cell_DuxOE	50353099	ORR1G:ERVL-MaLR:LTR	4680	297.546707049	4619	4672.78	4752	98.33
2Cell_DuxOE	50353099	MLTR11B:ERVK:LTR	2985	246.22152983	4612	4676.31	4736	98.74
2Cell_DuxOE	50353099	RMER12:ERVK:LTR	3319	220.551159992	4608	4725.73	4744	99.61
2Cell_DuxOE	50353099	RLTR1B-int:ERV1:LTR	798	97.5095221761	4596	5398.97	5474	98.63
2Cell_DuxOE	50353099	L1MC3:L1:LINE	5288	261.570734715	4591	4662.88	4707	99.06
2Cell_DuxOE	50353099	MuLV-int:ERV1:LTR	392	64.2807935642	4497	5814.63	7073	82.21
2Cell_DuxOE	50353099	RLTR14:ERV1:LTR	2341	313.367879883	4476	5580.70	5630	99.12
2Cell_DuxOE	50353099	L1MEf:L1:LINE	3127	207.215932554	4453	4542.76	4611	98.52
2Cell_DuxOE	50353099	RMER6B:ERVK:LTR	1360	188.011595982	4399	4495.13	4540	99.01
2Cell_DuxOE	50353099	RLTR31D_MM:ERVK:LTR	8270	290.84414241	4383	4447.31	4493	98.98
2Cell_DuxOE	50353099	MTB-int:ERVL-MaLR:LTR	592	119.502115233	4378	5207.42	49650	10.49
2Cell_DuxOE	50353099	L1MA5:L1:LINE	4952	241.941916606	4353	4414.60	4460	98.98
2Cell_DuxOE	50353099	ETnERV3-int:ERVK:LTR	560	75.4511791218	4302	8220.94	8166	100.67
2Cell_DuxOE	50353099	L1MC4a:L1:LINE	3077	226.053684531	4174	4217.18	4244	99.37
2Cell_DuxOE	50353099	L1MA8:L1:LINE	3882	216.882435539	4168	4282.67	4326	99.00
2Cell_DuxOE	50353099	RLTR10C:ERVK:LTR	1779	221.194429844	4051	6018.44	6185	97.31
2Cell_DuxOE	50353099	RLTR6B_Mm:ERV1:LTR	646	181.697093681	3911	7827.42	9784	80.00
2Cell_DuxOE	50353099	RMER6D:ERVK:LTR	2411	165.837064408	3902	4173.64	4254	98.11
2Cell_DuxOE	50353099	L1MB4:L1:LINE	2690	187.574213151	3885	3932.55	3965	99.18
2Cell_DuxOE	50353099	MLTR25A:ERVK:LTR	2168	140.700193397	3837	4227.40	4266	99.10
2Cell_DuxOE	50353099	RMER13B:ERVK:LTR	2134	151.263652987	3825	4790.32	4815	99.49
2Cell_DuxOE	50353099	ETnERV2-int:ERVK:LTR	1805	102.994920987	3792	4542.14	4783	94.96
2Cell_DuxOE	50353099	L1MEg:L1:LINE	3797	236.399791465	3790	3855.21	3880	99.36
2Cell_DuxOE	50353099	RMER17A:ERVK:LTR	1819	141.236087367	3790	3947.42	3985	99.06
2Cell_DuxOE	50353099	MER89:ERV1:LTR	614	197.509632766	3781	5063.90	5066	99.96
2Cell_DuxOE	50353099	L1MCa:L1:LINE	3565	200.016391907	3761	3988.23	4061	98.21
2Cell_DuxOE	50353099	L1Md_Gf:L1:LINE	1080	71.6534394196	3712	6658.34	13473	49.42
2Cell_DuxOE	50353099	L1MD2:L1:LINE	3227	204.692709486	3675	3806.68	3838	99.18
2Cell_DuxOE	50353099	L1MB2:L1:LINE	2927	201.707213101	3631	3673.57	3701	99.26
2Cell_DuxOE	50353099	MLT1A:ERVL-MaLR:LTR	4950	249.515152478	3558	3606.76	3647	98.90
2Cell_DuxOE	50353099	RLTR40:ERVK:LTR	2651	186.503593177	3545	4380.13	4401	99.53
2Cell_DuxOE	50353099	RLTR33:ERVK:LTR	1336	123.192482359	3530	3683.67	3730	98.76
2Cell_DuxOE	50353099	ORR1C2-int:ERVL-MaLR:LTR	914	86.185648231	3527	3626.16	6403	56.63
2Cell_DuxOE	50353099	MER21B:ERVL:LTR	1618	182.189619052	3447	3526.74	3549	99.37
2Cell_DuxOE	50353099	MER58A:hAT-Charlie:DNA	3714	249.434616572	3395	3416.50	3437	99.40
2Cell_DuxOE	50353099	L1MDa:L1:LINE	3451	180.620790555	3373	3458.68	3527	98.06
2Cell_DuxOE	50353099	ERVB4_1B-I_MM-int:ERVK:LTR	1368	96.1289209786	3342	3807.53	3910	97.38
2Cell_DuxOE	50353099	L1MA9:L1:LINE	4587	192.474197234	3331	3408.65	3430	99.38
2Cell_DuxOE	50353099	RLTR11B:ERVK:LTR	1049	140.163835959	3324	3431.39	3454	99.35
2Cell_DuxOE	50353099	MER5B:hAT-Charlie:DNA	5140	269.264975486	3302	3371.72	3392	99.40
2Cell_DuxOE	50353099	L1MA4A:L1:LINE	2709	152.964790923	3297	3344.37	3367	99.33
2Cell_DuxOE	50353099	RLTR20A4:ERVK:LTR	11527	260.056666628	3275	3309.55	3322	99.63
2Cell_DuxOE	50353099	IAPLTR2_Mm:ERVK:LTR	1388	185.627859754	3273	5457.92	5931	92.02
2Cell_DuxOE	50353099	ORR1B2-int:ERVL-MaLR:LTR	857	94.1758341093	3270	3355.62	5766	58.20
2Cell_DuxOE	50353099	MurERV4_19-int:ERVK:LTR	969	81.467750656	3252	3360.82	3413	98.47
2Cell_DuxOE	50353099	RLTR25A:ERVK:LTR	1781	139.122205093	3252	3850.16	3982	96.69
2Cell_DuxOE	50353099	RLTR16:ERVK:LTR	1350	133.645577081	3207	3241.26	3264	99.30
2Cell_DuxOE	50353099	RLTR45:ERVK:LTR	1557	142.638916493	3199	3783.49	3968	95.35
2Cell_DuxOE	50353099	MLT1J:ERVL-MaLR:LTR	2943	202.759374815	3126	3147.14	3164	99.47
2Cell_DuxOE	50353099	RMER20B:ERVK:LTR	1949	129.168191389	3094	3146.16	3183	98.84
2Cell_DuxOE	50353099	MER33:hAT-Charlie:DNA	2719	203.971700378	3061	3125.72	3143	99.45
2Cell_DuxOE	50353099	MER21C:ERVL:LTR	2261	171.7607998	3053	3089.00	3108	99.39
2Cell_DuxOE	50353099	RLTR14-int:ERV1:LTR	1816	129.596677012	3047	3350.22	3409	98.28
2Cell_DuxOE	50353099	RLTR9E:ERVK:LTR	1318	138.604877733	3034	3371.29	3452	97.66
2Cell_DuxOE	50353099	L1M4c:L1:LINE	2049	137.083840246	2960	3004.56	3030	99.16
2Cell_DuxOE	50353099	RLTR42-int:ERVK:LTR	2473	156.067948131	2960	3025.58	3044	99.39
2Cell_DuxOE	50353099	LTRIS_Mus:ERV1:LTR	919	113.91899686	2939	3341.19	3432	97.35
2Cell_DuxOE	50353099	ERVB4_2-I_MM-int:ERVK:LTR	313	44.6039814624	2909	3273.63	3352	97.66
2Cell_DuxOE	50353099	RLTRETN_Mm:ERVK:LTR	1355	149.622495599	2856	3356.09	3474	96.61
2Cell_DuxOE	50353099	MTEa-int:ERVL-MaLR:LTR	1368	95.1400613148	2783	3046.29	3087	98.68
2Cell_DuxOE	50353099	MLT1K:ERVL-MaLR:LTR	2759	177.592549832	2777	2931.50	2942	99.64
2Cell_DuxOE	50353099	ID:ID:SINE	8022	244.014602386	2753	2766.41	2783	99.40
2Cell_DuxOE	50353099	Lx2A1:L1:LINE	2739	107.743367178	2750	3002.68	3094	97.05
2Cell_DuxOE	50353099	Charlie2b:hAT-Charlie:DNA	884	90.4861793592	2741	2764.64	2776	99.59
2Cell_DuxOE	50353099	L1MC5a:L1:LINE	2588	176.442694827	2738	2790.80	2805	99.49
2Cell_DuxOE	50353099	RLTR31B2:ERVK:LTR	1192	136.859316264	2734	2762.95	2812	98.26
2Cell_DuxOE	50353099	RMER13A2:ERVK:LTR	1473	103.56890154	2718	2827.39	2860	98.86
2Cell_DuxOE	50353099	L1MA7:L1:LINE	3250	150.783235247	2714	2766.90	2807	98.57
2Cell_DuxOE	50353099	MYSERV-int:ERVK:LTR	1435	95.2442156495	2713	2808.85	2847	98.66
2Cell_DuxOE	50353099	5S:rRNA:rRNA	1038	1765.35775649	2690	9353.62	9357	99.96
2Cell_DuxOE	50353099	ID2:ID:SINE	5671	238.363251626	2633	2867.40	2884	99.42
2Cell_DuxOE	50353099	RMER17C2:ERVK:LTR	3413	170.354013083	2630	2703.21	2731	98.98
2Cell_DuxOE	50353099	MER58B:hAT-Charlie:DNA	2843	191.496571042	2620	2633.68	2647	99.50
2Cell_DuxOE	50353099	RMER6BA:ERVK:LTR	957	116.592835615	2603	2884.29	2916	98.91
2Cell_DuxOE	50353099	RMER17D2:ERVK:LTR	1783	105.922122707	2578	2672.39	2704	98.83
2Cell_DuxOE	50353099	MER3:hAT-Charlie:DNA	2967	198.747793262	2566	2583.98	2594	99.61
2Cell_DuxOE	50353099	RMER12C:ERVK:LTR	4954	143.649338121	2551	2615.78	2673	97.86
2Cell_DuxOE	50353099	RMER20C_Mm:ERVK:LTR	1595	112.867759965	2526	2774.85	2804	98.96
2Cell_DuxOE	50353099	L1MC2:L1:LINE	2252	119.14974871	2524	2630.79	2645	99.46
2Cell_DuxOE	50353099	Tigger1:TcMar-Tigger:DNA	1025	108.485934671	2514	2589.14	2602	99.51
2Cell_DuxOE	50353099	IAPEY4_I-int:ERVK:LTR	521	52.7740277373	2477	5198.12	5474	94.96
2Cell_DuxOE	50353099	RLTR19:ERVK:LTR	944	143.488118247	2471	3698.27	3883	95.24
2Cell_DuxOE	50353099	RLTR9D:ERVK:LTR	803	105.38652435	2457	2517.30	2547	98.83
2Cell_DuxOE	50353099	MLT1E2:ERVL-MaLR:LTR	1821	134.395055007	2436	2464.24	2489	99.01
2Cell_DuxOE	50353099	L1MB1:L1:LINE	2524	139.683674356	2419	2502.88	2527	99.05
2Cell_DuxOE	50353099	RLTR12B:ERVK:LTR	909	94.9727334164	2393	2473.02	2502	98.84
2Cell_DuxOE	50353099	L1ME2:L1:LINE	2633	138.334319618	2356	2378.74	2393	99.40
2Cell_DuxOE	50353099	MLT1F2:ERVL-MaLR:LTR	2297	141.553025692	2351	2373.81	2386	99.49
2Cell_DuxOE	50353099	L1MD1:L1:LINE	2268	122.571507686	2315	2350.68	2376	98.93
2Cell_DuxOE	50353099	MLT1F1:ERVL-MaLR:LTR	1608	136.554871212	2278	2298.54	2306	99.68
2Cell_DuxOE	50353099	MTB_Mm-int:ERVL-MaLR:LTR	379	47.8591198128	2256	2385.55	2407	99.11
2Cell_DuxOE	50353099	L1MD3:L1:LINE	2480	138.539942853	2228	2250.18	2262	99.48
2Cell_DuxOE	50353099	MER5A1:hAT-Charlie:DNA	3905	193.333719151	2218	2295.16	2310	99.36
2Cell_DuxOE	50353099	U1:snRNA:snRNA	329	1164.12475171	2218	11083.04	11079	100.04
2Cell_DuxOE	50353099	RLTR13E:ERVK:LTR	603	58.3302302941	2214	2301.24	2353	97.80
2Cell_DuxOE	50353099	RLTR17D_Mm:ERVK:LTR	1225	65.7605131892	2212	2257.86	2280	99.03
2Cell_DuxOE	50353099	IAP1-MM_LTR:ERVK:LTR	420	87.7986963691	2206	2559.71	2677	95.62
2Cell_DuxOE	50353099	IAPEy-int:ERVK:LTR	755	65.6085661531	2203	3840.19	3910	98.21
2Cell_DuxOE	50353099	MTE2b-int:ERVL-MaLR:LTR	729	63.1072142024	2194	2298.63	2327	98.78
2Cell_DuxOE	50353099	U2:snRNA:snRNA	921	1234.17224379	2194	13168.00	13088	100.61
2Cell_DuxOE	50353099	IAPLTR1_Mm:ERVK:LTR	1492	177.233611107	2191	4931.97	5326	92.60
2Cell_DuxOE	50353099	IAP-d-int:ERVK:LTR	1323	84.9142254509	2189	2299.35	2349	97.89
2Cell_DuxOE	50353099	RLTR11C_MM:ERVK:LTR	858	84.3227763179	2170	2203.76	2221	99.22
2Cell_DuxOE	50353099	Charlie1:hAT-Charlie:DNA	977	99.9671400003	2156	2329.88	2351	99.10
2Cell_DuxOE	50353099	LTRIS2:ERV1:LTR	1423	104.43632999	2132	2395.12	2449	97.80
2Cell_DuxOE	50353099	ORR1C1-int:ERVL-MaLR:LTR	783	77.5516814334	2128	2564.93	2844	90.19
2Cell_DuxOE	50353099	RLTR18B:ERVK:LTR	989	95.1570455656	2125	2171.29	2198	98.78
2Cell_DuxOE	50353099	Charlie24:hAT-Charlie:DNA	374	39.4004783016	2119	2151.05	2153	99.91
2Cell_DuxOE	50353099	RLTR1B:ERV1:LTR	893	95.0189152258	2115	2393.33	2479	96.54
2Cell_DuxOE	50353099	RMER21A:ERV1:LTR	622	78.4904681924	2113	2180.67	2193	99.44
2Cell_DuxOE	50353099	RLTR24:ERV1:LTR	1240	98.8409600026	2112	2145.75	2154	99.62
2Cell_DuxOE	50353099	RMER30:hAT-Charlie:DNA	3588	169.234595538	2103	2152.91	2166	99.40
2Cell_DuxOE	50353099	MER44B:TcMar-Tigger:DNA	1493	112.916373243	2089	2144.90	2156	99.48
2Cell_DuxOE	50353099	MLT1H:ERVL-MaLR:LTR	2322	135.649295919	2083	2131.81	2156	98.88
2Cell_DuxOE	50353099	IAPLTR1a_Mm:ERVK:LTR	1786	138.397042767	2054	3305.54	3880	85.19
2Cell_DuxOE	50353099	RLTR13B1:ERVK:LTR	1029	69.8998961662	2054	2309.06	2365	97.63
2Cell_DuxOE	50353099	ERVB7_3-LTR_MM:ERVK:LTR	319	63.6631031229	2017	2086.63	2100	99.36
2Cell_DuxOE	50353099	RLTR27:ERVK:LTR	1621	86.41045249	1996	2056.11	2077	98.99
2Cell_DuxOE	50353099	RMER17B2:ERVK:LTR	898	82.050422373	1989	2455.88	2489	98.67
2Cell_DuxOE	50353099	BGLII_B:ERVK:LTR	960	93.3706726456	1983	2040.63	2065	98.82
2Cell_DuxOE	50353099	RLTR12BD_Mm:ERVK:LTR	883	99.8759952166	1941	1983.92	2008	98.80
2Cell_DuxOE	50353099	L1ME4b:L1:LINE	1818	136.745450931	1931	1969.53	1988	99.07
2Cell_DuxOE	50353099	RLTR13D5:ERVK:LTR	745	75.1239296957	1931	2999.52	3107	96.54
2Cell_DuxOE	50353099	RLTR51A_Mm:ERVK?:LTR	3523	134.474738209	1927	2033.26	2062	98.61
2Cell_DuxOE	50353099	L1ME3A:L1:LINE	2086	123.630211158	1914	1931.67	1943	99.42
2Cell_DuxOE	50353099	Tigger17a:TcMar-Tigger:DNA	908	96.4017134534	1908	1924.52	1935	99.46
2Cell_DuxOE	50353099	RMER13A1:ERVK:LTR	1082	73.9447910485	1896	1953.98	1975	98.94
2Cell_DuxOE	50353099	RLTR13D6:ERVK:LTR	805	56.225110474	1893	1965.11	1981	99.20
2Cell_DuxOE	50353099	MERVK26-int:ERVK:LTR	1001	70.3153021098	1884	2000.48	2045	97.82
2Cell_DuxOE	50353099	L1ME4a:L1:LINE	1560	120.023094041	1860	1877.83	1892	99.25
2Cell_DuxOE	50353099	RLTR23:ERV1:LTR	1524	93.1851875255	1859	1894.75	1922	98.58
2Cell_DuxOE	50353099	RLTR13G:ERVK:LTR	877	78.2170250663	1856	2192.56	2285	95.95
2Cell_DuxOE	50353099	RLTR13C3:ERVK:LTR	538	46.3492846975	1853	2499.78	2505	99.79
2Cell_DuxOE	50353099	RLTR22_Mus:ERVK:LTR	1191	62.5344068405	1853	2038.23	2065	98.70
2Cell_DuxOE	50353099	RLTR20C2_MM:ERVK:LTR	3620	110.458705428	1848	1888.63	1906	99.09
2Cell_DuxOE	50353099	RLTR34B_MM:ERVK:LTR	527	66.8112867335	1836	1851.19	1866	99.21
2Cell_DuxOE	50353099	MMERVK10D3_I-int:ERVK:LTR	458	33.9561127588	1834	1979.34	2009	98.52
2Cell_DuxOE	50353099	ORR1E-int:ERVL-MaLR:LTR	1446	81.3958975717	1820	2030.88	5137	39.53
2Cell_DuxOE	50353099	ERVB7_1-LTR_MM:ERVK:LTR	770	83.7718955719	1818	2169.79	2327	93.24
2Cell_DuxOE	50353099	RMER12B:ERVK:LTR	1011	65.3297912079	1813	1903.65	1919	99.20
2Cell_DuxOE	50353099	RLTR10A:ERVK:LTR	800	92.530902078	1808	1921.34	1959	98.08
2Cell_DuxOE	50353099	IAPLTR2b:ERVK:LTR	1017	89.266246768	1751	1941.73	2087	93.04
2Cell_DuxOE	50353099	RLTR41:ERV1:LTR	1121	78.5396675294	1751	1834.10	1869	98.13
2Cell_DuxOE	50353099	RLTR26_Mus:ERVK:LTR	1091	79.5800718662	1722	1886.79	1924	98.07
2Cell_DuxOE	50353099	MLT1F:ERVL-MaLR:LTR	1561	111.161359412	1712	1736.84	1749	99.30
2Cell_DuxOE	50353099	ERVB4_1C-LTR_Mm:ERVK:LTR	961	72.1247020396	1710	1956.90	2042	95.83
2Cell_DuxOE	50353099	RLTR13C2:ERVK:LTR	844	62.5258235186	1701	1775.31	1798	98.74
2Cell_DuxOE	50353099	Charlie1b:hAT-Charlie:DNA	952	97.3307769151	1695	1792.59	1774	101.05
2Cell_DuxOE	50353099	RLTR13B2:ERVK:LTR	314	59.2344179118	1690	3057.24	3096	98.75
2Cell_DuxOE	50353099	Tigger19a:TcMar-Tigger:DNA	771	132.753331117	1682	1684.36	1685	99.96
2Cell_DuxOE	50353099	L1ME3:L1:LINE	1527	97.6730045821	1678	1707.30	1726	98.92
2Cell_DuxOE	50353099	RMER20A:ERVK:LTR	1559	81.6510546729	1678	1747.98	1792	97.54
2Cell_DuxOE	50353099	RLTR12E:ERVK:LTR	615	66.7825424495	1675	1731.27	1748	99.04
2Cell_DuxOE	50353099	RLTR12D:ERVK:LTR	647	77.3422253899	1662	1709.79	1725	99.12
2Cell_DuxOE	50353099	RLTR20C1_MM:ERVK:LTR	5561	136.688695872	1652	1795.54	1810	99.20
2Cell_DuxOE	50353099	BGLII_B2:ERVK:LTR	359	80.8876532111	1637	1835.63	1923	95.46
2Cell_DuxOE	50353099	L1MEi:L1:LINE	478	53.40261898	1636	1645.77	1653	99.56
2Cell_DuxOE	50353099	tRNA-SeC(e)-TGA:tRNA:tRNA	3	341.587714393	1634	1634.00	1634	100.00
2Cell_DuxOE	50353099	U6:snRNA:snRNA	1353	149.446464173	1630	1812.49	1841	98.45
2Cell_DuxOE	50353099	RMER16_Mm:ERVK:LTR	435	56.4801729684	1604	1632.70	1654	98.71
2Cell_DuxOE	50353099	MURVY-LTR:ERV1:LTR	1910	102.632330753	1600	2824.65	2957	95.52
2Cell_DuxOE	50353099	BGLII_Mur:ERVK:LTR	611	62.2819250773	1583	1655.68	1691	97.91
2Cell_DuxOE	50353099	RLTR10B2:ERVK:LTR	854	69.2938751991	1576	1680.82	1766	95.18
2Cell_DuxOE	50353099	RLTR48A:ERV1:LTR	635	68.9668930472	1576	2017.39	2034	99.18
2Cell_DuxOE	50353099	L1ME2z:L1:LINE	1533	98.4968342835	1568	1679.66	1697	98.98
2Cell_DuxOE	50353099	Tigger5:TcMar-Tigger:DNA	1975	105.027566305	1557	1570.11	1582	99.25
2Cell_DuxOE	50353099	RLTR12A:ERVK:LTR	829	68.2656875657	1548	1582.71	1596	99.17
2Cell_DuxOE	50353099	Tigger5b:TcMar-Tigger:DNA	2473	112.565269859	1546	1558.47	1577	98.82
2Cell_DuxOE	50353099	MLTR31FA_MM:ERVK:LTR	525	58.334810143	1540	1560.43	1582	98.64
2Cell_DuxOE	50353099	RMER13A:ERVK:LTR	1010	73.2412491115	1534	1691.57	1719	98.40
2Cell_DuxOE	50353099	ERVB7_2B-LTR_MM:ERVK:LTR	710	59.947675004	1531	1635.66	1670	97.94
2Cell_DuxOE	50353099	RLTR31C_MM:ERVK:LTR	726	73.1379313931	1513	1525.76	1531	99.66
2Cell_DuxOE	50353099	RMER21B:ERV1:LTR	1252	77.1639845237	1510	1546.55	1560	99.14
2Cell_DuxOE	50353099	MamGyp-int:Gypsy:LTR	28	28.3788075252	1503	1533.00	1533	100.00
2Cell_DuxOE	50353099	MER31B:ERV1:LTR	558	65.7151021653	1501	1502.38	1504	99.89
2Cell_DuxOE	50353099	MER68:ERVL:LTR	637	67.8835925435	1500	1552.86	1562	99.41
2Cell_DuxOE	50353099	RMER6-int:ERVK:LTR	607	47.3851763379	1500	1535.97	1556	98.71
2Cell_DuxOE	50353099	MLT2B3:ERVL:LTR	1483	81.2491872471	1495	1516.68	1534	98.87
2Cell_DuxOE	50353099	RLTR30D2_MM:ERV1:LTR	741	61.2104826089	1483	1515.81	1538	98.56
2Cell_DuxOE	50353099	LTR16D:ERVL:LTR	185	54.7897001809	1471	1472.23	1476	99.74
2Cell_DuxOE	50353099	HAL1ME:L1:LINE	900	82.5069149021	1466	1472.80	1481	99.45
2Cell_DuxOE	50353099	IAPLTR2a:ERVK:LTR	627	82.4124833348	1465	1988.63	2172	91.56
2Cell_DuxOE	50353099	RMER17D:ERVK:LTR	1166	63.5923206492	1457	1593.12	1604	99.32
2Cell_DuxOE	50353099	IAPLTR3-int:ERVK:LTR	1773	28.523743903	1443	1773.26	1894	93.63
2Cell_DuxOE	50353099	MLT1G3:ERVL-MaLR:LTR	1075	79.72877586	1442	1456.50	1465	99.42
2Cell_DuxOE	50353099	RLTR13D3A1:ERVK:LTR	613	56.1528527401	1435	1589.15	1614	98.46
2Cell_DuxOE	50353099	RLTR14_RN:ERV1:LTR	1148	76.0602970247	1418	1491.08	1514	98.49
2Cell_DuxOE	50353099	Cheshire:hAT-Charlie:DNA	1091	77.4495501414	1411	1416.05	1427	99.23
2Cell_DuxOE	50353099	IAPEY2_LTR:ERVK:LTR	1062	68.7328274457	1405	1508.61	1550	97.33
2Cell_DuxOE	50353099	Charlie8:hAT-Charlie:DNA	728	73.3742950298	1400	1409.24	1414	99.66
2Cell_DuxOE	50353099	MMAR1:TcMar-Mariner:DNA	309	46.7262991888	1398	1420.88	1424	99.78
2Cell_DuxOE	50353099	RLTR20D:ERVK:LTR	777	67.0917164643	1394	1429.94	1450	98.62
2Cell_DuxOE	50353099	L3b:CR1:LINE	2304	123.095625166	1386	1460.68	1467	99.57
2Cell_DuxOE	50353099	MLT-int:ERVL-MaLR:LTR	846	65.6913893261	1385	1399.81	1407	99.49
2Cell_DuxOE	50353099	RLTR12C:ERVK:LTR	319	58.3229159756	1381	1435.25	1465	97.97
2Cell_DuxOE	50353099	RLTR1C:ERV1:LTR	697	61.9166109357	1376	1644.21	1686	97.52
2Cell_DuxOE	50353099	Lx2A:L1:LINE	1364	36.6895079991	1374	1428.56	1468	97.31
2Cell_DuxOE	50353099	BGLII_Mus:ERVK:LTR	615	66.0012509718	1367	1405.32	1421	98.90
2Cell_DuxOE	50353099	RLTR51B_Mm:ERVK?:LTR	662	67.2487099734	1360	1403.87	1414	99.28
2Cell_DuxOE	50353099	RLTR18:ERVK:LTR	610	50.9291595095	1332	1372.95	1389	98.84
2Cell_DuxOE	50353099	ORR1F-int:ERVL-MaLR:LTR	395	42.6433372497	1328	1522.28	5676	26.82
2Cell_DuxOE	50353099	ERVB4_1B-LTR_MM:ERVK:LTR	648	58.12572572	1321	1467.24	1501	97.75
2Cell_DuxOE	50353099	RMER16:ERVK:LTR	471	50.5206931764	1308	1325.34	1340	98.91
2Cell_DuxOE	50353099	RLTR20B3:ERVK:LTR	974	70.43768275	1289	1302.57	1311	99.36
2Cell_DuxOE	50353099	ORR1D-int:ERVL-MaLR:LTR	878	53.3470090166	1287	1387.21	1429	97.08
2Cell_DuxOE	50353099	MER31A:ERV1:LTR	707	62.5970754046	1272	1286.00	1292	99.54
2Cell_DuxOE	50353099	MLT2B1:ERVL:LTR	1637	76.0435493177	1260	1267.00	1278	99.14
2Cell_DuxOE	50353099	RLTR44-int:ERVK:LTR	653	37.160529065	1251	1314.47	1329	98.91
2Cell_DuxOE	50353099	Charlie5:hAT-Charlie:DNA	1547	81.1884608136	1244	1252.20	1255	99.78
2Cell_DuxOE	50353099	ERVB4_2-LTR_MM:ERVK:LTR	144	35.6435713195	1232	1539.53	1904	80.86
2Cell_DuxOE	50353099	ERVL-E-int:ERVL:LTR	1044	61.2828293472	1227	1279.04	1291	99.07
2Cell_DuxOE	50353099	RLTR20A3_MM:ERVK:LTR	880	61.3429394802	1219	1238.64	1246	99.41
2Cell_DuxOE	50353099	RLTR13A1:ERVK:LTR	205	26.0894955871	1212	1288.71	1305	98.75
2Cell_DuxOE	50353099	RLTR9A3:ERVK:LTR	774	55.7242541141	1206	1244.90	1273	97.79
2Cell_DuxOE	50353099	MLT1L:ERVL-MaLR:LTR	1535	80.3500262954	1201	1239.48	1264	98.06
2Cell_DuxOE	50353099	RLTR16B_MM:ERVK:LTR	635	51.5698352313	1189	1240.20	1257	98.66
2Cell_DuxOE	50353099	L1ME3Cz:L1:LINE	1051	70.8888830434	1180	1188.97	1236	96.19
2Cell_DuxOE	50353099	MURVY-int:ERV1:LTR	544	18.317910869	1175	1430.62	1436	99.63
2Cell_DuxOE	50353099	RMER16C:ERVK:LTR	190	35.6290384199	1168	1193.21	1201	99.35
2Cell_DuxOE	50353099	RLTR13D1:ERVK:LTR	255	30.5525601288	1156	1182.46	1229	96.21
2Cell_DuxOE	50353099	RLTR20B3A_MM:ERVK:LTR	843	47.0909526905	1154	1177.08	1188	99.08
2Cell_DuxOE	50353099	ERVB4_1-I_MM-int:ERVK:LTR	296	19.84221341	1150	1320.42	1360	97.09
2Cell_DuxOE	50353099	MLT2B4:ERVL:LTR	1871	71.0520408797	1145	1167.53	1176	99.28
2Cell_DuxOE	50353099	LTR33:ERVL:LTR	1466	82.4096071254	1128	1136.79	1146	99.20
2Cell_DuxOE	50353099	MLTR18D_MM:ERVK:LTR	620	45.3010828763	1127	1161.40	1171	99.18
2Cell_DuxOE	50353099	RLTR49:ERVK:LTR	933	64.7890055695	1123	1210.58	1238	97.79
2Cell_DuxOE	50353099	RLTR1A2_MM:ERV1:LTR	406	42.6384922823	1113	1144.12	1183	96.71
2Cell_DuxOE	50353099	MERV1_LTR:ERV1:LTR	615	49.9419427119	1103	1207.93	1220	99.01
2Cell_DuxOE	50353099	MER53:hAT:DNA	1693	83.3463756353	1102	1103.39	1105	99.85
2Cell_DuxOE	50353099	L1M3e:L1:LINE	652	56.0637890361	1100	1107.55	1114	99.42
2Cell_DuxOE	50353099	LTR16A:ERVL:LTR	1472	73.7545095092	1100	1107.48	1117	99.15
2Cell_DuxOE	50353099	MLT2B2:ERVL:LTR	1351	62.7844521295	1094	1106.91	1115	99.27
2Cell_DuxOE	50353099	RLTR34C_MM:ERVK:LTR	402	45.6158201265	1085	1109.90	1124	98.75
2Cell_DuxOE	50353099	MLTR31D_MM:ERVK:LTR	318	44.6863046767	1059	1200.72	1221	98.34
2Cell_DuxOE	50353099	MLT2D:ERVL:LTR	1567	71.6510137327	1034	1045.11	1051	99.44
2Cell_DuxOE	50353099	Tigger6a:TcMar-Tigger:DNA	369	42.5299730191	1033	1058.14	1062	99.64
2Cell_DuxOE	50353099	RLTR41C:ERV1:LTR	157	37.6830938765	1019	1027.66	1031	99.68
2Cell_DuxOE	50353099	Tigger15a:TcMar-Tigger:DNA	704	71.5212302336	1017	1023.12	1033	99.04
2Cell_DuxOE	50353099	Charlie4a:hAT-Charlie:DNA	1121	72.4185497121	1014	1022.25	1029	99.34
2Cell_DuxOE	50353099	AmnSINE1:Deu:SINE	1311	91.3777881039	1007	1013.47	1018	99.56
2Cell_DuxOE	50353099	RLTR6_Mm:ERV1:LTR	237	59.2550784517	1007	2248.55	2473	90.92
2Cell_DuxOE	50353099	U4:snRNA:snRNA	108	123.767656271	997	1128.50	1129	99.96
2Cell_DuxOE	50353099	RLTR20B5_MM:ERVK:LTR	868	55.4387355629	994	1005.14	1013	99.22
2Cell_DuxOE	50353099	RLTR31_Mur:ERVK:LTR	354	36.1782328867	991	1029.89	1038	99.22
2Cell_DuxOE	50353099	Tigger10:TcMar-Tigger:DNA	242	40.8661233119	990	1023.62	1027	99.67
2Cell_DuxOE	50353099	RMER16A2:ERVK:LTR	273	61.7709566118	988	1698.00	1846	91.98
2Cell_DuxOE	50353099	Charlie7:hAT-Charlie:DNA	844	47.241362619	983	991.72	1001	99.07
2Cell_DuxOE	50353099	MRLTR33:ERVK:LTR	624	59.6574951753	982	1048.75	1065	98.47
2Cell_DuxOE	50353099	RLTR10D:ERVK:LTR	491	42.1830883851	982	1016.07	1036	98.08
2Cell_DuxOE	50353099	RLTR13A:ERVK:LTR	211	37.2994064319	982	1493.97	1927	77.53
2Cell_DuxOE	50353099	RLTR20B2:ERVK:LTR	880	49.8424173066	976	985.05	995	99.00
2Cell_DuxOE	50353099	MMERGLN_LTR:ERV1:LTR	435	46.6949750763	974	1200.23	1231	97.50
2Cell_DuxOE	50353099	IAPLTR4:ERVK:LTR	663	63.2744135099	969	1563.64	1616	96.76
2Cell_DuxOE	50353099	RLTR13A2:ERVK:LTR	151	38.9605988018	968	2074.68	2333	88.93
2Cell_DuxOE	50353099	RMER17A-int:ERVK:LTR	409	32.7480547931	961	990.05	997	99.30
2Cell_DuxOE	50353099	MLT2F:ERVL:LTR	574	57.6576659967	947	960.02	964	99.59
2Cell_DuxOE	50353099	RLTR50B:ERVK:LTR	334	39.4471049094	946	1036.86	1055	98.28
2Cell_DuxOE	50353099	RLTR13D3:ERVK:LTR	339	28.2320387755	945	1187.35	1172	101.31
2Cell_DuxOE	50353099	IAPEY_LTR:ERVK:LTR	1410	54.2140042145	943	1145.41	1178	97.23
2Cell_DuxOE	50353099	IAPEY3_LTR:ERVK:LTR	553	42.5168479532	924	1090.71	1172	93.06
2Cell_DuxOE	50353099	MER44D:TcMar-Tigger:DNA	940	53.4600710714	923	951.65	965	98.62
2Cell_DuxOE	50353099	IAPEY5_I-int:ERVK:LTR	184	24.3091062545	916	966.18	977	98.89
2Cell_DuxOE	50353099	MLT1E3:ERVL-MaLR:LTR	1020	54.4112705964	914	919.10	924	99.47
2Cell_DuxOE	50353099	RLTR34D_MM:ERVK:LTR	410	39.0247402843	914	941.68	962	97.89
2Cell_DuxOE	50353099	MER103C:hAT-Charlie:DNA	1072	67.7474161416	907	913.74	918	99.54
2Cell_DuxOE	50353099	MER77:ERVL:LTR	570	51.4194300866	906	917.06	926	99.03
2Cell_DuxOE	50353099	MER63D:hAT-Blackjack:DNA	1034	49.6767441077	900	905.88	913	99.22
2Cell_DuxOE	50353099	L1ME4c:L1:LINE	968	65.6848426443	896	912.04	914	99.79
2Cell_DuxOE	50353099	MLT1H2:ERVL-MaLR:LTR	1034	61.6226736725	890	898.61	903	99.51
2Cell_DuxOE	50353099	MTE2a-int:ERVL-MaLR:LTR	795	30.3006044628	887	920.81	934	98.59
2Cell_DuxOE	50353099	RLTR30E_MM:ERV1:LTR	320	39.1578492228	887	905.20	911	99.36
2Cell_DuxOE	50353099	MARNA:TcMar-Mariner:DNA	562	57.515194752	882	882.00	882	100.00
2Cell_DuxOE	50353099	RLTR11D:ERVK:LTR	529	45.1846855173	879	914.92	917	99.77
2Cell_DuxOE	50353099	MLTR18B_MM:ERVK:LTR	468	40.5616137245	860	1052.90	1064	98.96
2Cell_DuxOE	50353099	MLTR73:ERV1:LTR	956	55.8825596285	857	878.14	888	98.89
2Cell_DuxOE	50353099	LTR16C:ERVL:LTR	1352	62.0021077446	856	860.89	865	99.53
2Cell_DuxOE	50353099	MLT1H1:ERVL-MaLR:LTR	1001	55.8370052744	854	870.26	879	99.01
2Cell_DuxOE	50353099	MTEb-int:ERVL-MaLR:LTR	635	34.2095305683	854	878.96	887	99.09
2Cell_DuxOE	50353099	SRV_MM-int:ERVK:LTR	129	15.6924127013	852	874.10	876	99.78
2Cell_DuxOE	50353099	HAL1M8:L1:LINE	710	48.3812139955	850	857.89	863	99.41
2Cell_DuxOE	50353099	RLTR31M:ERVK:LTR	264	32.5342914249	844	863.53	870	99.26
2Cell_DuxOE	50353099	MLT1E1A:ERVL-MaLR:LTR	1154	57.1914003379	840	855.99	866	98.84
2Cell_DuxOE	50353099	ERVB3_1-I_MM-int:ERVK:LTR	134	17.9276858689	836	860.71	871	98.82
2Cell_DuxOE	50353099	RLTR13B4:ERVK:LTR	412	31.750375759	833	875.43	897	97.60
2Cell_DuxOE	50353099	LTR10_RN:ERVK:LTR	546	43.1966752193	831	877.44	889	98.70
2Cell_DuxOE	50353099	MER46C:TcMar-Tigger:DNA	788	61.7088392167	830	841.88	850	99.04
2Cell_DuxOE	50353099	LTRIS_Mm:ERV1:LTR	555	48.1778655369	828	1140.50	1157	98.57
2Cell_DuxOE	50353099	RLTR28B:ERVL:LTR	428	36.1236592327	828	830.94	835	99.51
2Cell_DuxOE	50353099	LTR72_RN:ERV1:LTR	1000	49.5320789049	821	887.29	897	98.92
2Cell_DuxOE	50353099	MamSINE1:tRNA:SINE	410	49.1479984934	816	816.00	816	100.00
2Cell_DuxOE	50353099	RLTR13C1:ERVK:LTR	309	19.2729782459	815	836.53	844	99.11
2Cell_DuxOE	50353099	L1ME3G:L1:LINE	1161	59.4814972846	792	804.47	831	96.81
2Cell_DuxOE	50353099	MLTR18C_MM:ERVK:LTR	468	31.9610038273	791	816.81	825	99.01
2Cell_DuxOE	50353099	RLTR20B1:ERVK:LTR	668	48.3810708396	789	1200.07	1205	99.59
2Cell_DuxOE	50353099	RLTR30:ERV1:LTR	390	41.1586088477	788	872.92	906	96.35
2Cell_DuxOE	50353099	Tigger13a:TcMar-Tigger:DNA	645	49.1807486084	783	791.00	795	99.50
2Cell_DuxOE	50353099	MLTR31F_MM:ERVK:LTR	403	39.317805178	781	789.54	799	98.82
2Cell_DuxOE	50353099	U17:snRNA:snRNA	24	50.0415535635	781	787.00	787	100.00
2Cell_DuxOE	50353099	MLT2C1:ERVL:LTR	872	50.3242114474	779	784.65	789	99.45
2Cell_DuxOE	50353099	ERVL-int:ERVL:LTR	721	28.488258287	778	837.53	1451	57.72
2Cell_DuxOE	50353099	MER20B:hAT-Charlie:DNA	831	50.8999481955	778	785.68	787	99.83
2Cell_DuxOE	50353099	RLTR20A2B_MM:ERVK:LTR	438	38.9777335527	778	785.59	804	97.71
2Cell_DuxOE	50353099	RLTR9A:ERVK:LTR	648	48.7518359705	778	947.29	992	95.49
2Cell_DuxOE	50353099	BGLII_A:ERVK:LTR	292	38.9121054074	769	971.55	992	97.94
2Cell_DuxOE	50353099	L1ME3B:L1:LINE	735	47.8379945608	767	773.53	777	99.55
2Cell_DuxOE	50353099	ERV3-16A3_I-int:ERVL:LTR	908	43.3572435439	765	774.81	783	98.95
2Cell_DuxOE	50353099	ERVB5_1-I_MM-int:ERVK:LTR	292	25.025340668	763	785.54	789	99.56
2Cell_DuxOE	50353099	IAPEY3C_LTR:ERVK:LTR	475	33.6976450091	759	819.75	841	97.47
2Cell_DuxOE	50353099	RLTR4_Mm:ERV1:LTR	239	72.8255923309	756	2735.57	2954	92.61
2Cell_DuxOE	50353099	Charlie12:hAT-Charlie:DNA	902	49.2021705943	749	763.96	772	98.96
2Cell_DuxOE	50353099	ERVB7_2-LTR_MM:ERVK:LTR	425	36.387163022	746	932.40	956	97.53
2Cell_DuxOE	50353099	L1M1:L1:LINE	881	47.537267464	738	758.69	764	99.31
2Cell_DuxOE	50353099	MLT1J1:ERVL-MaLR:LTR	1135	57.0561994768	737	744.24	747	99.63
2Cell_DuxOE	50353099	RLTR53_Mm:ERVK:LTR	481	43.841392048	736	746.74	756	98.77
2Cell_DuxOE	50353099	MLT1G:ERVL-MaLR:LTR	896	48.7213088417	734	741.20	744	99.62
2Cell_DuxOE	50353099	RMER16B2:ERVK:LTR	329	30.9614339736	730	739.06	750	98.54
2Cell_DuxOE	50353099	RLTR18-int:ERVK:LTR	506	36.0864174024	729	784.80	792	99.09
2Cell_DuxOE	50353099	RLTR13A3:ERVK:LTR	243	23.5855489671	723	968.64	1033	93.77
2Cell_DuxOE	50353099	MER44A:TcMar-Tigger:DNA	661	44.0747599702	722	753.84	760	99.19
2Cell_DuxOE	50353099	MER34A1:ERV1:LTR	541	38.3090766345	721	724.50	725	99.93
2Cell_DuxOE	50353099	RLTR12G:ERVK:LTR	238	29.6684843563	721	741.20	750	98.83
2Cell_DuxOE	50353099	RLTR19B:ERVK:LTR	224	27.1130011248	714	722.21	726	99.48
2Cell_DuxOE	50353099	RLTR26B_MM:ERVK:LTR	507	34.9022236977	713	719.99	723	99.58
2Cell_DuxOE	50353099	L1M4a1:L1:LINE	607	37.3013963481	701	709.89	713	99.56
2Cell_DuxOE	50353099	LTR50:ERVL:LTR	549	50.972075796	700	717.88	724	99.15
2Cell_DuxOE	50353099	MLT1I:ERVL-MaLR:LTR	1777	61.3044127706	695	700.40	708	98.93
2Cell_DuxOE	50353099	MER77B:ERVL:LTR	505	39.3509291198	692	702.56	709	99.09
2Cell_DuxOE	50353099	RLTR26C_MM:ERVK:LTR	454	34.777554118	688	694.08	734	94.56
2Cell_DuxOE	50353099	MER2B:TcMar-Tigger:DNA	1093	54.1709742971	687	693.73	702	98.82
2Cell_DuxOE	50353099	RLTR19C:ERVK:LTR	248	28.6150529477	682	688.65	694	99.23
2Cell_DuxOE	50353099	MLTR25C:ERVK:LTR	504	24.7951592306	681	707.74	714	99.12
2Cell_DuxOE	50353099	RLTR16C_MM:ERVK:LTR	360	30.9818239241	675	694.75	696	99.82
2Cell_DuxOE	50353099	MLTR12:ERV1:LTR	477	39.6904664991	672	687.15	692	99.30
2Cell_DuxOE	50353099	RLTR10B:ERVK:LTR	477	40.7214550516	665	799.45	849	94.16
2Cell_DuxOE	50353099	U5:snRNA:snRNA	85	83.4898298467	659	826.00	826	100.00
2Cell_DuxOE	50353099	MER63C:hAT-Blackjack:DNA	414	32.1101553404	657	680.09	683	99.57
2Cell_DuxOE	50353099	MLTR18_MM:ERVK:LTR	427	31.4366136878	656	665.49	671	99.18
2Cell_DuxOE	50353099	RLTR10F:ERVK:LTR	482	36.2331273475	646	682.55	692	98.63
2Cell_DuxOE	50353099	Arthur1:hAT-Tip100:DNA	920	38.1194722417	642	655.33	664	98.69
2Cell_DuxOE	50353099	MLTR18A_MM:ERVK:LTR	299	29.4367660803	642	676.37	683	99.03
2Cell_DuxOE	50353099	Charlie6:hAT-Charlie:DNA	148	22.0511029394	639	654.50	655	99.92
2Cell_DuxOE	50353099	MLT1G1:ERVL-MaLR:LTR	1080	50.5159794441	637	692.79	697	99.40
2Cell_DuxOE	50353099	L1M4a2:L1:LINE	736	39.490220754	634	639.26	643	99.42
2Cell_DuxOE	50353099	RLTR20A2:ERVK:LTR	368	32.0699400713	633	662.91	668	99.24
2Cell_DuxOE	50353099	MLTR31A_MM:ERVK:LTR	352	28.2037207927	632	658.36	664	99.15
2Cell_DuxOE	50353099	RLTR31B_Mm:ERVK:LTR	349	32.1452606955	620	631.05	638	98.91
2Cell_DuxOE	50353099	LTR40a:ERVL:LTR	709	34.8772330659	615	625.22	632	98.93
2Cell_DuxOE	50353099	RLTR35B_MM:ERVL:LTR	492	33.5170022639	611	620.30	626	99.09
2Cell_DuxOE	50353099	MER102b:hAT-Charlie:DNA	507	40.560748889	609	613.66	616	99.62
2Cell_DuxOE	50353099	RLTR24B_MM:ERV1:LTR	1018	29.3157317622	608	615.19	624	98.59
2Cell_DuxOE	50353099	MER63B:hAT-Blackjack:DNA	701	46.7583161856	606	609.68	612	99.62
2Cell_DuxOE	50353099	LFSINE_Vert:tRNA:SINE	1208	51.8045623975	604	617.46	619	99.75
2Cell_DuxOE	50353099	MER68B:ERVL:LTR	237	34.6662864555	603	606.00	608	99.67
2Cell_DuxOE	50353099	L1MDb:L1:LINE	583	35.2437770104	597	600.00	600	100.00
2Cell_DuxOE	50353099	MamTip2:hAT-Tip100:DNA	892	46.6356555953	597	598.25	600	99.71
2Cell_DuxOE	50353099	LTR82A:ERVL:LTR	341	30.6918801996	596	600.15	604	99.36
2Cell_DuxOE	50353099	4.5SRNA:scRNA:scRNA	1517	106.04327473	593	835.92	840	99.51
2Cell_DuxOE	50353099	RLTR1D:ERV1:LTR	305	26.8261018266	588	706.28	726	97.28
2Cell_DuxOE	50353099	RLTR13B3:ERVK:LTR	265	20.2549625043	585	770.59	787	97.92
2Cell_DuxOE	50353099	RLTR9B:ERVK:LTR	206	25.9097632545	583	764.20	811	94.23
2Cell_DuxOE	50353099	BLACKJACK:hAT-Blackjack:DNA	716	29.720796942	579	610.07	617	98.88
2Cell_DuxOE	50353099	MER63A:hAT-Blackjack:DNA	635	41.4173411757	570	573.82	578	99.28
2Cell_DuxOE	50353099	RLTR20A:ERVK:LTR	361	24.2391394041	570	576.20	584	98.66
2Cell_DuxOE	50353099	MLT1M:ERVL-MaLR:LTR	212	35.2749315584	565	569.27	570	99.87
2Cell_DuxOE	50353099	Tigger17c:TcMar-Tigger:DNA	649	37.9331445007	554	560.42	572	97.98
2Cell_DuxOE	50353099	MER45B:hAT-Tip100:DNA	688	34.5391270383	550	570.13	578	98.64
2Cell_DuxOE	50353099	LTRIS4A:ERV1:LTR	228	23.5159574666	546	573.58	577	99.41
2Cell_DuxOE	50353099	MER34:ERV1:LTR	737	39.5180334681	543	554.54	557	99.56
2Cell_DuxOE	50353099	RLTR47:ERVK:LTR	209	20.1595813392	540	571.58	577	99.06
2Cell_DuxOE	50353099	MLT1J2:ERVL-MaLR:LTR	1110	48.1348772501	536	542.70	545	99.58
2Cell_DuxOE	50353099	HAL1b:L1:LINE	763	33.3325155785	535	536.12	537	99.84
2Cell_DuxOE	50353099	IAPEY5_LTR:ERVK:LTR	237	20.1050730023	527	552.11	586	94.22
2Cell_DuxOE	50353099	CR1_Mam:CR1:LINE	257	33.3541249358	526	529.03	533	99.26
2Cell_DuxOE	50353099	RLTR30B_MM:ERV1:LTR	283	22.1971442547	525	536.65	544	98.65
2Cell_DuxOE	50353099	Kanga1:TcMar-Tc2:DNA	321	22.240127468	523	524.00	525	99.81
2Cell_DuxOE	50353099	L1M2c:L1:LINE	321	28.155513843	518	524.01	526	99.62
2Cell_DuxOE	50353099	MLTR31C_MM:ERVK:LTR	227	19.4694349273	515	527.59	532	99.17
2Cell_DuxOE	50353099	MER57D:ERV1:LTR	300	32.6368884994	514	518.84	523	99.20
2Cell_DuxOE	50353099	LTR67B:ERVL:LTR	632	41.1213540527	507	592.32	594	99.72
2Cell_DuxOE	50353099	MER67C:ERV1:LTR	620	31.2745885336	504	508.56	511	99.52
2Cell_DuxOE	50353099	RLTR9F:ERVK:LTR	411	25.0004002825	503	532.03	538	98.89
2Cell_DuxOE	50353099	LTR41:ERVL:LTR	506	31.515801419	502	507.43	515	98.53
2Cell_DuxOE	50353099	ERVB5_2-LTR_MM:ERVK:LTR	520	19.480199025	501	508.81	513	99.18
2Cell_DuxOE	50353099	L4_A_Mam:RTE-X:LINE	630	35.0090191969	495	506.85	517	98.04
2Cell_DuxOE	50353099	LTR48:ERV1:LTR	651	34.4289041923	487	494.88	499	99.17
2Cell_DuxOE	50353099	MamRep605:LTR?:LTR?	629	40.5220499829	486	493.92	502	98.39
2Cell_DuxOE	50353099	MLT1J-int:ERVL-MaLR:LTR	506	30.5987020122	486	490.86	493	99.57
2Cell_DuxOE	50353099	Charlie4z:hAT-Charlie:DNA	431	38.7822009691	485	485.00	488	99.39
2Cell_DuxOE	50353099	LTR16B1:ERVL:LTR	299	25.351775979	484	490.53	495	99.10
2Cell_DuxOE	50353099	MLT1E1:ERVL-MaLR:LTR	576	29.8683721527	481	487.45	495	98.48
2Cell_DuxOE	50353099	ERVB2_1A-I_MM-int:ERVK:LTR	289	15.6593931364	475	541.05	722	74.94
2Cell_DuxOE	50353099	IAPLTR4_I:ERVK:LTR	183	19.5222481032	471	640.73	714	89.74
2Cell_DuxOE	50353099	MER74A:ERVL:LTR	731	34.3066282313	471	473.50	476	99.47
2Cell_DuxOE	50353099	RLTR19A:ERVK:LTR	153	28.4832607997	464	467.53	470	99.47
2Cell_DuxOE	50353099	MLT1E:ERVL-MaLR:LTR	534	27.8940289519	462	488.99	499	97.99
2Cell_DuxOE	50353099	Charlie15b:hAT-Charlie:DNA	272	26.9109432259	460	461.81	464	99.53
2Cell_DuxOE	50353099	MER58C:hAT-Charlie:DNA	436	38.2420929215	451	452.48	454	99.67
2Cell_DuxOE	50353099	MLT1A0-int:ERVL-MaLR:LTR	206	14.649038417	446	458.35	462	99.21
2Cell_DuxOE	50353099	MLT2C2:ERVL:LTR	651	27.9851743418	446	450.43	459	98.13
2Cell_DuxOE	50353099	RLTR8:ERVK:LTR	241	21.2571253985	442	493.64	508	97.17
2Cell_DuxOE	50353099	RMER16A3:ERVK:LTR	699	22.2698972284	437	469.30	481	97.57
2Cell_DuxOE	50353099	MER52-int:ERV1:LTR	206	22.5176595726	434	439.92	445	98.86
2Cell_DuxOE	50353099	RLTR44A:ERVK:LTR	259	19.6879800446	431	442.36	455	97.22
2Cell_DuxOE	50353099	HERVL40-int:ERVL:LTR	204	17.2593951021	429	434.51	438	99.20
2Cell_DuxOE	50353099	MER34A:ERV1:LTR	694	33.4312802433	429	435.60	440	99.00
2Cell_DuxOE	50353099	L1MA10:L1:LINE	866	33.2593655181	426	439.41	464	94.70
2Cell_DuxOE	50353099	L1M:L1:LINE	459	29.2565852301	423	455.85	460	99.10
2Cell_DuxOE	50353099	LTR40b:ERVL:LTR	577	25.959342308	423	428.29	432	99.14
2Cell_DuxOE	50353099	RLTR41A2:ERV1:LTR	440	23.6138675575	422	471.73	506	93.23
2Cell_DuxOE	50353099	Charlie17b:hAT-Charlie:DNA	130	20.9642328756	419	422.21	423	99.81
2Cell_DuxOE	50353099	RLTR48B:ERV1:LTR	110	16.1756743652	410	422.48	428	98.71
2Cell_DuxOE	50353099	LTR103b_Mam:ERV1?:LTR	57	27.2955808196	409	409.00	409	100.00
2Cell_DuxOE	50353099	RLTR10E:ERVK:LTR	227	18.3213337195	406	440.84	445	99.07
2Cell_DuxOE	50353099	MER47B:TcMar-Tigger:DNA	509	25.489847768	405	407.01	410	99.27
2Cell_DuxOE	50353099	MLTR13:ERVK:LTR	205	14.498345557	403	427.50	429	99.65
2Cell_DuxOE	50353099	MLT1N2:ERVL-MaLR:LTR	692	33.3890943922	402	482.50	484	99.69
2Cell_DuxOE	50353099	RLTR20C:ERVK:LTR	263	20.1342056798	397	400.04	403	99.27
2Cell_DuxOE	50353099	MLT1H-int:ERVL-MaLR:LTR	379	26.2466676623	395	400.76	406	98.71
2Cell_DuxOE	50353099	Tigger9b:TcMar-Tigger:DNA	360	23.6455557832	391	391.00	393	99.49
2Cell_DuxOE	50353099	Tigger17:TcMar-Tigger:DNA	315	26.9484601358	388	395.38	398	99.34
2Cell_DuxOE	50353099	RLTR26D_MM:ERVK:LTR	247	18.4843508237	386	389.24	390	99.81
2Cell_DuxOE	50353099	RLTR31_Mm:ERVK:LTR	145	16.2579123399	386	410.80	413	99.47
2Cell_DuxOE	50353099	RLTR9D2:ERVK:LTR	194	20.9901183084	386	391.93	395	99.22
2Cell_DuxOE	50353099	MER113:hAT-Charlie:DNA	643	29.5763452313	384	386.22	388	99.54
2Cell_DuxOE	50353099	RLTR13D2:ERVK:LTR	270	14.768954899	384	395.14	399	99.03
2Cell_DuxOE	50353099	MER90a:ERV1:LTR	581	24.8422994634	381	385.70	389	99.15
2Cell_DuxOE	50353099	MamRep434:TcMar-Tigger:DNA	518	31.5156030293	380	380.72	385	98.89
2Cell_DuxOE	50353099	LTR33A_:ERVL:LTR	474	29.3858174945	377	381.32	387	98.53
2Cell_DuxOE	50353099	RLTR43C:ERVK:LTR	264	16.8776603663	377	380.85	385	98.92
2Cell_DuxOE	50353099	MER119:hAT-Charlie:DNA	404	27.1607683135	376	378.97	382	99.21
2Cell_DuxOE	50353099	RLTR44C:ERVK:LTR	198	16.3025081637	376	392.25	396	99.05
2Cell_DuxOE	50353099	Charlie2a:hAT-Charlie:DNA	505	25.5880459574	375	378.53	380	99.61
2Cell_DuxOE	50353099	RLTR20B4_MM:ERVK:LTR	416	22.1967390387	375	381.78	383	99.68
2Cell_DuxOE	50353099	MER67D:ERV1:LTR	468	20.7120646371	372	419.84	424	99.02
2Cell_DuxOE	50353099	L1MCc:L1:LINE	529	28.0545658953	371	381.29	387	98.53
2Cell_DuxOE	50353099	RLTR12H:ERVK:LTR	188	17.1835999845	370	410.21	424	96.75
2Cell_DuxOE	50353099	RLTR9C:ERVK:LTR	477	16.8020766783	370	398.50	416	95.79
2Cell_DuxOE	50353099	MER44C:TcMar-Tigger:DNA	185	15.8840159997	369	370.70	371	99.92
2Cell_DuxOE	50353099	L1MEj:L1:LINE	178	19.2910741041	365	365.94	367	99.71
2Cell_DuxOE	50353099	Plat_L3:CR1:LINE	579	30.3231672698	364	366.98	369	99.45
2Cell_DuxOE	50353099	tRNA-Ala-GCY_:tRNA:tRNA	2580	37.4299818091	362	362.00	362	100.00
2Cell_DuxOE	50353099	LTR33A:ERVL:LTR	504	26.5302706448	360	361.37	363	99.55
2Cell_DuxOE	50353099	MLT1O:ERVL-MaLR:LTR	538	34.1336451988	359	469.10	476	98.55
2Cell_DuxOE	50353099	MER34B-int:ERV1:LTR	81	20.7430787331	358	425.00	425	100.00
2Cell_DuxOE	50353099	L1MCb:L1:LINE	713	24.0578877362	357	363.96	370	98.37
2Cell_DuxOE	50353099	Tigger2b:TcMar-Tigger:DNA	176	18.3480672012	357	360.34	363	99.27
2Cell_DuxOE	50353099	RLTR13D4:ERVK:LTR	205	12.7700955826	355	362.67	367	98.82
2Cell_DuxOE	50353099	L1MEb:L1:LINE	352	22.8572856075	353	356.86	359	99.40
2Cell_DuxOE	50353099	MER54A:ERVL:LTR	273	18.4812282998	352	353.00	353	100.00
2Cell_DuxOE	50353099	MER102c:hAT-Charlie:DNA	363	24.7762059678	351	352.69	358	98.52
2Cell_DuxOE	50353099	RLTR30D_MM:ERV1:LTR	268	16.853996966	346	354.67	366	96.90
2Cell_DuxOE	50353099	IAPLTR3:ERVK:LTR	959	18.8080900855	344	401.82	416	96.59
2Cell_DuxOE	50353099	RLTR9A2:ERVK:LTR	227	17.2841597912	344	354.84	361	98.29
2Cell_DuxOE	50353099	LTR78B:ERV1:LTR	405	30.4934748128	343	413.45	435	95.05
2Cell_DuxOE	50353099	RLTR31A_Mm:ERVK:LTR	209	12.1116977427	342	344.98	349	98.85
2Cell_DuxOE	50353099	RLTR44E:ERVK:LTR	122	15.0616275853	340	365.08	369	98.94
2Cell_DuxOE	50353099	L4_C_Mam:RTE-X:LINE	590	27.9048614793	337	342.13	347	98.60
2Cell_DuxOE	50353099	LTR40c:ERVL:LTR	248	21.7832562695	337	340.48	343	99.27
2Cell_DuxOE	50353099	LTR78:ERV1:LTR	583	29.3640765566	336	540.56	548	98.64
2Cell_DuxOE	50353099	LTR37-int:ERV1:LTR	239	18.5155086428	335	335.00	335	100.00
2Cell_DuxOE	50353099	MER102a:hAT-Charlie:DNA	386	24.0955346734	333	333.62	334	99.89
2Cell_DuxOE	50353099	LTR16A1:ERVL:LTR	654	22.7875484831	332	334.82	338	99.06
2Cell_DuxOE	50353099	MER92B:ERV1:LTR	238	14.217509809	331	335.22	337	99.47
2Cell_DuxOE	50353099	Kanga2_a:TcMar-Tc2:DNA	356	19.1177895879	330	332.73	335	99.32
2Cell_DuxOE	50353099	Zaphod2:hAT-Tip100:DNA	169	10.2729433911	330	351.51	354	99.30
2Cell_DuxOE	50353099	RLTR26:ERVK:LTR	408	18.2378795084	329	344.24	360	95.62
2Cell_DuxOE	50353099	Zaphod:hAT-Tip100:DNA	728	20.3838916428	328	332.17	336	98.86
2Cell_DuxOE	50353099	LTR37A:ERV1:LTR	549	26.0019775067	327	332.56	333	99.87
2Cell_DuxOE	50353099	MER117:hAT-Charlie:DNA	745	31.9695450943	326	326.00	326	100.00
2Cell_DuxOE	50353099	RLTR13D3A:ERVK:LTR	162	11.6842578261	323	344.92	351	98.27
2Cell_DuxOE	50353099	LTR16E1:ERVL:LTR	514	24.8620292671	321	323.91	326	99.36
2Cell_DuxOE	50353099	MER115:hAT-Tip100:DNA	521	23.2507830955	313	333.50	334	99.85
2Cell_DuxOE	50353099	Charlie10:hAT-Charlie:DNA	371	18.8158117285	311	314.50	315	99.84
2Cell_DuxOE	50353099	MMERVK10D3_LTR:ERVK:LTR	174	14.8947766061	311	327.18	336	97.37
2Cell_DuxOE	50353099	Looper:PiggyBac:DNA	209	18.2471351929	309	312.75	316	98.97
2Cell_DuxOE	50353099	MER57C2:ERV1:LTR	415	21.9343311626	308	312.08	316	98.76
2Cell_DuxOE	50353099	MER74B:ERVL:LTR	324	18.9202076127	306	307.50	308	99.84
2Cell_DuxOE	50353099	Arthur1B:hAT-Tip100:DNA	597	24.3650044908	304	307.39	312	98.52
2Cell_DuxOE	50353099	RLTR9B2:ERVK:LTR	178	12.2941314759	300	310.45	320	97.02
2Cell_DuxOE	50353099	LTR87:ERVL?:LTR	214	20.5846701696	298	300.51	301	99.84
2Cell_DuxOE	50353099	MER104:TcMar-Tc2:DNA	295	22.6916455371	298	303.27	306	99.11
2Cell_DuxOE	50353099	LTR16A2:ERVL:LTR	416	19.7899350062	295	295.50	296	99.83
2Cell_DuxOE	50353099	MER45A:hAT-Tip100:DNA	769	30.1638678225	295	296.00	297	99.66
2Cell_DuxOE	50353099	MLT1-int:ERVL-MaLR:LTR	285	18.8857969327	294	396.66	361	109.88
2Cell_DuxOE	50353099	Ricksha_c:MULE-MuDR:DNA	405	19.6164038987	293	295.94	299	98.98
2Cell_DuxOE	50353099	Tigger6b:TcMar-Tigger:DNA	217	13.0718295777	293	298.28	308	96.84
2Cell_DuxOE	50353099	L1ME3D:L1:LINE	323	19.6882522656	292	296.06	298	99.35
2Cell_DuxOE	50353099	LTR16B2:ERVL:LTR	384	22.7198114434	292	297.53	299	99.51
2Cell_DuxOE	50353099	LTR48B:ERV1:LTR	302	20.2296622714	290	295.75	297	99.58
2Cell_DuxOE	50353099	L1ME3F:L1:LINE	308	17.6236009476	289	292.50	295	99.15
2Cell_DuxOE	50353099	MER81:hAT-Blackjack:DNA	512	27.5636751208	289	289.00	289	100.00
2Cell_DuxOE	50353099	MER91B:hAT-Tip100:DNA	229	21.3725428246	288	288.26	291	99.06
2Cell_DuxOE	50353099	RLTR12B2:ERVK:LTR	95	12.2532710408	288	291.59	295	98.84
2Cell_DuxOE	50353099	MER112:hAT-Charlie:DNA	358	22.2592209222	287	290.94	295	98.62
2Cell_DuxOE	50353099	Charlie18a:hAT-Charlie:DNA	242	21.927705372	285	285.13	287	99.35
2Cell_DuxOE	50353099	RLTR30C_MM:ERV1:LTR	124	8.96358350338	285	292.79	295	99.25
2Cell_DuxOE	50353099	LTRIS4B:ERV1:LTR	71	8.94950758622	284	291.84	295	98.93
2Cell_DuxOE	50353099	MER70B:ERVL:LTR	254	14.5982820566	284	284.50	285	99.82
2Cell_DuxOE	50353099	MLT1D-int:ERVL-MaLR:LTR	176	12.2412050252	282	294.53	300	98.18
2Cell_DuxOE	50353099	LTR41B:ERVL:LTR	290	20.930307687	279	282.58	285	99.15
2Cell_DuxOE	50353099	MLT1F-int:ERVL-MaLR:LTR	417	18.4274490207	279	285.80	293	97.54
2Cell_DuxOE	50353099	LTR104_Mam:Gypsy:LTR	254	23.5785426944	275	275.50	276	99.82
2Cell_DuxOE	50353099	MER54B:ERVL:LTR	114	11.7110555443	273	276.92	279	99.26
2Cell_DuxOE	50353099	MER66-int:ERV1:LTR	23	19.6142798145	273	273.61	274	99.86
2Cell_DuxOE	50353099	RLTR41B:ERV1:LTR	98	10.5392378723	271	276.67	282	98.11
2Cell_DuxOE	50353099	ERVB4_3-LTR_MM:ERVK:LTR	137	9.72252025364	267	298.49	293	101.88
2Cell_DuxOE	50353099	Tigger18a:TcMar-Tigger:DNA	240	17.8236914426	265	270.97	272	99.62
2Cell_DuxOE	50353099	Tigger16a:TcMar-Tigger:DNA	290	19.6471527572	263	269.59	270	99.85
2Cell_DuxOE	50353099	L1MEa:L1:LINE	169	13.5600832853	258	259.48	261	99.42
2Cell_DuxOE	50353099	LTR31:ERV1:LTR	187	15.040173964	257	258.56	261	99.07
2Cell_DuxOE	50353099	ERVB4_3-I_MM-int:ERVK:LTR	99	6.64856331139	256	296.97	293	101.36
2Cell_DuxOE	50353099	MER105:DNA:DNA	171	18.6322282028	254	255.94	257	99.59
2Cell_DuxOE	50353099	MLT2B5:ERVL:LTR	442	18.4715866731	252	254.47	256	99.40
2Cell_DuxOE	50353099	L1M3c:L1:LINE	337	14.7465250513	250	253.50	254	99.80
2Cell_DuxOE	50353099	MamRep1527:LTR:LTR	372	17.1072872139	250	250.95	251	99.98
2Cell_DuxOE	50353099	RLTR44B:ERVK:LTR	275	12.1085858823	250	259.74	265	98.01
2Cell_DuxOE	50353099	LTRIS3:ERV1:LTR	165	12.3159822387	246	259.84	268	96.96
2Cell_DuxOE	50353099	IAPA_MM-int:ERVK:LTR	126	11.4663294284	245	373.74	743	50.30
2Cell_DuxOE	50353099	MER131:SINE?:SINE?	274	22.1667257512	245	245.00	245	100.00
2Cell_DuxOE	50353099	RLTR1D2_MM:ERV1:LTR	192	13.7709210454	245	283.10	285	99.33
2Cell_DuxOE	50353099	X7B_LINE:CR1:LINE	162	14.6137427711	245	265.00	265	100.00
2Cell_DuxOE	50353099	Tigger20a:TcMar-Tigger:DNA	188	15.9277305321	244	246.24	249	98.89
2Cell_DuxOE	50353099	Charlie15a:hAT-Charlie:DNA	217	17.5294583066	238	238.50	241	98.96
2Cell_DuxOE	50353099	MamRep1151:LTR?:LTR?	249	15.5708341455	238	239.00	239	100.00
2Cell_DuxOE	50353099	L1ME3C:L1:LINE	326	17.368969746	237	237.00	238	99.58
2Cell_DuxOE	50353099	MER68-int:ERVL:LTR	77	12.73483767	236	252.10	257	98.09
2Cell_DuxOE	50353099	LTR65:ERV1:LTR	162	14.1314864663	235	235.00	235	100.00
2Cell_DuxOE	50353099	MamRep137:TcMar-Tigger:DNA	339	17.6116914159	232	232.50	233	99.79
2Cell_DuxOE	50353099	LTR79:ERVL:LTR	380	17.5125953305	229	232.94	236	98.70
2Cell_DuxOE	50353099	MER76:ERVL:LTR	247	14.7294301883	229	230.50	231	99.78
2Cell_DuxOE	50353099	Charlie9:hAT-Charlie:DNA	232	16.618570423	227	230.07	231	99.60
2Cell_DuxOE	50353099	ERV3-16A3_LTR:ERVL:LTR	279	15.4849205898	227	227.00	227	100.00
2Cell_DuxOE	50353099	RLTR17C_Mm:ERVK:LTR	218	12.505087159	224	224.91	226	99.52
2Cell_DuxOE	50353099	LTR81B:Gypsy:LTR	204	13.5934378968	221	225.02	226	99.56
2Cell_DuxOE	50353099	Charlie29a:hAT-Charlie:DNA	324	16.5697583872	220	222.36	224	99.27
2Cell_DuxOE	50353099	MER70A:ERVL:LTR	184	12.2646454625	220	232.50	233	99.79
2Cell_DuxOE	50353099	MER90:ERV1:LTR	245	15.4958692722	220	223.50	226	98.89
2Cell_DuxOE	50353099	RLTR9A3A:ERVK:LTR	222	11.8484662887	220	229.38	233	98.44
2Cell_DuxOE	50353099	MER92-int:ERV1:LTR	324	13.7129682278	218	225.22	229	98.35
2Cell_DuxOE	50353099	L1M7:L1:LINE	207	13.8213075513	210	210.88	212	99.47
2Cell_DuxOE	50353099	L1ME3E:L1:LINE	327	16.79056389	210	218.97	220	99.53
2Cell_DuxOE	50353099	MER50:ERV1:LTR	13	18.9580107988	210	210.00	210	100.00
2Cell_DuxOE	50353099	RLTR5_Mm:ERV1:LTR	601	7.90002751255	210	234.00	236	99.15
2Cell_DuxOE	50353099	MamTip3:hAT-Tip100:DNA	180	16.7789005343	209	210.06	211	99.55
2Cell_DuxOE	50353099	ERVB7_4-LTR_MM:ERVK:LTR	166	10.3214097209	203	223.90	228	98.20
2Cell_DuxOE	50353099	Helitron3Na_Mam:Helitron:RC	191	15.8586660532	202	203.00	204	99.51
2Cell_DuxOE	50353099	L1M3de:L1:LINE	157	9.29501977469	202	204.64	207	98.86
2Cell_DuxOE	50353099	LTR16B:ERVL:LTR	260	15.5396332205	202	204.70	208	98.41
2Cell_DuxOE	50353099	RLTR9A3B:ERVK:LTR	346	12.4925456783	199	216.40	220	98.36
2Cell_DuxOE	50353099	IAPEY4_LTR:ERVK:LTR	95	17.7205290178	196	467.32	503	92.91
2Cell_DuxOE	50353099	RLTR6C_Mm:ERV1:LTR	102	11.0147081681	196	256.21	277	92.50
2Cell_DuxOE	50353099	MER94:hAT-Blackjack:DNA	466	18.7322633461	195	197.67	200	98.84
2Cell_DuxOE	50353099	RLTR10D2:ERVK:LTR	225	12.6838563741	195	202.02	205	98.55
2Cell_DuxOE	50353099	RLTR48C:ERV1:LTR	149	10.236789721	195	197.00	197	100.00
2Cell_DuxOE	50353099	RMER16B:ERVK:LTR	84	9.1992277481	195	195.65	196	99.82
2Cell_DuxOE	50353099	MER121:TcMar?:DNA	588	17.2591044936	193	193.32	194	99.65
2Cell_DuxOE	50353099	MER45R:hAT-Tip100:DNA	375	15.4796237626	193	202.73	207	97.94
2Cell_DuxOE	50353099	MER67B:ERV1:LTR	220	14.4651215618	192	194.05	197	98.50
2Cell_DuxOE	50353099	ORR1G-int:ERVL-MaLR:LTR	70	6.75926965452	192	195.31	198	98.64
2Cell_DuxOE	50353099	LTR83:ERVL:LTR	161	12.1602954032	190	191.14	192	99.55
2Cell_DuxOE	50353099	LTR101_Mam:ERVL:LTR	157	13.0627962125	189	191.92	196	97.92
2Cell_DuxOE	50353099	Tigger16b:TcMar-Tigger:DNA	197	15.7240125099	187	187.00	187	100.00
2Cell_DuxOE	50353099	LTR37B:ERV1:LTR	386	15.118304255	185	186.96	188	99.45
2Cell_DuxOE	50353099	L1M6:L1:LINE	329	13.5566082099	183	183.00	183	100.00
2Cell_DuxOE	50353099	RLTR42:ERVK:LTR	266	13.4375671159	183	188.66	191	98.77
2Cell_DuxOE	50353099	ERVB5_1-LTR_MM:ERVK:LTR	143	9.25647532853	181	185.28	187	99.08
2Cell_DuxOE	50353099	MamRep1894:hAT:DNA	36	14.7898632248	181	181.00	182	99.45
2Cell_DuxOE	50353099	MER21-int:ERVL:LTR	105	11.8877214826	180	181.05	182	99.48
2Cell_DuxOE	50353099	Kanga11a:TcMar-Tc2:DNA	187	11.3931842893	179	188.24	189	99.60
2Cell_DuxOE	50353099	U3:snRNA:snRNA	97	24.095269917	179	441.00	441	100.00
2Cell_DuxOE	50353099	Charlie22a:hAT-Charlie:DNA	163	10.596094703	178	179.50	180	99.72
2Cell_DuxOE	50353099	L1M2a:L1:LINE	208	11.4298837705	178	180.00	182	98.90
2Cell_DuxOE	50353099	L1M8:L1:LINE	201	13.7978525754	178	179.87	182	98.83
2Cell_DuxOE	50353099	LTRIS4:ERV1:LTR	147	9.17276498812	177	201.49	208	96.87
2Cell_DuxOE	50353099	MamGypLTR3:Gypsy:LTR	105	7.08870820488	176	177.00	177	100.00
2Cell_DuxOE	50353099	MER57E1:ERV1:LTR	210	10.1483185128	175	176.64	178	99.23
2Cell_DuxOE	50353099	RLTR30D_RN:ERV1:LTR	64	7.66303948668	175	178.00	178	100.00
2Cell_DuxOE	50353099	RLTR13F:ERVK:LTR	98	6.06087472639	174	176.23	178	99.01
2Cell_DuxOE	50353099	RLTR1:ERV1:LTR	62	4.85915906737	174	178.68	179	99.82
2Cell_DuxOE	50353099	ERVB3_1-LTR_MM:ERVK:LTR	158	7.87906174809	171	173.31	177	97.92
2Cell_DuxOE	50353099	MER58D:hAT-Charlie:DNA	292	13.9380822914	171	172.87	174	99.35
2Cell_DuxOE	50353099	hAT-N1_Mam:hAT?:DNA	185	11.9521099015	170	170.00	170	100.00
2Cell_DuxOE	50353099	MLT1C-int:ERVL-MaLR:LTR	122	8.29142256543	170	174.74	178	98.17
2Cell_DuxOE	50353099	X7C_LINE:CR1:LINE	155	9.92152803882	170	174.72	177	98.71
2Cell_DuxOE	50353099	RNERVK23-int:ERVK:LTR	45	6.16985431831	169	169.34	170	99.61
2Cell_DuxOE	50353099	Kanga1c:TcMar-Tc2:DNA	184	12.0553571486	168	168.00	168	100.00
2Cell_DuxOE	50353099	LTRIS5:ERV1:LTR	85	7.27160622884	167	168.88	173	97.62
2Cell_DuxOE	50353099	MLTR32C_MM:ERVK:LTR	127	6.80722318805	165	167.76	169	99.26
2Cell_DuxOE	50353099	HERV16-int:ERVL:LTR	277	13.2090866176	164	166.00	166	100.00
2Cell_DuxOE	50353099	RLTR13D:ERVK:LTR	45	3.53766854636	164	167.55	169	99.14
2Cell_DuxOE	50353099	MER106A:hAT-Charlie:DNA	115	8.38642321589	163	163.00	163	100.00
2Cell_DuxOE	50353099	LTR16E2:ERVL:LTR	423	14.7876012105	162	162.60	166	97.95
2Cell_DuxOE	50353099	LTR73:ERV1:LTR	137	9.28742935461	162	164.64	165	99.78
2Cell_DuxOE	50353099	LTR85a:Gypsy?:LTR	234	12.6122870371	160	160.00	160	100.00
2Cell_DuxOE	50353099	MER91A:hAT-Tip100:DNA	370	13.2380604556	160	162.09	164	98.84
2Cell_DuxOE	50353099	ERVB2_1-I_MM-int:ERVK:LTR	83	5.02700524485	158	165.44	167	99.07
2Cell_DuxOE	50353099	Kanga1a:TcMar-Tc2:DNA	191	10.5594105034	158	158.77	159	99.85
2Cell_DuxOE	50353099	MamGypLTR3a:Gypsy:LTR	161	10.0646132204	157	158.99	165	96.36
2Cell_DuxOE	50353099	Charlie19a:hAT-Charlie:DNA	240	12.2287865302	155	155.14	156	99.45
2Cell_DuxOE	50353099	RLTR44D:ERVK:LTR	100	7.15187331138	155	159.44	163	97.82
2Cell_DuxOE	50353099	Charlie25:hAT-Charlie:DNA	301	11.5032581661	154	159.59	165	96.72
2Cell_DuxOE	50353099	MER5C:hAT-Charlie:DNA	242	11.9890130277	154	154.20	156	98.85
2Cell_DuxOE	50353099	Charlie23a:hAT-Charlie:DNA	157	11.9286481335	153	153.00	153	100.00
2Cell_DuxOE	50353099	LTR81A:Gypsy:LTR	180	11.5870269115	153	153.67	154	99.79
2Cell_DuxOE	50353099	L4_B_Mam:RTE-X:LINE	361	12.0770357729	152	152.50	153	99.67
2Cell_DuxOE	50353099	Tigger9a:TcMar-Tigger:DNA	200	12.0223285885	152	152.00	152	100.00
2Cell_DuxOE	50353099	LTR52:ERVL:LTR	230	11.1568051169	151	152.63	155	98.47
2Cell_DuxOE	50353099	LTR33C:ERVL:LTR	232	10.5318293936	150	157.06	161	97.55
2Cell_DuxOE	50353099	Charlie21a:hAT-Charlie:DNA	174	9.58210407302	147	148.00	149	99.33
2Cell_DuxOE	50353099	LTR33B:ERVL:LTR	268	9.57575523492	146	148.39	155	95.74
2Cell_DuxOE	50353099	LTR89:ERVL?:LTR	146	9.76651046663	146	146.00	146	100.00
2Cell_DuxOE	50353099	Charlie16a:hAT-Charlie:DNA	197	10.7943438283	145	145.00	145	100.00
2Cell_DuxOE	50353099	Zaphod3:hAT-Tip100:DNA	454	12.8479668194	145	147.00	148	99.32
2Cell_DuxOE	50353099	LTR102_Mam:ERVL:LTR	215	12.0430545286	141	141.50	142	99.65
2Cell_DuxOE	50353099	LTR55:ERVL?:LTR	160	13.3194603771	141	144.50	146	98.97
2Cell_DuxOE	50353099	RLTR46A2:ERVK:LTR	58	6.04044152922	141	144.11	146	98.70
2Cell_DuxOE	50353099	Tigger12:TcMar-Tigger:DNA	155	11.5888985434	141	142.00	142	100.00
2Cell_DuxOE	50353099	LTR28B:ERV1:LTR	144	11.024065205	140	154.00	154	100.00
2Cell_DuxOE	50353099	Tigger8:TcMar-Tigger:DNA	121	12.25945311	138	139.19	140	99.42
2Cell_DuxOE	50353099	X8_LINE:CR1:LINE	158	10.6413948592	135	135.00	135	100.00
2Cell_DuxOE	50353099	Charlie11:hAT-Charlie:DNA	52	4.18804750827	134	134.01	135	99.27
2Cell_DuxOE	50353099	MamRep4096:hAT?:DNA	180	8.07445968137	134	134.00	134	100.00
2Cell_DuxOE	50353099	AmnSINE2:Deu:SINE	391	13.0725419148	133	133.00	133	100.00
2Cell_DuxOE	50353099	MER47A:TcMar-Tigger:DNA	127	7.7672294515	132	133.09	134	99.32
2Cell_DuxOE	50353099	MER96B:hAT-Tip100:DNA	410	12.2675863819	132	132.00	133	99.25
2Cell_DuxOE	50353099	L1M2b:L1:LINE	16	9.32482924595	131	131.00	131	100.00
2Cell_DuxOE	50353099	RLTR1F_Mm:ERVK:LTR	83	4.2126173512	131	141.16	144	98.03
2Cell_DuxOE	50353099	Kanga1b:TcMar-Tc2:DNA	121	8.56129737499	130	131.00	132	99.24
2Cell_DuxOE	50353099	UCON29:PiggyBac?:DNA	141	9.29823008672	128	128.00	128	100.00
2Cell_DuxOE	50353099	MamRep38:hAT:DNA	212	11.4163498597	127	146.83	152	96.60
2Cell_DuxOE	50353099	MER124:DNA?:DNA?	252	9.73656801907	126	126.00	126	100.00
2Cell_DuxOE	50353099	Charlie4:hAT-Charlie:DNA	161	8.36983226808	124	126.35	127	99.49
2Cell_DuxOE	50353099	Charlie13a:hAT-Charlie:DNA	184	8.34174270363	123	128.50	130	98.85
2Cell_DuxOE	50353099	MER135:DNA:DNA	287	12.1478992518	122	122.00	122	100.00
2Cell_DuxOE	50353099	Eulor8:TcMar?:DNA	110	7.99292991223	121	121.50	122	99.59
2Cell_DuxOE	50353099	L1PB4:L1:LINE	144	8.37124722961	121	122.64	124	98.90
2Cell_DuxOE	50353099	MLT1H2-int:ERVL-MaLR:LTR	53	4.48209861253	121	121.59	122	99.67
2Cell_DuxOE	50353099	MER99:hAT?:DNA	198	9.33251821243	120	122.29	123	99.42
2Cell_DuxOE	50353099	MER125:DNA:DNA	111	11.6479238418	119	120.00	120	100.00
2Cell_DuxOE	50353099	BGLII_C:ERVK:LTR	74	6.16659090771	118	119.00	119	100.00
2Cell_DuxOE	50353099	MamRep1879:hAT-Tip100?:DNA	105	8.90442953206	118	118.00	118	100.00
2Cell_DuxOE	50353099	L1MEh:L1:LINE	202	9.16072226489	117	117.00	117	100.00
2Cell_DuxOE	50353099	L1P5:L1:LINE	166	6.80325494163	117	118.42	119	99.51
2Cell_DuxOE	50353099	Eulor5A:DNA?:DNA?	80	9.39889749122	116	116.00	116	100.00
2Cell_DuxOE	50353099	MER67A:ERV1:LTR	176	6.66767217334	116	118.68	122	97.28
2Cell_DuxOE	50353099	MLT1B-int:ERVL-MaLR:LTR	165	5.82960923074	116	117.05	119	98.36
2Cell_DuxOE	50353099	RMER16B3:ERVK:LTR	101	7.28538760077	116	117.71	118	99.75
2Cell_DuxOE	50353099	LTR53:ERVL:LTR	226	9.83779060372	114	114.74	115	99.77
2Cell_DuxOE	50353099	RLTR53B_Mm:ERVK:LTR	160	6.86208006806	114	116.94	119	98.27
2Cell_DuxOE	50353099	RLTR19A2:ERVK:LTR	94	6.12290615567	113	116.43	121	96.22
2Cell_DuxOE	50353099	L1MEg2:L1:LINE	112	5.763874744	112	115.50	116	99.57
2Cell_DuxOE	50353099	LTR84b:ERVL:LTR	187	11.0716135983	112	112.00	112	100.00
2Cell_DuxOE	50353099	L1M3d:L1:LINE	171	7.09734072796	111	121.00	121	100.00
2Cell_DuxOE	50353099	MER45C:hAT-Tip100:DNA	290	9.61582618831	111	113.51	115	98.70
2Cell_DuxOE	50353099	Tigger11a:TcMar-Tigger:DNA	75	8.08876968776	111	111.00	111	100.00
2Cell_DuxOE	50353099	RLTR50A:ERVK:LTR	85	4.80197405815	110	110.40	111	99.46
2Cell_DuxOE	50353099	Charlie20a:hAT-Charlie:DNA	161	9.47105117228	109	112.00	112	100.00
2Cell_DuxOE	50353099	MER97b:hAT-Tip100:DNA	55	4.68763595212	109	109.50	110	99.55
2Cell_DuxOE	50353099	Charlie13b:hAT-Charlie:DNA	114	6.99979697566	106	106.00	106	100.00
2Cell_DuxOE	50353099	ORSL-2b:hAT-Tip100:DNA	210	8.45445240543	106	108.71	110	98.83
2Cell_DuxOE	50353099	RLTR12F:ERVK:LTR	60	4.15777465177	106	106.55	107	99.58
2Cell_DuxOE	50353099	Kanga1d:TcMar-Tc2:DNA	131	7.2132155656	105	106.78	111	96.20
2Cell_DuxOE	50353099	MLTR31E_MM:ERVK:LTR	164	6.77991785111	105	107.00	110	97.27
2Cell_DuxOE	50353099	ORSL:hAT-Tip100:DNA	281	7.53234743638	105	105.00	105	100.00
2Cell_DuxOE	50353099	MER88:ERVL:LTR	58	4.81819238509	103	106.01	109	97.26
2Cell_DuxOE	50353099	MLT1F2-int:ERVL-MaLR:LTR	68	4.69256192806	102	103.94	106	98.06
2Cell_DuxOE	50353099	RLTR20A1:ERVK:LTR	98	5.52084286826	102	102.71	104	98.75
2Cell_DuxOE	50353099	X3_LINE:RTE-BovB:LINE	260	9.00776645916	102	102.16	103	99.19
2Cell_DuxOE	50353099	Helitron1Nb_Mam:Helitron:RC	92	4.35702923383	101	101.00	101	100.00
2Cell_DuxOE	50353099	X2_LINE:CR1:LINE	32	6.32716519328	101	101.00	101	100.00
2Cell_DuxOE	50353099	MER57-int:ERV1:LTR	202	8.28952250318	100	100.00	100	100.00
2Cell_DuxOE	50353099	MER95:ERV1:LTR	54	3.61146754768	100	100.17	101	99.18
2Cell_DuxOE	50353099	Chap1_Mam:hAT-Charlie:DNA	153	6.46130598063	98	98.00	98	100.00
2Cell_DuxOE	50353099	HY3:scRNA:scRNA	15	16.8617075096	96	96.00	96	100.00
2Cell_DuxOE	50353099	MER31-int:ERV1:LTR	149	4.86483749002	95	97.86	101	96.89
2Cell_DuxOE	50353099	MER106B:hAT-Charlie:DNA	242	8.81462006041	93	107.38	111	96.73
2Cell_DuxOE	50353099	U8:snRNA:snRNA	5	8.58697386194	93	93.00	93	100.00
2Cell_DuxOE	50353099	MER126:DNA:DNA	118	8.77865740407	92	92.00	92	100.00
2Cell_DuxOE	50353099	MER72B:ERV1:LTR	74	4.48487825734	91	91.27	92	99.21
2Cell_DuxOE	50353099	LTR68:ERV1:LTR	106	4.67567193716	90	90.00	90	100.00
2Cell_DuxOE	50353099	LTR106_Mam:LTR:LTR	164	5.7846891124	89	93.59	95	98.51
2Cell_DuxOE	50353099	LTR81C:Gypsy:LTR	99	8.3033786597	89	89.00	89	100.00
2Cell_DuxOE	50353099	Charlie17:hAT-Charlie:DNA	134	5.04344556091	87	88.76	89	99.73
2Cell_DuxOE	50353099	MER110A:ERV1:LTR	196	5.83914766567	83	89.60	92	97.39
2Cell_DuxOE	50353099	RLTR3_Mm:ERVK:LTR	31	5.08157491887	82	84.00	84	100.00
2Cell_DuxOE	50353099	LTRIS6:ERV1:LTR	149	5.42083408323	81	88.48	94	94.13
2Cell_DuxOE	50353099	L1MEg1:L1:LINE	92	5.69703586765	80	81.00	82	98.78
2Cell_DuxOE	50353099	LTR86B1:ERVL:LTR	49	5.70621157687	79	79.00	79	100.00
2Cell_DuxOE	50353099	MER113A:hAT-Charlie:DNA	140	6.65051183108	77	78.55	80	98.18
2Cell_DuxOE	50353099	MER74C:ERVL:LTR	114	4.06258262074	77	77.00	77	100.00
2Cell_DuxOE	50353099	MLT2E:ERVL:LTR	126	5.79897657668	77	79.20	80	99.00
2Cell_DuxOE	50353099	Tigger14a:TcMar-Tigger:DNA	225	7.78852080302	77	78.00	79	98.73
2Cell_DuxOE	50353099	LTR69:ERVL:LTR	74	5.06408220093	76	76.79	78	98.45
2Cell_DuxOE	50353099	LTR82B:ERVL:LTR	290	6.53256996842	76	76.19	77	98.94
2Cell_DuxOE	50353099	X6B_LINE:CR1:LINE	274	7.69956957782	76	76.00	76	100.00
2Cell_DuxOE	50353099	Eulor2B:DNA?:DNA?	42	4.55880979538	75	75.00	75	100.00
2Cell_DuxOE	50353099	HERVL74-int:ERVL:LTR	149	5.98757070914	74	75.00	75	100.00
2Cell_DuxOE	50353099	L1M3b:L1:LINE	169	5.49350072222	74	78.52	79	99.39
2Cell_DuxOE	50353099	LTR105_Mam:ERVL:LTR	124	4.30940374841	74	74.00	74	100.00
2Cell_DuxOE	50353099	MADE2:TcMar-Mariner:DNA	208	7.22792145564	73	73.00	73	100.00
2Cell_DuxOE	50353099	Charlie7a:hAT-Charlie:DNA	102	6.15023126941	71	71.00	71	100.00
2Cell_DuxOE	50353099	LTR86A2:ERVL:LTR	79	7.66071748712	71	112.00	116	96.55
2Cell_DuxOE	50353099	LTR88b:Gypsy?:LTR	178	6.96569813172	70	72.52	73	99.34
2Cell_DuxOE	50353099	MLT1G3-int:ERVL-MaLR:LTR	58	3.24856376326	69	70.00	70	100.00
2Cell_DuxOE	50353099	X7A_LINE:CR1:LINE	159	6.27362986916	69	69.00	69	100.00
2Cell_DuxOE	50353099	HAL1_SS:L1:LINE	79	3.329521307	68	68.00	68	100.00
2Cell_DuxOE	50353099	MamGypLTR1b:Gypsy:LTR	141	6.08431697803	67	67.00	67	100.00
2Cell_DuxOE	50353099	MLT1H1-int:ERVL-MaLR:LTR	49	3.15161407952	66	67.00	67	100.00
2Cell_DuxOE	50353099	Arthur1C:hAT-Tip100:DNA	155	4.72474453435	65	69.21	70	98.88
2Cell_DuxOE	50353099	L1M3f:L1:LINE	100	4.5770872031	65	65.00	65	100.00
2Cell_DuxOE	50353099	L1ME5:L1:LINE	146	4.31403577926	65	66.20	67	98.81
2Cell_DuxOE	50353099	LTR84a:ERVL:LTR	136	6.32502076207	65	65.32	66	98.97
2Cell_DuxOE	50353099	LTR86A1:ERVL:LTR	92	5.33412724879	65	65.75	67	98.13
2Cell_DuxOE	50353099	MLT1A1-int:ERVL-MaLR:LTR	130	4.36752987716	65	65.50	66	99.24
2Cell_DuxOE	50353099	tRNA-Ala-GCA:tRNA:tRNA	749	8.45289476485	65	65.00	65	100.00
2Cell_DuxOE	50353099	U14:snRNA:snRNA	4	7.61383187716	64	64.00	64	100.00
2Cell_DuxOE	50353099	LTR40A1:ERVL:LTR	114	3.44934095758	63	63.50	67	94.78
2Cell_DuxOE	50353099	LTR108e_Mam:ERVL:LTR	36	3.66183510156	62	62.54	64	97.72
2Cell_DuxOE	50353099	LTR90B:LTR:LTR	91	4.5689230619	62	62.00	62	100.00
2Cell_DuxOE	50353099	MER73:ERVL:LTR	135	6.32401433304	62	62.00	62	100.00
2Cell_DuxOE	50353099	tRNA-Tyr-TAC:tRNA:tRNA	20	9.59517935116	62	62.00	62	100.00
2Cell_DuxOE	50353099	Arthur1A:hAT-Tip100:DNA	148	4.89284494404	61	61.00	61	100.00
2Cell_DuxOE	50353099	MLT1A-int:ERVL-MaLR:LTR	123	3.52085813946	61	62.25	63	98.80
2Cell_DuxOE	50353099	LTR80A:ERVL:LTR	112	3.63255644721	60	60.00	60	100.00
2Cell_DuxOE	50353099	MamGypLTR1a:Gypsy:LTR	137	5.71142093941	60	62.75	64	98.04
2Cell_DuxOE	50353099	Charlie26a:hAT-Charlie:DNA	98	5.54340694624	59	59.00	61	96.72
2Cell_DuxOE	50353099	MLT1F1-int:ERVL-MaLR:LTR	89	2.45087291069	59	62.50	63	99.21
2Cell_DuxOE	50353099	LTR75:ERVL:LTR	94	3.92350338474	58	59.82	61	98.06
2Cell_DuxOE	50353099	MER94B:hAT-Blackjack:DNA	86	5.24142721389	58	58.00	58	100.00
2Cell_DuxOE	50353099	Tigger17b:TcMar-Tigger:DNA	72	3.60202503382	57	57.61	59	97.65
2Cell_DuxOE	50353099	LTR85c:Gypsy?:LTR	119	5.01151588965	56	56.00	56	100.00
2Cell_DuxOE	50353099	MER4B-int:ERV1:LTR	52	3.41668364138	56	56.00	56	100.00
2Cell_DuxOE	50353099	MLT1I-int:ERVL-MaLR:LTR	57	4.98754903691	56	56.00	56	100.00
2Cell_DuxOE	50353099	RLTR47_MM:ERV1:LTR	45	4.44554754898	56	89.06	96	92.77
2Cell_DuxOE	50353099	Tigger12A:TcMar-Tigger:DNA	86	4.42159345175	56	56.00	56	100.00
2Cell_DuxOE	50353099	LTR88c:Gypsy?:LTR	118	3.8766635476	55	55.00	55	100.00
2Cell_DuxOE	50353099	LTR90A:LTR:LTR	99	4.52170098372	55	55.00	55	100.00
2Cell_DuxOE	50353099	Mam_R4:Dong-R4:LINE	138	4.65491564934	55	55.00	55	100.00
2Cell_DuxOE	50353099	MER113B:hAT-Charlie:DNA	72	2.50651914497	54	54.00	54	100.00
2Cell_DuxOE	50353099	Ricksha_0:MULE-MuDR:DNA	82	3.41364362568	54	54.00	54	100.00
2Cell_DuxOE	50353099	RLTR46:ERVK:LTR	46	2.50628854669	54	55.00	56	98.21
2Cell_DuxOE	50353099	UCON23:hAT?:DNA	22	4.67807464155	54	54.00	54	100.00
2Cell_DuxOE	50353099	Eulor9A:DNA:DNA	60	3.78945263636	53	53.00	53	100.00
2Cell_DuxOE	50353099	Helitron2Na_Mam:Helitron?:RC?	74	3.97472034831	53	53.00	53	100.00
2Cell_DuxOE	50353099	LTR91:ERVL:LTR	57	4.70505746454	53	53.70	54	99.45
2Cell_DuxOE	50353099	Ricksha:MuDR:DNA	85	3.46394887017	53	53.00	53	100.00
2Cell_DuxOE	50353099	RLTR19D:ERVK:LTR	64	4.13447455375	52	70.81	72	98.34
2Cell_DuxOE	50353099	LTR75B:ERVL:LTR	69	3.20786875768	51	51.00	51	100.00
2Cell_DuxOE	50353099	MER127:TcMar-Tigger:DNA	119	5.01335785498	51	51.00	51	100.00
2Cell_DuxOE	50353099	MER5C1:hAT-Charlie:DNA	75	5.29558091119	51	51.00	51	100.00
2Cell_DuxOE	50353099	RLTR46A:ERVK:LTR	71	2.29614971073	51	54.49	59	92.35
2Cell_DuxOE	50353099	L5:RTE-X:LINE	122	4.11349099911	50	50.85	51	99.70
2Cell_DuxOE	50353099	MLT1E2-int:ERVL-MaLR:LTR	35	1.81395526013	50	50.59	51	99.19
2Cell_DuxOE	50353099	tRNA-Leu-CTA_:tRNA:tRNA	4	8.00930192382	50	50.00	50	100.00
2Cell_DuxOE	50353099	Charlie14a:hAT-Charlie:DNA	72	3.52642805033	49	49.50	50	99.00
2Cell_DuxOE	50353099	LTR88a:Gypsy?:LTR	64	4.71316399409	49	49.00	49	100.00
2Cell_DuxOE	50353099	MER68C:ERVL:LTR	60	3.13791452672	49	50.00	50	100.00
2Cell_DuxOE	50353099	Tigger12c:TcMar-Tigger:DNA	97	4.31938003667	49	49.00	49	100.00
2Cell_DuxOE	50353099	MER92C:ERV1:LTR	72	3.49459498579	46	46.00	46	100.00
2Cell_DuxOE	50353099	tRNA-Ser-AGY:tRNA:tRNA	15	5.5279592404	46	46.00	46	100.00
2Cell_DuxOE	50353099	Eulor6B:DNA?:DNA?	56	3.27268510008	45	45.00	45	100.00
2Cell_DuxOE	50353099	MER87:ERV1:LTR	46	3.49347265187	45	45.00	45	100.00
2Cell_DuxOE	50353099	UCON13:Penelope?:LINE?	42	2.80290410049	44	44.00	44	100.00
2Cell_DuxOE	50353099	Charlie17a:hAT-Charlie:DNA	63	2.69999226367	43	43.00	43	100.00
2Cell_DuxOE	50353099	MER110:ERV1:LTR	147	2.84888709337	43	45.00	47	95.74
2Cell_DuxOE	50353099	LTR107_Mam:LTR:LTR	93	3.71324856784	41	41.58	42	98.99
2Cell_DuxOE	50353099	MamGypLTR1c:Gypsy:LTR	145	3.90186955466	41	42.00	42	100.00
2Cell_DuxOE	50353099	MER65-int:ERV1:LTR	49	2.90587585425	40	40.84	42	97.24
2Cell_DuxOE	50353099	MLT1E-int:ERVL-MaLR:LTR	9	1.93968709616	40	40.00	40	100.00
2Cell_DuxOE	50353099	MamGypLTR2c:Gypsy:LTR	110	3.54148504272	39	39.00	39	100.00
2Cell_DuxOE	50353099	HY1:scRNA:scRNA	38	4.32225090439	38	38.00	38	100.00
2Cell_DuxOE	50353099	LTR16D1:ERVL:LTR	90	3.00257436642	38	42.00	42	100.00
2Cell_DuxOE	50353099	MER134:DNA?:DNA?	53	3.53809514861	38	38.00	38	100.00
2Cell_DuxOE	50353099	MER96:hAT-Tip100:DNA	104	3.34307407754	38	38.00	38	100.00
2Cell_DuxOE	50353099	MLT1J1-int:ERVL-MaLR:LTR	67	2.2107536115	38	38.27	39	98.12
2Cell_DuxOE	50353099	MER97a:hAT-Tip100:DNA	53	1.99206556182	37	37.00	37	100.00
2Cell_DuxOE	50353099	tRNA-Ala-GCG:tRNA:tRNA	194	5.55332965936	37	37.00	37	100.00
2Cell_DuxOE	50353099	tRNA-Leu-CTG:tRNA:tRNA	16	8.39303367411	37	54.00	54	100.00
2Cell_DuxOE	50353099	Charlie10a:hAT-Charlie:DNA	61	4.32916710294	36	37.00	37	100.00
2Cell_DuxOE	50353099	Helitron1Na_Mam:Helitron:RC	62	2.11308151809	36	36.00	36	100.00
2Cell_DuxOE	50353099	LTR53B:ERVL:LTR	83	2.76279578418	35	36.00	37	97.30
2Cell_DuxOE	50353099	MER57E2:ERV1:LTR	62	2.93306285428	35	35.71	39	91.58
2Cell_DuxOE	50353099	X5B_LINE:CR1:LINE	79	3.50033541592	35	35.00	35	100.00
2Cell_DuxOE	50353099	C573_MM:Other:Other	1738	3.16602755653	34	50.48	51	98.98
2Cell_DuxOE	50353099	X1_LINE:CR1:LINE	40	3.36328357066	34	34.00	34	100.00
2Cell_DuxOE	50353099	MamTip1:hAT-Tip100:DNA	82	2.66716989818	33	33.34	34	98.05
2Cell_DuxOE	50353099	MER70-int:ERVL:LTR	56	1.89594440852	33	36.31	37	98.13
2Cell_DuxOE	50353099	RLTR46B:ERVK:LTR	73	3.14219284149	33	45.50	48	94.79
2Cell_DuxOE	50353099	tRNA-Ile-ATT:tRNA:tRNA	40	3.1357372838	33	33.00	33	100.00
2Cell_DuxOE	50353099	Cheshire_Mars:hAT-Charlie:DNA	3	1.58207216666	32	32.24	33	97.71
2Cell_DuxOE	50353099	Eulor6D:DNA?:DNA?	47	2.41081545447	32	32.00	32	100.00
2Cell_DuxOE	50353099	MLT1G1-int:ERVL-MaLR:LTR	51	2.17323150859	30	30.00	30	100.00
2Cell_DuxOE	50353099	RLTR1E_MM:ERV1:LTR	86	1.91246544349	30	30.50	31	98.39
2Cell_DuxOE	50353099	LTR85b:Gypsy?:LTR	106	2.72822097892	29	29.00	29	100.00
2Cell_DuxOE	50353099	Charlie10b:hAT-Charlie:DNA	48	2.88309639644	28	28.50	29	98.28
2Cell_DuxOE	50353099	MamGypLTR1d:Gypsy:LTR	116	2.40260524759	28	28.00	28	100.00
2Cell_DuxOE	50353099	MER34-int:ERV1:LTR	66	2.6865019268	28	28.00	28	100.00
2Cell_DuxOE	50353099	MMTV-int:ERVK:LTR	35	1.63711987319	28	69.20	73	94.79
2Cell_DuxOE	50353099	tRNA-His-CAY_:tRNA:tRNA	16	12.3480079059	28	75.00	75	100.00
2Cell_DuxOE	50353099	Ricksha:MULE-MuDR:DNA	60	2.32515050342	27	27.00	28	96.43
2Cell_DuxOE	50353099	Eulor12:DNA?:DNA?	35	2.86965413793	26	26.00	26	100.00
2Cell_DuxOE	50353099	L1M3a:L1:LINE	120	2.60414966167	26	26.00	26	100.00
2Cell_DuxOE	50353099	LTR80B:ERVL:LTR	116	2.12559645905	26	26.00	26	100.00
2Cell_DuxOE	50353099	MER50B:ERV1:LTR	14	1.34453043413	26	26.00	26	100.00
2Cell_DuxOE	50353099	MER89-int:ERV1:LTR	98	2.8345696513	26	28.00	30	93.33
2Cell_DuxOE	50353099	MERX:TcMar-Tigger:DNA	64	2.53930231659	26	26.00	26	100.00
2Cell_DuxOE	50353099	tRNA-Ser-TCG:tRNA:tRNA	5	4.47996193693	26	26.00	26	100.00
2Cell_DuxOE	50353099	Eulor2A:DNA?:DNA?	41	2.57158506768	25	26.00	27	96.30
2Cell_DuxOE	50353099	Tigger1a_Art:TcMar-Tigger:DNA	37	1.7936132202	25	25.03	27	92.69
2Cell_DuxOE	50353099	FAM:Alu:SINE	117	2.05218045187	24	24.00	24	100.00
2Cell_DuxOE	50353099	MER92D:ERV1:LTR	70	1.92924551672	23	23.00	23	100.00
2Cell_DuxOE	50353099	LTR108a_Mam:ERVL:LTR	39	1.50667546708	22	22.00	22	100.00
2Cell_DuxOE	50353099	MER97c:hAT-Tip100:DNA	64	1.81746556522	22	23.50	24	97.92
2Cell_DuxOE	50353099	tRNA-Leu-TTG:tRNA:tRNA	24	3.53628136649	22	22.00	22	100.00
2Cell_DuxOE	50353099	DNA1_Mam:TcMar:DNA	45	2.28594032028	21	21.00	21	100.00
2Cell_DuxOE	50353099	MamGypLTR2b:Gypsy:LTR	109	1.9181930672	21	21.00	21	100.00
2Cell_DuxOE	50353099	MER123:DNA:DNA	41	2.40966612203	21	21.00	21	100.00
2Cell_DuxOE	50353099	MLT1E1A-int:ERVL-MaLR:LTR	28	1.35591755191	21	21.00	21	100.00
2Cell_DuxOE	50353099	UCON7:DNA?:DNA?	99	2.32236741876	21	21.00	21	100.00
2Cell_DuxOE	50353099	LTR81:Gypsy:LTR	70	2.17887693416	20	20.34	21	96.88
2Cell_DuxOE	50353099	MER129:LTR?:LTR?	63	2.01189417815	20	20.00	20	100.00
2Cell_DuxOE	50353099	MER133B:DNA?:DNA?	22	1.9863791221	20	20.00	20	100.00
2Cell_DuxOE	50353099	tRNA-Gln-CAG:tRNA:tRNA	25	2.68114459667	20	20.00	20	100.00
2Cell_DuxOE	50353099	MER51-int:ERV1:LTR	7	1.00456026701	19	19.00	19	100.00
2Cell_DuxOE	50353099	MER92A:ERV1:LTR	37	1.36267141414	19	19.00	19	100.00
2Cell_DuxOE	50353099	tRNA-Ser-TCA(m):tRNA:tRNA	4	3.33662874412	19	30.00	30	100.00
2Cell_DuxOE	50353099	MER110-int:ERV1:LTR	38	1.25045233776	18	18.00	18	100.00
2Cell_DuxOE	50353099	RLTR9A4:ERVK:LTR	35	1.11541379104	18	18.00	18	100.00
2Cell_DuxOE	50353099	tRNA-Leu-CTY:tRNA:tRNA	8	8.26058352478	18	38.00	38	100.00
2Cell_DuxOE	50353099	Eulor11:DNA:DNA	49	1.55398773993	17	17.00	17	100.00
2Cell_DuxOE	50353099	tRNA-Ile-ATA:tRNA:tRNA	26	2.57979641763	17	17.00	17	100.00
2Cell_DuxOE	50353099	LTR45C:ERV1:LTR	24	1.570725748	16	16.00	16	100.00
2Cell_DuxOE	50353099	MER65D:ERV1:LTR	101	1.91919322193	15	19.00	20	95.00
2Cell_DuxOE	50353099	ORSL-2a:hAT-Tip100:DNA	69	1.45672245799	15	15.00	15	100.00
2Cell_DuxOE	50353099	U13_:snRNA:snRNA	19	1.43741513771	15	15.00	15	100.00
2Cell_DuxOE	50353099	LTR32:ERVL:LTR	9	1.39327383767	14	14.00	14	100.00
2Cell_DuxOE	50353099	LTR86C:ERVL:LTR	75	1.48700113214	14	16.55	19	87.12
2Cell_DuxOE	50353099	Ricksha_a:MULE-MuDR:DNA	30	1.00608581408	14	14.00	14	100.00
2Cell_DuxOE	50353099	tRNA-Lys-AAG:tRNA:tRNA	184	1.49070952916	14	14.00	14	100.00
2Cell_DuxOE	50353099	U13:snRNA:snRNA	13	1.50401500881	14	14.00	14	100.00
2Cell_DuxOE	50353099	LTR52-int:ERVL:LTR	50	1.26737581333	13	14.00	15	93.33
2Cell_DuxOE	50353099	X9_LINE:L1?:LINE	52	1.86273203903	13	13.00	13	100.00
2Cell_DuxOE	50353099	FordPrefect_a:hAT-Tip100:DNA	60	1.12289425629	12	12.00	14	85.71
2Cell_DuxOE	50353099	LTR108b_Mam:ERVL:LTR	19	1.08536192418	12	12.00	12	100.00
2Cell_DuxOE	50353099	LTR16D2:ERVL:LTR	65	1.16638679833	12	12.00	12	100.00
2Cell_DuxOE	50353099	MER50-int:ERV1:LTR	14	0.937764479358	12	12.00	12	100.00
2Cell_DuxOE	50353099	MER72:ERV1:LTR	9	1.29520114153	12	12.00	12	100.00
2Cell_DuxOE	50353099	MLT1N2-int:ERVL-MaLR:LTR	3	0.483401643086	12	12.00	12	100.00
2Cell_DuxOE	50353099	RNLTR23:ERVK:LTR	5	1.14027277532	12	12.00	12	100.00
2Cell_DuxOE	50353099	tRNA-Asp-GAY:tRNA:tRNA	33	2.20494535363	12	12.00	12	100.00
2Cell_DuxOE	50353099	ERVB4_1-LTR_MM:ERVK:LTR	21	0.932467049985	11	11.00	11	100.00
2Cell_DuxOE	50353099	LTR9A1:ERV1:LTR	11	0.589372793342	11	11.00	11	100.00
2Cell_DuxOE	50353099	tRNA-Met-i:tRNA:tRNA	19	2.5309768667	11	11.00	11	100.00
2Cell_DuxOE	50353099	tRNA-Thr-ACG:tRNA:tRNA	3	2.12715455885	11	11.00	11	100.00
2Cell_DuxOE	50353099	X6A_LINE:CR1:LINE	145	1.41091558846	11	11.50	12	95.83
2Cell_DuxOE	50353099	Eulor3:DNA?:DNA?	28	1.06575439791	10	10.00	10	100.00
2Cell_DuxOE	50353099	LTR86B2:ERVL:LTR	36	1.03904344858	10	10.00	10	100.00
2Cell_DuxOE	50353099	tRNA-Leu-CTA:tRNA:tRNA	3	2.0687240455	10	10.00	10	100.00
2Cell_DuxOE	50353099	tRNA-Ser-TCY:tRNA:tRNA	12	1.75024341415	10	10.00	10	100.00
2Cell_DuxOE	50353099	tRNA-Val-GTY:tRNA:tRNA	18	1.42338252578	10	10.00	10	100.00
2Cell_DuxOE	50353099	UCON14:DNA?:DNA?	66	1.06508885062	10	10.00	10	100.00
2Cell_DuxOE	50353099	Eulor9B:DNA:DNA	14	0.717428578666	9	9.00	9	100.00
2Cell_DuxOE	50353099	LTR28:ERV1:LTR	10	0.938527817322	9	9.00	9	100.00
2Cell_DuxOE	50353099	LTR45:ERV1:LTR	31	0.723656674327	9	9.00	9	100.00
2Cell_DuxOE	50353099	MLT1E3-int:ERVL-MaLR:LTR	12	0.615248088877	9	9.00	9	100.00
2Cell_DuxOE	50353099	Eulor9C:DNA:DNA	71	0.986139351896	8	8.00	8	100.00
2Cell_DuxOE	50353099	MamRep488:hAT-Tip100:DNA	29	0.84957254954	8	8.00	8	100.00
2Cell_DuxOE	50353099	MARINER1_EC:TcMar-Tigger:DNA	2	1.00638982768	8	8.00	8	100.00
2Cell_DuxOE	50353099	MER133A:DNA?:DNA?	35	0.947693373264	8	8.00	8	100.00
2Cell_DuxOE	50353099	MER76-int:ERVL:LTR	16	0.565024627356	8	8.00	8	100.00
2Cell_DuxOE	50353099	tRNA-Val-GTA:tRNA:tRNA	13	1.62550912816	8	8.00	8	100.00
2Cell_DuxOE	50353099	L1M6B:L1:LINE	43	0.630172557983	7	7.00	7	100.00
2Cell_DuxOE	50353099	MER101B:ERV1:LTR	21	0.531728812727	7	7.00	7	100.00
2Cell_DuxOE	50353099	MER96B:hAT:DNA	8	0.688763253852	7	7.00	7	100.00
2Cell_DuxOE	50353099	tRNA-Asn-AAC:tRNA:tRNA	27	13.343740891	7	144.00	144	100.00
2Cell_DuxOE	50353099	UCON21:DNA?:DNA?	23	0.849911917531	7	7.00	7	100.00
2Cell_DuxOE	50353099	Eulor6E:DNA?:DNA?	18	0.684560544867	6	6.00	6	100.00
2Cell_DuxOE	50353099	LTR29:ERV1:LTR	34	0.640392749872	6	6.00	6	100.00
2Cell_DuxOE	50353099	Ricksha_b:MuDR:DNA	2	0.739266989644	6	6.00	6	100.00
2Cell_DuxOE	50353099	Charlie1b_Mars:hAT-Charlie:DNA	2	0.193188237712	5	5.00	5	100.00
2Cell_DuxOE	50353099	LTR108d_Mam:ERVL:LTR	30	0.932304969838	5	7.00	7	100.00
2Cell_DuxOE	50353099	LTR59:ERV1:LTR	8	0.547187857223	5	5.00	5	100.00
2Cell_DuxOE	50353099	MER97d:hAT-Tip100:DNA	28	0.655911940388	5	5.00	5	100.00
2Cell_DuxOE	50353099	Ricksha_a:MuDR:DNA	11	0.66237603365	5	5.00	5	100.00
2Cell_DuxOE	50353099	tRNA-Cys-TGY:tRNA:tRNA	89	0.725850489338	5	5.00	5	100.00
2Cell_DuxOE	50353099	tRNA-Gly-GGA:tRNA:tRNA	86	1.15032533945	5	6.00	6	100.00
2Cell_DuxOE	50353099	tRNA-Leu-TTA:tRNA:tRNA	18	1.16347177308	5	5.00	5	100.00
2Cell_DuxOE	50353099	tRNA-Lys-AAA:tRNA:tRNA	22	0.775771517062	5	5.00	5	100.00
2Cell_DuxOE	50353099	tRNA-Ser-TCA_:tRNA:tRNA	3	0.66199169456	5	5.00	5	100.00
2Cell_DuxOE	50353099	tRNA-Thr-ACA:tRNA:tRNA	17	0.848707300717	5	5.00	5	100.00
2Cell_DuxOE	50353099	tRNA-Trp-TGG:tRNA:tRNA	16	0.915365497451	5	5.00	5	100.00
2Cell_DuxOE	50353099	Eulor5B:DNA?:DNA?	37	0.529593355648	4	4.00	4	100.00
2Cell_DuxOE	50353099	Eulor6C:DNA?:DNA?	15	0.545402112533	4	4.00	4	100.00
2Cell_DuxOE	50353099	L1M2a1:L1:LINE	11	0.529593355648	4	4.00	4	100.00
2Cell_DuxOE	50353099	LTR108c_Mam:ERVL:LTR	15	0.356863362349	4	4.00	4	100.00
2Cell_DuxOE	50353099	LTR39:ERV1:LTR	11	0.38059764015	4	4.00	4	100.00
2Cell_DuxOE	50353099	LTR9D:ERV1:LTR	11	0.53684805915	4	4.00	4	100.00
2Cell_DuxOE	50353099	MER132:TcMar-Pogo:DNA	21	0.461565479853	4	4.00	4	100.00
2Cell_DuxOE	50353099	MER91C:hAT-Tip100:DNA	110	0.461504316048	4	4.00	4	100.00
2Cell_DuxOE	50353099	MLT1G-int:ERVL-MaLR:LTR	39	0.329034144117	4	4.50	5	90.00
2Cell_DuxOE	50353099	Ricksha_c:MuDR:DNA	26	0.508236703513	4	4.00	4	100.00
2Cell_DuxOE	50353099	tRNA-Arg-CGY_:tRNA:tRNA	21	0.863850739681	4	4.00	4	100.00
2Cell_DuxOE	50353099	X5A_LINE:CR1:LINE	69	0.488462181753	4	4.00	4	100.00
2Cell_DuxOE	50353099	HY4:scRNA:scRNA	3	0.397195016736	3	3.00	3	100.00
2Cell_DuxOE	50353099	LTR109A2:ERV1:LTR	37	0.322765958303	3	3.00	3	100.00
2Cell_DuxOE	50353099	LTR77:ERV1:LTR	38	0.397195016736	3	3.00	3	100.00
2Cell_DuxOE	50353099	MER136:DNA:DNA	23	0.163679265138	3	3.00	3	100.00
2Cell_DuxOE	50353099	MER49:ERV1:LTR	7	0.394564586161	3	3.00	3	100.00
2Cell_DuxOE	50353099	MER66C:ERV1:LTR	19	0.397195016736	3	3.00	3	100.00
2Cell_DuxOE	50353099	Ricksha_0:MuDR:DNA	29	0.336605946386	3	3.00	3	100.00
2Cell_DuxOE	50353099	tRNA-Arg-CGG:tRNA:tRNA	3	0.584110318729	3	3.00	3	100.00
2Cell_DuxOE	50353099	tRNA-Gly-GGY:tRNA:tRNA	52	1.10590784386	3	5.00	5	100.00
2Cell_DuxOE	50353099	Eulor10:DNA?:DNA?	29	0.305091824449	2	2.00	2	100.00
2Cell_DuxOE	50353099	MER57E3:ERV1:LTR	4	0.179726251917	2	2.00	2	100.00
2Cell_DuxOE	50353099	MER66B:ERV1:LTR	7	0.355541606741	2	2.00	2	100.00
2Cell_DuxOE	50353099	MER83B-int:ERV1:LTR	9	0.264796677824	2	2.00	2	100.00
2Cell_DuxOE	50353099	MLT1L-int:ERVL-MaLR:LTR	13	0.353062237098	2	2.00	2	100.00
2Cell_DuxOE	50353099	RMER3D1:ERVK:LTR	1	0.264796677824	2	2.00	2	100.00
2Cell_DuxOE	50353099	tRNA-Ala-GCY:tRNA:tRNA	12	0.312751981682	2	2.00	2	100.00
2Cell_DuxOE	50353099	tRNA-Arg-AGA:tRNA:tRNA	30	0.303202302852	2	2.00	2	100.00
2Cell_DuxOE	50353099	tRNA-Arg-CGA_:tRNA:tRNA	2	0.342409497186	2	2.00	2	100.00
2Cell_DuxOE	50353099	tRNA-Gln-CAA:tRNA:tRNA	14	0.37828096832	2	2.00	2	100.00
2Cell_DuxOE	50353099	tRNA-Glu-GAG_:tRNA:tRNA	39	0.779098091241	2	5.00	5	100.00
2Cell_DuxOE	50353099	Cheshire_Mars_:hAT-Charlie:DNA	6	0.0746607174315	1	1.00	1	100.00
2Cell_DuxOE	50353099	Eulor1:DNA:DNA	56	0.132398338912	1	1.00	1	100.00
2Cell_DuxOE	50353099	LTR103_Mam:ERV1?:LTR	58	0.132398338912	1	1.00	1	100.00
2Cell_DuxOE	50353099	LTR34:ERV1:LTR	8	0.121838962189	1	1.00	1	100.00
2Cell_DuxOE	50353099	LTR44:ERV1:LTR	3	0.138879376481	1	1.00	1	100.00
2Cell_DuxOE	50353099	MLT1K-int:ERVL-MaLR:LTR	8	0.140849296715	1	1.00	1	100.00
2Cell_DuxOE	50353099	Ricksha_b:MULE-MuDR:DNA	6	0.0519888765361	1	1.00	1	100.00
2Cell_DuxOE	50353099	RMER3D3:ERVK:LTR	8	0.0898631259583	1	1.00	1	100.00
2Cell_DuxOE	50353099	tRNA-His-CAY:tRNA:tRNA	1	0.20687240455	1	1.00	1	100.00
2Cell_DuxOE	50353099	tRNA-Met:tRNA:tRNA	21	0.160159280942	1	1.00	1	100.00
2Cell_DuxOE	50353099	tRNA-Pro-CCA:tRNA:tRNA	10	0.185605148007	1	1.00	1	100.00
2Cell_DuxOE	50353099	tRNA-Ser-TCA:tRNA:tRNA	1	0.20687240455	1	1.00	1	100.00
2Cell_DuxOE	50353099	tRNA-Thr-ACY:tRNA:tRNA	14	0.213545707922	1	1.00	1	100.00
2Cell_DuxOE	50353099	Eulor2C:DNA?:DNA?	24	0	0	0.00	0	NA
2Cell_DuxOE	50353099	Eulor6A:DNA?:DNA?	21	0	0	0.00	0	NA
2Cell_DuxOE	50353099	Eulor7:DNA?:DNA?	4	0	0	0.00	0	NA
2Cell_DuxOE	50353099	HERVL32-int:ERVL:LTR	1	0	0	0.00	0	NA
2Cell_DuxOE	50353099	HUERS-P3b-int:ERV1:LTR	3	0	0	0.00	0	NA
2Cell_DuxOE	50353099	HY5:scRNA:scRNA	1	0	0	0.00	0	NA
2Cell_DuxOE	50353099	LTR23-int:ERV1:LTR	11	0	0	0.00	0	NA
2Cell_DuxOE	50353099	LTR27C:ERV1:LTR	7	0	0	0.00	0	NA
2Cell_DuxOE	50353099	LTR36:ERV1:LTR	5	0	0	0.00	0	NA
2Cell_DuxOE	50353099	LTR58:ERV1:LTR	9	0	0	0.00	0	NA
2Cell_DuxOE	50353099	LTR64:ERV1:LTR	8	0	0	0.00	0	NA
2Cell_DuxOE	50353099	LTR75_1:ERV1:LTR	9	0	0	0.00	0	NA
2Cell_DuxOE	50353099	LTR9:ERV1:LTR	13	0	0	0.00	0	NA
2Cell_DuxOE	50353099	MamRep1161:TcMar:DNA	7	0	0	0.00	0	NA
2Cell_DuxOE	50353099	MamRep137:TcMar?:DNA	4	0	0	0.00	0	NA
2Cell_DuxOE	50353099	MER47C:TcMar-Tigger:DNA	14	0	0	0.00	0	NA
2Cell_DuxOE	50353099	MER4CL34:ERV1:LTR	6	0	0	0.00	0	NA
2Cell_DuxOE	50353099	MER66A:ERV1:LTR	5	0	0	0.00	0	NA
2Cell_DuxOE	50353099	MER83A-int:ERV1:LTR	1	0	0	0.00	0	NA
2Cell_DuxOE	50353099	MLT1E1-int:ERVL-MaLR:LTR	8	0	0	0.00	0	NA
2Cell_DuxOE	50353099	MLT1J2-int:ERVL-MaLR:LTR	27	0.066199169456	0	0.50	1	50.00
2Cell_DuxOE	50353099	MLT1O-int:ERVL-MaLR:LTR	2	0	0	0.00	0	NA
2Cell_DuxOE	50353099	nhAT5a_ML:hAT-Charlie:DNA	4	0	0	0.00	0	NA
2Cell_DuxOE	50353099	RLTR43A:ERVK:LTR	3	0	0	0.00	0	NA
2Cell_DuxOE	50353099	RLTR43B:ERVK:LTR	1	0	0	0.00	0	NA
2Cell_DuxOE	50353099	RMER3D2:ERVK:LTR	3	0	0	0.00	0	NA
2Cell_DuxOE	50353099	RMER3D4:ERVK:LTR	2	0	0	0.00	0	NA
2Cell_DuxOE	50353099	Tigger1a_Mars:TcMar-Tigger:DNA	2	0	0	0.00	0	NA
2Cell_DuxOE	50353099	tRNA-Arg-AGG:tRNA:tRNA	18	0	0	0.00	0	NA
2Cell_DuxOE	50353099	tRNA-Arg-CGA:tRNA:tRNA	3	0	0	0.00	0	NA
2Cell_DuxOE	50353099	tRNA-Gln-CAA_:tRNA:tRNA	4	0	0	0.00	0	NA
2Cell_DuxOE	50353099	tRNA-Glu-GAA:tRNA:tRNA	9	0.322922777834	0	2.00	2	100.00
2Cell_DuxOE	50353099	tRNA-Glu-GAG:tRNA:tRNA	6	0	0	0.00	0	NA
2Cell_DuxOE	50353099	tRNA-Gly-GGG:tRNA:tRNA	24	0	0	0.00	0	NA
2Cell_DuxOE	50353099	tRNA-Leu-TTA(m):tRNA:tRNA	1	0	0	0.00	0	NA
2Cell_DuxOE	50353099	tRNA-Met_:tRNA:tRNA	46	0	0	0.00	0	NA
2Cell_DuxOE	50353099	tRNA-Phe-TTY:tRNA:tRNA	47	0	0	0.00	0	NA
2Cell_DuxOE	50353099	tRNA-Pro-CCG:tRNA:tRNA	4	0	0	0.00	0	NA
2Cell_DuxOE	50353099	tRNA-Pro-CCY:tRNA:tRNA	29	0	0	0.00	0	NA
2Cell_DuxOE	50353099	tRNA-Thr-ACG_:tRNA:tRNA	20	0	0	0.00	0	NA
2Cell_DuxOE	50353099	tRNA-Thr-ACY_:tRNA:tRNA	15	0	0	0.00	0	NA
2Cell_DuxOE	50353099	tRNA-Tyr-TAT:tRNA:tRNA	3	0	0	0.00	0	NA
2Cell_DuxOE	50353099	tRNA-Val-GTG:tRNA:tRNA	25	0	0	0.00	0	NA
2Cell_DuxOE	50353099	U7:snRNA:snRNA	49	0	0	0.00	0	NA
2Cell_DuxOE	50353099	X7D_LINE:CR1:LINE	10	0	0	0.00	0	NA
