Sample	aligned_libsize	Subfamily:Family:Class	copies	fpkm	uniq_counts	tot_counts	tot_reads	score
8Cell_RargKDKO	49347678	LSU-rRNA_Hsa:rRNA:rRNA	480	70683.4852142	1744222	1852606.52	1852564	100.00
8Cell_RargKDKO	49347678	MERVL-int:ERVL:LTR	2600	5127.67827906	500433	1033305.30	1040253	99.33
8Cell_RargKDKO	49347678	B3:B2:SINE	148427	25924.7760548	420561	426296.33	428560	99.47
8Cell_RargKDKO	49347678	B2_Mm2:B2:SINE	90007	27339.856545	383823	392520.77	395006	99.37
8Cell_RargKDKO	49347678	B2_Mm1a:B2:SINE	18346	33533.0230831	356776	443667.36	455733	97.35
8Cell_RargKDKO	49347678	B1_Mus1:Alu:SINE	95081	22811.0708488	292916	300279.85	302669	99.21
8Cell_RargKDKO	49347678	SSU-rRNA_Hsa:rRNA:rRNA	45	1598.7816844	268296	307126.00	307084	100.01
8Cell_RargKDKO	49347678	B2_Mm1t:B2:SINE	23218	23384.5990938	265852	316066.49	331575	95.32
8Cell_RargKDKO	49347678	ID_B1:B4:SINE	110827	16092.0706521	243615	245589.26	246825	99.50
8Cell_RargKDKO	49347678	B1_Mus2:Alu:SINE	70891	19594.9099004	235699	246665.23	249450	98.88
8Cell_RargKDKO	49347678	RSINE1:B4:SINE	115806	15590.9563469	222757	226747.41	227886	99.50
8Cell_RargKDKO	49347678	RLTR45-int:ERVK:LTR	1317	5140.80898465	219644	402811.93	409383	98.39
8Cell_RargKDKO	49347678	B3A:B2:SINE	92925	11618.7156844	182597	185490.44	186687	99.36
8Cell_RargKDKO	49347678	ORR1A0-int:ERVL-MaLR:LTR	456	2102.76057638	180241	234585.01	240522	97.53
8Cell_RargKDKO	49347678	B4A:B4:SINE	107073	11022.5187117	177129	181539.00	182648	99.39
8Cell_RargKDKO	49347678	B1_Mm:Alu:SINE	42910	11779.6973218	133592	142654.92	144327	98.84
8Cell_RargKDKO	49347678	7SK:RNA:RNA	691	10038.2728346	130576	170955.58	170960	100.00
8Cell_RargKDKO	49347678	PB1D10:Alu:SINE	65054	8796.65332183	115122	115890.79	116403	99.56
8Cell_RargKDKO	49347678	MTA_Mm-int:ERVL-MaLR:LTR	3027	5749.87753232	113785	431332.65	463229	93.11
8Cell_RargKDKO	49347678	ORR1A1-int:ERVL-MaLR:LTR	859	1293.86217048	112501	129689.60	145024	89.43
8Cell_RargKDKO	49347678	B1_Mur4:Alu:SINE	41031	7295.0402168	104623	105869.39	106642	99.28
8Cell_RargKDKO	49347678	B1_Mur1:Alu:SINE	38058	7042.36084968	101980	104459.81	105125	99.37
8Cell_RargKDKO	49347678	FordPrefect:hAT-Tip100:DNA	291	5757.9747191	98329	98331.28	98332	100.00
8Cell_RargKDKO	49347678	B4:B4:SINE	64020	5637.1689586	89461	90286.05	90887	99.34
8Cell_RargKDKO	49347678	B1_Mur2:Alu:SINE	31869	6049.07315346	89359	89999.78	90477	99.47
8Cell_RargKDKO	49347678	PB1D9:Alu:SINE	28939	6215.78556449	86595	87715.68	88285	99.36
8Cell_RargKDKO	49347678	L1Md_F2:L1:LINE	64898	2268.7220723	85873	98264.38	106668	92.12
8Cell_RargKDKO	49347678	B1F:Alu:SINE	45170	6041.46929318	83480	84275.43	84744	99.45
8Cell_RargKDKO	49347678	7SLRNA:srpRNA:srpRNA	437	49051.6450797	82167	929108.64	929112	100.00
8Cell_RargKDKO	49347678	B1_Mur3:Alu:SINE	24632	4909.76090524	71986	73125.80	73534	99.44
8Cell_RargKDKO	49347678	MTD:ERVL-MaLR:LTR	51544	3733.32573882	71207	72647.58	73238	99.19
8Cell_RargKDKO	49347678	IAPEz-int:ERVK:LTR	7319	1569.1777137	66116	180914.56	181609	99.62
8Cell_RargKDKO	49347678	L1Md_T:L1:LINE	23688	1048.04719163	63750	126711.14	172002	73.67
8Cell_RargKDKO	49347678	Lx8:L1:LINE	49141	2980.88634827	62999	65419.16	65873	99.31
8Cell_RargKDKO	49347678	MTA_Mm:ERVL-MaLR:LTR	15623	3982.70880638	60108	113768.30	142182	80.02
8Cell_RargKDKO	49347678	PB1D7:Alu:SINE	24346	4015.30928731	52583	54592.25	54857	99.52
8Cell_RargKDKO	49347678	L1_Mus3:L1:LINE	48489	1651.39238134	52418	58398.35	60204	97.00
8Cell_RargKDKO	49347678	ORR1A2-int:ERVL-MaLR:LTR	2132	729.482117083	50616	52558.49	53963	97.40
8Cell_RargKDKO	49347678	Lx9:L1:LINE	49160	2269.94328713	47027	48506.84	48859	99.28
8Cell_RargKDKO	49347678	Lx7:L1:LINE	40190	1945.1709387	46838	51569.69	52301	98.60
8Cell_RargKDKO	49347678	B1F1:Alu:SINE	19678	3121.96470231	46836	47092.22	47286	99.59
8Cell_RargKDKO	49347678	L1_Mus1:L1:LINE	27252	1317.61475054	46620	52060.67	53696	96.95
8Cell_RargKDKO	49347678	MTC:ERVL-MaLR:LTR	27489	2158.45370107	43805	44852.46	45259	99.10
8Cell_RargKDKO	49347678	L2a:L2:LINE	24277	2502.3293024	41960	43218.24	43359	99.68
8Cell_RargKDKO	49347678	MIRb:MIR:SINE	42160	3154.18931105	41120	41684.05	41888	99.51
8Cell_RargKDKO	49347678	B1F2:Alu:SINE	16513	2709.62206388	39403	39865.67	40150	99.29
8Cell_RargKDKO	49347678	L1_Mur3:L1:LINE	27399	1365.82797112	37483	39268.60	39703	98.91
8Cell_RargKDKO	49347678	MT2_Mm:ERVL:LTR	2667	1964.69489399	36834	76928.18	90025	85.45
8Cell_RargKDKO	49347678	MT2B:ERVL:LTR	13977	2116.75813199	36638	37423.51	38081	98.27
8Cell_RargKDKO	49347678	ORR1D1:ERVL-MaLR:LTR	21507	1873.73451463	36545	37050.54	37337	99.23
8Cell_RargKDKO	49347678	ORR1A2:ERVL-MaLR:LTR	14843	1711.95116756	36427	37796.78	38219	98.90
8Cell_RargKDKO	49347678	MIR:MIR:SINE	38978	2787.64670557	35897	36487.57	36668	99.51
8Cell_RargKDKO	49347678	RLTR1B-int:ERV1:LTR	798	384.428020056	34967	37032.26	37137	99.72
8Cell_RargKDKO	49347678	L2:L2:LINE	17614	1923.77772373	34441	34710.69	34844	99.62
8Cell_RargKDKO	49347678	L1Md_A:L1:LINE	16844	694.853609127	32317	66095.08	76929	85.92
8Cell_RargKDKO	49347678	MMETn-int:ERVK:LTR	980	344.45384091	31340	54019.01	57888	93.32
8Cell_RargKDKO	49347678	MERVL_2A-int:ERVL:LTR	3899	442.006687596	29691	37543.46	104696	35.86
8Cell_RargKDKO	49347678	L1_Mus2:L1:LINE	21079	822.935594639	29317	32431.48	34060	95.22
8Cell_RargKDKO	49347678	ORR1A0:ERVL-MaLR:LTR	2133	1175.06994884	29269	35696.74	38868	91.84
8Cell_RargKDKO	49347678	RMER6A:ERVK:LTR	3983	927.869557691	28813	30058.35	30237	99.41
8Cell_RargKDKO	49347678	ORR1B1:ERVL-MaLR:LTR	17313	1386.38357797	28023	29025.06	29370	98.83
8Cell_RargKDKO	49347678	URR1A:hAT-Charlie:DNA	17621	1838.08607276	27890	28211.06	28358	99.48
8Cell_RargKDKO	49347678	Lx:L1:LINE	24834	867.926470804	27488	30209.02	31284	96.56
8Cell_RargKDKO	49347678	PB1D11:Alu:SINE	18484	2108.76486512	27231	27454.74	27589	99.51
8Cell_RargKDKO	49347678	MMERVK10C-int:ERVK:LTR	3230	587.360240842	26097	46583.09	46831	99.47
8Cell_RargKDKO	49347678	URR1B:hAT-Charlie:DNA	16889	1690.25007977	25474	26319.33	26463	99.46
8Cell_RargKDKO	49347678	L1M4:L1:LINE	13935	1268.12289547	24865	25210.97	25355	99.43
8Cell_RargKDKO	49347678	ORR1F:ERVL-MaLR:LTR	23086	1589.73393053	24762	25670.90	25955	98.91
8Cell_RargKDKO	49347678	ORR1A1:ERVL-MaLR:LTR	4414	915.483341011	24499	26234.73	28287	92.74
8Cell_RargKDKO	49347678	ORR1E:ERVL-MaLR:LTR	22742	1384.11832689	23838	24185.90	24516	98.65
8Cell_RargKDKO	49347678	PB1:Alu:SINE	11784	1819.49595531	23449	23873.14	23988	99.52
8Cell_RargKDKO	49347678	Lx6:L1:LINE	18164	823.49215611	22346	24062.95	24408	98.59
8Cell_RargKDKO	49347678	L1M2:L1:LINE	18488	1044.91003637	22094	22645.69	22887	98.95
8Cell_RargKDKO	49347678	Lx8b:L1:LINE	24166	1028.9471302	21917	22597.66	22781	99.20
8Cell_RargKDKO	49347678	L1_Mur2:L1:LINE	20769	801.455797719	21569	24182.24	24875	97.22
8Cell_RargKDKO	49347678	L1M5:L1:LINE	16596	1264.46386061	21332	21519.44	21653	99.38
8Cell_RargKDKO	49347678	Lx5:L1:LINE	16339	810.718742578	21306	24366.99	24839	98.10
8Cell_RargKDKO	49347678	MTEa:ERVL-MaLR:LTR	20061	1270.98666842	21001	21488.84	21717	98.95
8Cell_RargKDKO	49347678	ID4:ID:SINE	23970	1796.98987163	20659	20831.44	20906	99.64
8Cell_RargKDKO	49347678	ID4_:ID:SINE	26384	1720.30893674	20615	20779.15	20865	99.59
8Cell_RargKDKO	49347678	Lx5c:L1:LINE	16422	844.660096805	20516	21958.38	22273	98.59
8Cell_RargKDKO	49347678	MTE2a:ERVL-MaLR:LTR	15148	1081.62161387	20207	20833.03	21029	99.07
8Cell_RargKDKO	49347678	RMER19B:ERVK:LTR	5640	642.951070854	19945	20877.38	21010	99.37
8Cell_RargKDKO	49347678	ORR1D2:ERVL-MaLR:LTR	15061	1089.80375362	19325	19930.15	20099	99.16
8Cell_RargKDKO	49347678	RLTR45:ERVK:LTR	1557	831.303895105	19217	28194.17	32290	87.32
8Cell_RargKDKO	49347678	ORR1C2:ERVL-MaLR:LTR	12473	970.505310554	19125	19457.37	19641	99.07
8Cell_RargKDKO	49347678	RMER15:ERVL:LTR	18077	1139.83818537	19092	20408.97	20525	99.43
8Cell_RargKDKO	49347678	RLTR17B_Mm:ERVK:LTR	27369	1295.12414875	18676	18883.10	18946	99.67
8Cell_RargKDKO	49347678	MIRc:MIR:SINE	23213	1492.94881255	18364	18451.37	18526	99.60
8Cell_RargKDKO	49347678	MT2B2:ERVL:LTR	3655	767.8376794	16833	17237.87	17366	99.26
8Cell_RargKDKO	49347678	MTE2b:ERVL-MaLR:LTR	14367	910.22602974	16491	16753.07	16905	99.10
8Cell_RargKDKO	49347678	L1VL2:L1:LINE	4697	319.094402616	16288	17177.20	17304	99.27
8Cell_RargKDKO	49347678	ORR1A4-int:ERVL-MaLR:LTR	1326	261.853085733	15795	16297.72	16400	99.38
8Cell_RargKDKO	49347678	L1MB7:L1:LINE	6956	781.663603133	15787	16153.48	16275	99.25
8Cell_RargKDKO	49347678	MT2B1:ERVL:LTR	7248	696.083411767	15467	15979.15	16175	98.79
8Cell_RargKDKO	49347678	L2c:L2:LINE	12298	1052.89570105	15387	15934.37	16127	98.81
8Cell_RargKDKO	49347678	ORR1A4:ERVL-MaLR:LTR	7791	743.105173836	15354	15632.79	15827	98.77
8Cell_RargKDKO	49347678	ORR1A3-int:ERVL-MaLR:LTR	2435	597.991382379	15348	20867.47	24888	83.85
8Cell_RargKDKO	49347678	Lx3_Mus:L1:LINE	12651	478.125159095	14696	15346.24	15563	98.61
8Cell_RargKDKO	49347678	MT2A:ERVL:LTR	10140	671.98983752	14635	14881.19	15025	99.04
8Cell_RargKDKO	49347678	L2b:L2:LINE	13720	1029.25280553	14194	14329.95	14421	99.37
8Cell_RargKDKO	49347678	ORR1B2:ERVL-MaLR:LTR	8528	713.262456752	14109	14552.32	14682	99.12
8Cell_RargKDKO	49347678	ORR1C1:ERVL-MaLR:LTR	7423	691.440503495	13672	13979.79	14085	99.25
8Cell_RargKDKO	49347678	RMER1B:Other:Other	7511	551.636791811	13622	14083.03	14225	99.00
8Cell_RargKDKO	49347678	MYSERV6-int:ERVK:LTR	3183	343.386497026	13440	13862.46	13952	99.36
8Cell_RargKDKO	49347678	L1Md_F3:L1:LINE	16146	448.262452133	13224	15615.13	17978	86.86
8Cell_RargKDKO	49347678	L1_Rod:L1:LINE	11315	537.586963844	13199	13445.16	13557	99.18
8Cell_RargKDKO	49347678	RMER10A:ERVL:LTR	4464	652.724329993	13094	13917.48	14105	98.67
8Cell_RargKDKO	49347678	ETnERV3-int:ERVK:LTR	560	231.560239363	13078	20990.52	20842	100.71
8Cell_RargKDKO	49347678	L1_Mus4:L1:LINE	11880	426.517011741	12699	13444.64	14048	95.71
8Cell_RargKDKO	49347678	Lx2:L1:LINE	18521	532.471170382	12593	13644.80	13938	97.90
8Cell_RargKDKO	49347678	Lx4A:L1:LINE	10564	506.868234591	12325	13957.12	14350	97.26
8Cell_RargKDKO	49347678	L1VL4:L1:LINE	6091	281.065819827	12314	12885.27	13050	98.74
8Cell_RargKDKO	49347678	RMER4B:ERVK:LTR	5158	518.97232294	12253	12413.75	12482	99.45
8Cell_RargKDKO	49347678	MIR3:MIR:SINE	16085	1023.02589432	12134	12183.74	12217	99.73
8Cell_RargKDKO	49347678	MER2:TcMar-Tigger:DNA	10246	755.139102663	11755	11881.05	11953	99.40
8Cell_RargKDKO	49347678	ERVB4_2-LTR_MM:ERVK:LTR	144	340.966214452	11449	14277.48	18748	76.15
8Cell_RargKDKO	49347678	RLTR13B1:ERVK:LTR	1029	377.467182492	11323	16804.71	20933	80.28
8Cell_RargKDKO	49347678	L1_Mm:L1:LINE	5429	368.755397493	11233	16900.27	22663	74.57
8Cell_RargKDKO	49347678	RCHARR1:hAT-Charlie:DNA	6811	516.466151051	11162	11286.43	11362	99.33
8Cell_RargKDKO	49347678	ORR1B1-int:ERVL-MaLR:LTR	2965	313.788893128	11053	11605.86	11997	96.74
8Cell_RargKDKO	49347678	L1MB8:L1:LINE	6000	574.421431216	10979	11126.01	11215	99.21
8Cell_RargKDKO	49347678	Lx2B2:L1:LINE	11012	413.794456693	10954	12104.73	12451	97.22
8Cell_RargKDKO	49347678	L1MC4:L1:LINE	5589	617.783681686	10789	11058.48	11120	99.45
8Cell_RargKDKO	49347678	ERVB4_2-I_MM-int:ERVK:LTR	313	333.20531027	10713	25038.93	27483	91.11
8Cell_RargKDKO	49347678	MTEb:ERVL-MaLR:LTR	10811	672.169748762	10708	10893.73	11008	98.96
8Cell_RargKDKO	49347678	MTB:ERVL-MaLR:LTR	6419	511.032211876	10579	11008.27	11334	97.13
8Cell_RargKDKO	49347678	MT2C_Mm:ERVL:LTR	1982	435.618699773	10550	11668.38	11986	97.35
8Cell_RargKDKO	49347678	RMER5:ERV1:LTR	7418	544.229371069	10501	10980.16	11198	98.05
8Cell_RargKDKO	49347678	ETnERV2-int:ERVK:LTR	1805	154.722692839	10445	11152.59	11380	98.00
8Cell_RargKDKO	49347678	RMER17C:ERVK:LTR	6479	553.495774785	10087	10441.66	10527	99.19
8Cell_RargKDKO	49347678	MTC-int:ERVL-MaLR:LTR	3520	339.131472148	9807	10063.38	10954	91.87
8Cell_RargKDKO	49347678	L1MB3:L1:LINE	5343	504.619698459	9496	9585.47	9637	99.47
8Cell_RargKDKO	49347678	MMERGLN-int:ERV1:LTR	856	93.685934825	9385	15883.08	16065	98.87
8Cell_RargKDKO	49347678	L3:CR1:LINE	9732	684.156998006	9212	9845.12	9908	99.37
8Cell_RargKDKO	49347678	L1MA4:L1:LINE	7467	464.238413143	9110	9226.02	9293	99.28
8Cell_RargKDKO	49347678	Tigger7:TcMar-Tigger:DNA	5206	488.458933484	8932	9001.77	9050	99.47
8Cell_RargKDKO	49347678	MLT1B:ERVL-MaLR:LTR	9316	555.389224669	8867	8947.13	9016	99.24
8Cell_RargKDKO	49347678	RLTR19-int:ERVK:LTR	2407	377.626149026	8835	11540.75	11580	99.66
8Cell_RargKDKO	49347678	L1M3:L1:LINE	7043	461.795296782	8799	8919.24	8993	99.18
8Cell_RargKDKO	49347678	L1Md_F:L1:LINE	4016	170.828191604	8723	11273.49	14114	79.87
8Cell_RargKDKO	49347678	MER20:hAT-Charlie:DNA	5994	606.120405571	8701	8738.33	8768	99.66
8Cell_RargKDKO	49347678	MLT1D:ERVL-MaLR:LTR	8368	543.617274195	8685	8935.98	8999	99.30
8Cell_RargKDKO	49347678	RLTR25B:ERVK:LTR	3674	448.623649619	8660	8901.28	9057	98.28
8Cell_RargKDKO	49347678	Lx3B:L1:LINE	5993	279.942610084	8371	9054.45	9222	98.18
8Cell_RargKDKO	49347678	L1ME1:L1:LINE	5261	436.467327514	8260	8361.15	8437	99.10
8Cell_RargKDKO	49347678	MLT1A0:ERVL-MaLR:LTR	10413	546.687203319	8257	8339.05	8404	99.23
8Cell_RargKDKO	49347678	RMER6C:ERVK:LTR	4887	375.30386438	8229	9268.06	9402	98.58
8Cell_RargKDKO	49347678	MLTR14:ERV1:LTR	6798	478.075114229	8225	8390.76	8461	99.17
8Cell_RargKDKO	49347678	MMERVK9C_I-int:ERVK:LTR	1807	172.060069883	8206	8955.22	9095	98.46
8Cell_RargKDKO	49347678	L1MD:L1:LINE	6361	452.58737201	8204	8338.18	8412	99.12
8Cell_RargKDKO	49347678	L1MC1:L1:LINE	5571	408.883137562	8186	8317.45	8379	99.27
8Cell_RargKDKO	49347678	RLTR1B:ERV1:LTR	893	246.51605673	8129	8784.22	8995	97.66
8Cell_RargKDKO	49347678	Lx5b:L1:LINE	7975	313.050171598	8118	8983.87	9215	97.49
8Cell_RargKDKO	49347678	ORR1A3:ERVL-MaLR:LTR	4381	402.981492737	8106	8473.11	8590	98.64
8Cell_RargKDKO	49347678	Lx10:L1:LINE	10010	446.94136791	8060	8366.78	8473	98.75
8Cell_RargKDKO	49347678	RLTR10-int:ERVK:LTR	2617	269.300534683	8054	11736.28	11968	98.06
8Cell_RargKDKO	49347678	BC1_Mm:scRNA:scRNA	6758	658.35855548	7940	8024.15	8048	99.70
8Cell_RargKDKO	49347678	L1MA6:L1:LINE	6985	392.605570437	7702	7802.19	7861	99.25
8Cell_RargKDKO	49347678	MTB_Mm:ERVL-MaLR:LTR	4963	369.907013567	7640	7787.80	7862	99.06
8Cell_RargKDKO	49347678	L1MC3:L1:LINE	5288	369.903409612	7576	7659.59	7703	99.44
8Cell_RargKDKO	49347678	MTE-int:ERVL-MaLR:LTR	4958	324.992402379	7356	7636.55	7745	98.60
8Cell_RargKDKO	49347678	MMVL30-int:ERV1:LTR	956	168.95294618	7290	12133.32	13418	90.43
8Cell_RargKDKO	49347678	RMER4A:ERVK:LTR	3287	330.54649885	7289	7500.40	7542	99.45
8Cell_RargKDKO	49347678	RLTR11A:ERVK:LTR	2655	360.463096898	7163	7299.04	7341	99.43
8Cell_RargKDKO	49347678	RMER10B:ERVL:LTR	3002	389.033898763	7159	7612.44	7786	97.77
8Cell_RargKDKO	49347678	Lx3A:L1:LINE	9223	259.353612367	7090	7592.79	7699	98.62
8Cell_RargKDKO	49347678	L1MB5:L1:LINE	3766	368.44543275	7089	7219.55	7271	99.29
8Cell_RargKDKO	49347678	MTD-int:ERVL-MaLR:LTR	2521	220.653511275	7082	7334.20	7424	98.79
8Cell_RargKDKO	49347678	RMER1A:Other:Other	3854	287.791278068	6904	8468.36	8559	98.94
8Cell_RargKDKO	49347678	Charlie1a:hAT-Charlie:DNA	2660	332.27281264	6854	6946.47	6993	99.33
8Cell_RargKDKO	49347678	RMER17C-int:ERVK:LTR	1940	217.159594583	6748	7460.24	7519	99.22
8Cell_RargKDKO	49347678	MMERVK9E_I-int:ERVK:LTR	1568	134.738407195	6721	7156.63	7229	99.00
8Cell_RargKDKO	49347678	RLTR11A2:ERVK:LTR	2676	286.879704484	6657	6796.11	6847	99.26
8Cell_RargKDKO	49347678	MER5A:hAT-Charlie:DNA	8982	512.280206178	6648	6697.21	6732	99.48
8Cell_RargKDKO	49347678	L1MC:L1:LINE	5426	390.861733725	6623	6731.22	6783	99.24
8Cell_RargKDKO	49347678	RMER17B:ERVK:LTR	2898	269.074405897	6589	7032.63	7075	99.40
8Cell_RargKDKO	49347678	L1MEc:L1:LINE	5378	354.737139087	6511	6581.63	6626	99.33
8Cell_RargKDKO	49347678	Lx2B:L1:LINE	6191	291.417668652	6437	9146.91	9524	96.04
8Cell_RargKDKO	49347678	L1MC5:L1:LINE	3476	363.372516748	6421	6491.68	6527	99.46
8Cell_RargKDKO	49347678	MLT1C:ERVL-MaLR:LTR	7791	432.800960686	6366	6426.31	6478	99.20
8Cell_RargKDKO	49347678	L1_Mur1:L1:LINE	7793	218.959227263	6363	6642.20	6899	96.28
8Cell_RargKDKO	49347678	L1MEd:L1:LINE	3245	469.68771809	6320	6880.51	6907	99.62
8Cell_RargKDKO	49347678	L1MCa:L1:LINE	3565	273.213116038	6307	6698.53	6901	97.07
8Cell_RargKDKO	49347678	Lx4B:L1:LINE	5680	244.761305728	6286	6817.33	7031	96.96
8Cell_RargKDKO	49347678	MusHAL1:L1:LINE	3890	216.165113105	6170	6698.87	6782	98.77
8Cell_RargKDKO	49347678	RodERV21-int:ERV1:LTR	1856	200.472607597	5987	6315.20	6353	99.41
8Cell_RargKDKO	49347678	RLTRETN_Mm:ERVK:LTR	1355	308.785606442	5975	8189.28	8873	92.29
8Cell_RargKDKO	49347678	RLTR28:ERVL:LTR	1949	273.638195915	5887	5934.73	5967	99.46
8Cell_RargKDKO	49347678	MurERV4-int:ERVK:LTR	1525	160.565454157	5791	6190.25	6217	99.57
8Cell_RargKDKO	49347678	RLTR6-int:ERV1:LTR	1220	124.000621544	5760	9493.97	9968	95.24
8Cell_RargKDKO	49347678	HAL1:L1:LINE	3550	340.698710503	5614	5664.62	5688	99.59
8Cell_RargKDKO	49347678	MLT1A1:ERVL-MaLR:LTR	9015	423.879315581	5580	5633.68	5671	99.34
8Cell_RargKDKO	49347678	RLTR15:ERVK:LTR	2437	258.85709001	5565	5614.69	5652	99.34
8Cell_RargKDKO	49347678	Lx3C:L1:LINE	6475	228.651960081	5554	5872.19	5944	98.79
8Cell_RargKDKO	49347678	ID2:ID:SINE	5671	442.268885642	5514	6003.79	6026	99.63
8Cell_RargKDKO	49347678	MuLV-int:ERV1:LTR	392	48.0433880272	5486	6312.10	6803	92.78
8Cell_RargKDKO	49347678	RMER16-int:ERVK:LTR	2599	177.740632968	5433	6240.80	6328	98.62
8Cell_RargKDKO	49347678	L1MC4a:L1:LINE	3077	292.149866367	5407	5463.46	5498	99.37
8Cell_RargKDKO	49347678	MER33:hAT-Charlie:DNA	2719	302.394357098	5284	5421.52	5438	99.70
8Cell_RargKDKO	49347678	L1MB2:L1:LINE	2927	267.827549943	5214	5307.50	5345	99.30
8Cell_RargKDKO	49347678	L1MA5:L1:LINE	4952	286.263558127	5206	5279.98	5327	99.12
8Cell_RargKDKO	49347678	RMER1C:Other:Other	6347	266.766164729	5188	5306.67	5348	99.23
8Cell_RargKDKO	49347678	MTEa-int:ERVL-MaLR:LTR	1368	164.37474596	5125	6233.08	6359	98.02
8Cell_RargKDKO	49347678	MLTR25A:ERVK:LTR	2168	186.090095751	5076	5738.09	5768	99.48
8Cell_RargKDKO	49347678	RMER15-int:ERVL:LTR	3100	211.390754804	5076	5197.11	5244	99.11
8Cell_RargKDKO	49347678	RLTR17:ERVK:LTR	1758	189.082138193	5056	5194.96	5242	99.10
8Cell_RargKDKO	49347678	ORR1G:ERVL-MaLR:LTR	4680	331.493403534	5020	5158.90	5456	94.55
8Cell_RargKDKO	49347678	RMER6B:ERVK:LTR	1360	197.269019669	4998	5147.51	5186	99.26
8Cell_RargKDKO	49347678	L1MB4:L1:LINE	2690	257.996773606	4965	5039.13	5079	99.22
8Cell_RargKDKO	49347678	MYSERV16_I-int:ERVK:LTR	2516	159.719179883	4907	5118.63	5195	98.53
8Cell_RargKDKO	49347678	RLTR42-int:ERVK:LTR	2473	212.453845922	4861	4940.02	4969	99.42
8Cell_RargKDKO	49347678	RLTR4_MM-int:ERV1:LTR	432	96.4180408412	4858	15566.85	15928	97.73
8Cell_RargKDKO	49347678	ORR1D1-int:ERVL-MaLR:LTR	1715	146.14962392	4850	4972.28	5892	84.39
8Cell_RargKDKO	49347678	RMER19B2:ERVK:LTR	2296	166.956428212	4788	4864.34	4906	99.15
8Cell_RargKDKO	49347678	BGLII:ERVK:LTR	2269	228.856346361	4779	4922.90	4982	98.81
8Cell_RargKDKO	49347678	RLTR20A4:ERVK:LTR	11527	398.468232853	4707	4754.76	4791	99.24
8Cell_RargKDKO	49347678	MER21C:ERVL:LTR	2261	230.123537765	4690	4743.04	4768	99.48
8Cell_RargKDKO	49347678	RLTR10C:ERVK:LTR	1779	265.15756446	4670	7024.95	7238	97.06
8Cell_RargKDKO	49347678	RLTR31D_MM:ERVK:LTR	8270	309.892296025	4641	4694.98	4762	98.59
8Cell_RargKDKO	49347678	L1MEf:L1:LINE	3127	225.982028883	4605	4651.62	4671	99.59
8Cell_RargKDKO	49347678	RLTR21:ERVK:LTR	3816	161.850409138	4597	4681.84	4709	99.42
8Cell_RargKDKO	49347678	MERV1_I-int:ERV1:LTR	1365	211.852725614	4535	4907.78	4915	99.85
8Cell_RargKDKO	49347678	L1MA8:L1:LINE	3882	233.459873662	4523	4607.88	4640	99.31
8Cell_RargKDKO	49347678	ID:ID:SINE	8022	375.299540922	4455	4488.43	4504	99.65
8Cell_RargKDKO	49347678	RLTR13G:ERVK:LTR	877	203.277292911	4431	6693.83	7298	91.72
8Cell_RargKDKO	49347678	RLTR40:ERVK:LTR	2651	189.353232894	4411	4653.69	4685	99.33
8Cell_RargKDKO	49347678	MER58A:hAT-Charlie:DNA	3714	309.858054633	4374	4412.03	4458	98.97
8Cell_RargKDKO	49347678	MER58B:hAT-Charlie:DNA	2843	297.343070006	4370	4389.79	4409	99.56
8Cell_RargKDKO	49347678	L1M4b:L1:LINE	2190	187.199487195	4338	4417.82	4443	99.43
8Cell_RargKDKO	49347678	RMER19A:ERVK:LTR	2095	168.171578501	4323	4464.18	4518	98.81
8Cell_RargKDKO	49347678	MLTR11A:ERVK:LTR	2124	210.153702984	4257	4491.15	4517	99.43
8Cell_RargKDKO	49347678	U2:snRNA:snRNA	921	1281.46700506	4246	19446.95	19376	100.37
8Cell_RargKDKO	49347678	MER21B:ERVL:LTR	1618	205.335464706	4242	4319.68	4351	99.28
8Cell_RargKDKO	49347678	RLTR13C2:ERVK:LTR	844	136.022742246	4237	4657.83	4711	98.87
8Cell_RargKDKO	49347678	L1MD2:L1:LINE	3227	236.899293223	4226	4301.99	4331	99.33
8Cell_RargKDKO	49347678	L1MEg:L1:LINE	3797	269.243904997	4226	4317.25	4344	99.38
8Cell_RargKDKO	49347678	RMER19C:ERVK:LTR	2729	177.231551206	4225	4646.45	4675	99.39
8Cell_RargKDKO	49347678	RLTR25A:ERVK:LTR	1781	182.801469527	4175	5635.81	5944	94.82
8Cell_RargKDKO	49347678	RMER12:ERVK:LTR	3319	193.155809608	4175	4244.95	4270	99.41
8Cell_RargKDKO	49347678	MLT1A:ERVL-MaLR:LTR	4950	281.937131861	4073	4125.46	4147	99.48
8Cell_RargKDKO	49347678	MT-int:ERVL-MaLR:LTR	438	873.908937049	4040	28575.07	75417	37.89
8Cell_RargKDKO	49347678	5S:rRNA:rRNA	1038	2762.57071414	4024	14507.37	14499	100.06
8Cell_RargKDKO	49347678	RLTR14-int:ERV1:LTR	1816	159.861308072	3992	4210.65	4240	99.31
8Cell_RargKDKO	49347678	L1MA4A:L1:LINE	2709	183.117833338	3976	4024.54	4058	99.18
8Cell_RargKDKO	49347678	RMER17A2:ERVK:LTR	2598	139.550803883	3966	4055.18	4084	99.29
8Cell_RargKDKO	49347678	L1VL1:L1:LINE	1797	75.1965439596	3963	5019.06	5297	94.75
8Cell_RargKDKO	49347678	ORR1C2-int:ERVL-MaLR:LTR	914	89.4216555944	3939	4049.40	4689	86.36
8Cell_RargKDKO	49347678	RMER6D:ERVK:LTR	2411	169.598441887	3912	4769.88	4856	98.23
8Cell_RargKDKO	49347678	RMER3D-int:ERVK:LTR	2711	135.025233167	3907	4551.87	4649	97.91
8Cell_RargKDKO	49347678	MER3:hAT-Charlie:DNA	2967	278.252767593	3860	3907.55	3936	99.28
8Cell_RargKDKO	49347678	RLTR11B:ERVK:LTR	1049	155.743758	3839	3885.00	3901	99.59
8Cell_RargKDKO	49347678	RLTR9E:ERVK:LTR	1318	166.264701109	3837	4139.97	4218	98.15
8Cell_RargKDKO	49347678	MLTR11B:ERVK:LTR	2985	208.832686354	3821	3869.87	3909	99.00
8Cell_RargKDKO	49347678	L1MC5a:L1:LINE	2588	224.855532817	3815	3853.67	3873	99.50
8Cell_RargKDKO	49347678	RLTR13B2:ERVK:LTR	314	135.859372726	3770	7083.85	7125	99.42
8Cell_RargKDKO	49347678	RLTR14:ERV1:LTR	2341	195.607117759	3769	3829.89	3863	99.14
8Cell_RargKDKO	49347678	ETnERV-int:ERVK:LTR	906	133.224428099	3767	7055.46	12276	57.47
8Cell_RargKDKO	49347678	L1MA9:L1:LINE	4587	205.517019715	3745	3787.89	3816	99.26
8Cell_RargKDKO	49347678	L1MDa:L1:LINE	3451	199.509787734	3728	3923.13	4026	97.44
8Cell_RargKDKO	49347678	RLTR10:ERVK:LTR	2930	266.742112925	3696	6129.95	6327	96.89
8Cell_RargKDKO	49347678	IAPLTR2a2_Mm:ERVK:LTR	1541	158.777649397	3642	4080.20	4234	96.37
8Cell_RargKDKO	49347678	RLTR33:ERVK:LTR	1336	134.44300008	3530	3617.80	3642	99.34
8Cell_RargKDKO	49347678	IAPLTR1_Mm:ERVK:LTR	1492	347.9327881	3517	9988.77	10893	91.70
8Cell_RargKDKO	49347678	MER5B:hAT-Charlie:DNA	5140	298.474569308	3482	3653.73	3662	99.77
8Cell_RargKDKO	49347678	RLTR31B2:ERVK:LTR	1192	164.252182728	3417	3496.64	3554	98.39
8Cell_RargKDKO	49347678	MER31B:ERV1:LTR	558	137.144310211	3385	3389.66	3395	99.84
8Cell_RargKDKO	49347678	RMER12C:ERVK:LTR	4954	185.649647816	3378	3485.42	3519	99.05
8Cell_RargKDKO	49347678	MuRRS4-int:ERV1:LTR	2735	96.7850041537	3373	3973.32	4140	95.97
8Cell_RargKDKO	49347678	RLTR16:ERVK:LTR	1350	150.06577931	3358	3394.45	3417	99.34
8Cell_RargKDKO	49347678	RMER17C2:ERVK:LTR	3413	209.262252348	3304	3416.11	3453	98.93
8Cell_RargKDKO	49347678	MurERV4_19-int:ERVK:LTR	969	91.6564605016	3266	3321.79	3357	98.95
8Cell_RargKDKO	49347678	ERVB4_1C-LTR_Mm:ERVK:LTR	961	149.324738944	3255	4415.51	5150	85.74
8Cell_RargKDKO	49347678	L1ME2:L1:LINE	2633	179.916360365	3225	3275.00	3304	99.12
8Cell_RargKDKO	49347678	RLTR13C3:ERVK:LTR	538	84.4786393774	3224	4629.71	4676	99.01
8Cell_RargKDKO	49347678	ERVB4_1B-I_MM-int:ERVK:LTR	1368	84.9853300423	3206	3492.20	3544	98.54
8Cell_RargKDKO	49347678	LTRIS2:ERV1:LTR	1423	151.054696507	3201	3961.21	4068	97.37
8Cell_RargKDKO	49347678	L1M4c:L1:LINE	2049	146.362905821	3157	3206.96	3227	99.38
8Cell_RargKDKO	49347678	RLTR22_Mur:ERVK:LTR	2503	134.289053557	3138	3337.57	3377	98.83
8Cell_RargKDKO	49347678	MLT1J:ERVL-MaLR:LTR	2943	214.462709675	3105	3122.90	3136	99.58
8Cell_RargKDKO	49347678	L1MB1:L1:LINE	2524	163.564254591	3103	3291.36	3327	98.93
8Cell_RargKDKO	49347678	RMER2:ERV1:LTR	2358	156.918980321	3042	3269.66	3340	97.89
8Cell_RargKDKO	49347678	L1ME4b:L1:LINE	1818	187.17779851	3000	3023.69	3045	99.30
8Cell_RargKDKO	49347678	L1MA7:L1:LINE	3250	163.746746408	2994	3038.58	3056	99.43
8Cell_RargKDKO	49347678	L1MD3:L1:LINE	2480	177.378063029	2944	2970.12	2991	99.30
8Cell_RargKDKO	49347678	L1MD1:L1:LINE	2268	146.880500475	2938	2971.51	3005	98.89
8Cell_RargKDKO	49347678	Charlie1:hAT-Charlie:DNA	977	126.996943605	2894	2956.41	2977	99.31
8Cell_RargKDKO	49347678	MER89:ERV1:LTR	614	134.223815989	2825	3457.73	3467	99.73
8Cell_RargKDKO	49347678	ORR1E-int:ERVL-MaLR:LTR	1446	101.041975695	2822	3033.83	4007	75.71
8Cell_RargKDKO	49347678	ORR1B2-int:ERVL-MaLR:LTR	857	75.5747871491	2810	2868.19	3374	85.01
8Cell_RargKDKO	49347678	RLTR12B:ERVK:LTR	909	112.075581552	2784	2984.48	3027	98.60
8Cell_RargKDKO	49347678	RMER30:hAT-Charlie:DNA	3588	211.809593898	2773	2794.36	2804	99.66
8Cell_RargKDKO	49347678	BGLII_B:ERVK:LTR	960	116.635983869	2760	2824.40	2860	98.76
8Cell_RargKDKO	49347678	RLTR31C_MM:ERVK:LTR	726	110.374638716	2741	2763.97	2782	99.35
8Cell_RargKDKO	49347678	L1MC2:L1:LINE	2252	141.174397299	2738	2832.70	2859	99.08
8Cell_RargKDKO	49347678	RLTR12BD_Mm:ERVK:LTR	883	122.66858833	2735	2836.15	2861	99.13
8Cell_RargKDKO	49347678	RLTR20C2_MM:ERVK:LTR	3620	152.892074666	2723	2786.69	2817	98.92
8Cell_RargKDKO	49347678	RLTR51A_Mm:ERVK?:LTR	3523	175.680876811	2713	2785.99	2828	98.51
8Cell_RargKDKO	49347678	LTRIS_Mus:ERV1:LTR	919	103.156607963	2706	2821.68	2856	98.80
8Cell_RargKDKO	49347678	MTB-int:ERVL-MaLR:LTR	592	72.5912413231	2704	2975.62	11981	24.84
8Cell_RargKDKO	49347678	ORR1C1-int:ERVL-MaLR:LTR	783	73.6747590783	2694	2847.49	2937	96.95
8Cell_RargKDKO	49347678	RMER17A:ERVK:LTR	1819	133.742264406	2674	2848.96	2861	99.58
8Cell_RargKDKO	49347678	MTE2b-int:ERVL-MaLR:LTR	729	58.5945507218	2645	2678.07	2695	99.37
8Cell_RargKDKO	49347678	IAPLTR2_Mm:ERVK:LTR	1388	144.033486637	2575	3434.03	3600	95.39
8Cell_RargKDKO	49347678	ERVL-B4-int:ERVL:LTR	1384	77.1397606264	2564	3199.47	6814	46.95
8Cell_RargKDKO	49347678	RLTR24:ERV1:LTR	1240	113.735332221	2560	2579.89	2592	99.53
8Cell_RargKDKO	49347678	ORR1D2-int:ERVL-MaLR:LTR	1361	95.1365358349	2555	2686.50	3282	81.86
8Cell_RargKDKO	49347678	MLT1F:ERVL-MaLR:LTR	1561	161.663275754	2538	2561.37	2570	99.66
8Cell_RargKDKO	49347678	RLTR13D3A1:ERVK:LTR	613	78.5833477077	2523	2567.88	2577	99.65
8Cell_RargKDKO	49347678	U1:snRNA:snRNA	329	1684.84253102	2493	17022.92	16934	100.53
8Cell_RargKDKO	49347678	RMER13B:ERVK:LTR	2134	105.780798291	2475	2623.09	2638	99.43
8Cell_RargKDKO	49347678	L1ME2z:L1:LINE	1533	141.174921351	2448	2645.88	2658	99.54
8Cell_RargKDKO	49347678	RLTR18B:ERVK:LTR	989	102.780101796	2437	2482.54	2499	99.34
8Cell_RargKDKO	49347678	RMER13A2:ERVK:LTR	1473	97.7274194793	2425	2486.24	2505	99.25
8Cell_RargKDKO	49347678	MLT1F2:ERVL-MaLR:LTR	2297	138.497781158	2423	2451.37	2474	99.09
8Cell_RargKDKO	49347678	RLTR12C:ERVK:LTR	319	95.0979790137	2416	2552.45	2620	97.42
8Cell_RargKDKO	49347678	MER5A1:hAT-Charlie:DNA	3905	203.646937777	2380	2416.37	2431	99.40
8Cell_RargKDKO	49347678	RMER17B2:ERVK:LTR	898	90.5870316925	2378	2893.97	2911	99.41
8Cell_RargKDKO	49347678	RMER20C_Mm:ERVK:LTR	1595	111.583643886	2352	2726.32	2747	99.25
8Cell_RargKDKO	49347678	L1Md_Gf:L1:LINE	1080	73.7482202296	2351	5866.92	14418	40.69
8Cell_RargKDKO	49347678	MYSERV-int:ERVK:LTR	1435	83.4150723249	2344	2418.74	2446	98.89
8Cell_RargKDKO	49347678	Tigger1:TcMar-Tigger:DNA	1025	112.702257748	2327	2393.14	2398	99.80
8Cell_RargKDKO	49347678	RMER16_Mm:ERVK:LTR	435	80.0780858342	2322	2353.65	2371	99.27
8Cell_RargKDKO	49347678	MER44B:TcMar-Tigger:DNA	1493	126.355568817	2321	2397.27	2403	99.76
8Cell_RargKDKO	49347678	L1MA5A:L1:LINE	1231	101.393544495	2320	2372.39	2395	99.06
8Cell_RargKDKO	49347678	L1ME4a:L1:LINE	1560	139.786710472	2318	2330.45	2340	99.59
8Cell_RargKDKO	49347678	RLTR12A:ERVK:LTR	829	88.833695332	2317	2348.66	2364	99.35
8Cell_RargKDKO	49347678	MLT1F1:ERVL-MaLR:LTR	1608	141.696828852	2280	2301.47	2324	99.03
8Cell_RargKDKO	49347678	ERVB7_1-LTR_MM:ERVK:LTR	770	134.756933339	2273	3292.90	3978	82.78
8Cell_RargKDKO	49347678	L1ME3A:L1:LINE	2086	141.330973006	2273	2297.89	2314	99.30
8Cell_RargKDKO	49347678	MLT1K:ERVL-MaLR:LTR	2759	158.518818725	2268	2412.94	2433	99.18
8Cell_RargKDKO	49347678	Cheshire:hAT-Charlie:DNA	1091	119.137847599	2267	2288.76	2303	99.38
8Cell_RargKDKO	49347678	RLTR9D:ERVK:LTR	803	102.514286007	2265	2361.53	2406	98.15
8Cell_RargKDKO	49347678	MERVK26-int:ERVK:LTR	1001	80.8544092396	2231	2331.84	2348	99.31
8Cell_RargKDKO	49347678	Charlie1b:hAT-Charlie:DNA	952	120.804644858	2216	2410.80	2406	100.20
8Cell_RargKDKO	49347678	RLTR17D_Mm:ERVK:LTR	1225	71.9761065391	2203	2261.76	2280	99.20
8Cell_RargKDKO	49347678	IAPEY4_I-int:ERVK:LTR	521	55.1086271894	2197	4673.29	4949	94.43
8Cell_RargKDKO	49347678	Tigger17a:TcMar-Tigger:DNA	908	92.8187130976	2190	2210.02	2224	99.37
8Cell_RargKDKO	49347678	RMER20A:ERVK:LTR	1559	103.627582097	2183	2390.85	2428	98.47
8Cell_RargKDKO	49347678	MuRRS-int:ERV1:LTR	996	28.8568127024	2178	2647.93	2751	96.25
8Cell_RargKDKO	49347678	ERVB2_1A-I_MM-int:ERVK:LTR	289	50.6574882505	2166	2346.52	2478	94.69
8Cell_RargKDKO	49347678	IAPEY3-int:ERVK:LTR	2345	64.5080516405	2158	2511.90	2616	96.02
8Cell_RargKDKO	49347678	L1ME3Cz:L1:LINE	1051	109.993211072	2156	2169.31	2182	99.42
8Cell_RargKDKO	49347678	RLTR11C_MM:ERVK:LTR	858	90.8057979833	2147	2178.61	2199	99.07
8Cell_RargKDKO	49347678	MER68:ERVL:LTR	637	95.8923234894	2131	2196.31	2205	99.61
8Cell_RargKDKO	49347678	L1ME3:L1:LINE	1527	117.327247601	2101	2117.45	2124	99.69
8Cell_RargKDKO	49347678	Kanga1:TcMar-Tc2:DNA	321	57.4792646413	2100	2109.00	2109	100.00
8Cell_RargKDKO	49347678	RMER17D:ERVK:LTR	1166	99.0945205057	2100	2346.80	2363	99.31
8Cell_RargKDKO	49347678	Tigger5:TcMar-Tigger:DNA	1975	134.399095328	2097	2112.41	2128	99.27
8Cell_RargKDKO	49347678	Tigger5b:TcMar-Tigger:DNA	2473	154.586337098	2092	2114.10	2127	99.39
8Cell_RargKDKO	49347678	RLTR41:ERV1:LTR	1121	81.428156106	2068	2118.10	2158	98.15
8Cell_RargKDKO	49347678	RLTR31M:ERVK:LTR	264	57.7213879016	2067	2081.26	2085	99.82
8Cell_RargKDKO	49347678	RLTR12D:ERVK:LTR	647	93.3374626599	2050	2073.19	2080	99.67
8Cell_RargKDKO	49347678	RMER6BA:ERVK:LTR	957	96.2593286969	2044	2199.44	2218	99.16
8Cell_RargKDKO	49347678	RMER20B:ERVK:LTR	1949	105.800391526	2043	2069.81	2082	99.41
8Cell_RargKDKO	49347678	RLTR20D:ERVK:LTR	777	88.6858090174	2038	2062.48	2075	99.40
8Cell_RargKDKO	49347678	RLTR20C1_MM:ERVK:LTR	5561	157.183275272	2016	2128.24	2145	99.22
8Cell_RargKDKO	49347678	RLTR13E:ERVK:LTR	603	55.419656156	2007	2133.40	2291	93.12
8Cell_RargKDKO	49347678	RMER13A1:ERVK:LTR	1082	75.2144139407	1996	2082.91	2092	99.57
8Cell_RargKDKO	49347678	tRNA-SeC(e)-TGA:tRNA:tRNA	3	308.451677216	1994	1994.00	1994	100.00
8Cell_RargKDKO	49347678	BGLII_B2:ERVK:LTR	359	95.3277338799	1992	2145.13	2243	95.64
8Cell_RargKDKO	49347678	ORR1D-int:ERVL-MaLR:LTR	878	74.1336117884	1989	2378.90	2428	97.98
8Cell_RargKDKO	49347678	MLT1E2:ERVL-MaLR:LTR	1821	120.543706589	1984	2009.66	2026	99.19
8Cell_RargKDKO	49347678	Charlie8:hAT-Charlie:DNA	728	107.426287175	1981	1989.60	1997	99.63
8Cell_RargKDKO	49347678	L3b:CR1:LINE	2304	173.127444543	1980	2019.67	2026	99.69
8Cell_RargKDKO	49347678	MLTR31D_MM:ERVK:LTR	318	60.0335313558	1950	2056.61	2066	99.55
8Cell_RargKDKO	49347678	RLTR18:ERVK:LTR	610	67.0055120243	1930	1998.16	2022	98.82
8Cell_RargKDKO	49347678	Charlie5:hAT-Charlie:DNA	1547	134.627533653	1916	1923.56	1928	99.77
8Cell_RargKDKO	49347678	U3:snRNA:snRNA	97	268.250160986	1854	5284.48	5285	99.99
8Cell_RargKDKO	49347678	MER44D:TcMar-Tigger:DNA	940	78.6412972919	1844	1894.79	1908	99.31
8Cell_RargKDKO	49347678	U17:snRNA:snRNA	24	108.884215638	1813	1817.57	1818	99.98
8Cell_RargKDKO	49347678	RLTR19:ERVK:LTR	944	95.9864527597	1807	2246.00	2320	96.81
8Cell_RargKDKO	49347678	MLT1H:ERVL-MaLR:LTR	2322	126.55160204	1805	1842.44	1862	98.95
8Cell_RargKDKO	49347678	RMER21A:ERV1:LTR	622	79.3466787256	1755	1833.47	1852	99.00
8Cell_RargKDKO	49347678	MTB_Mm-int:ERVL-MaLR:LTR	379	39.7978991467	1752	1804.09	1812	99.56
8Cell_RargKDKO	49347678	HAL1M8:L1:LINE	710	80.6014589044	1748	1764.92	1772	99.60
8Cell_RargKDKO	49347678	MMAR1:TcMar-Mariner:DNA	309	52.9103414105	1741	1770.67	1780	99.48
8Cell_RargKDKO	49347678	Charlie4a:hAT-Charlie:DNA	1121	110.310833601	1727	1734.37	1743	99.50
8Cell_RargKDKO	49347678	RLTR23:ERV1:LTR	1524	94.2818076123	1727	1746.87	1765	98.97
8Cell_RargKDKO	49347678	RLTR22_Mus:ERVK:LTR	1191	58.772248677	1708	1776.14	1791	99.17
8Cell_RargKDKO	49347678	RLTR20A3_MM:ERVK:LTR	880	79.9868459458	1664	1698.05	1707	99.48
8Cell_RargKDKO	49347678	RLTR12E:ERVK:LTR	615	67.9532806176	1655	1672.15	1682	99.41
8Cell_RargKDKO	49347678	MMERVK10D3_I-int:ERVK:LTR	458	25.0699449456	1650	1731.36	1787	96.89
8Cell_RargKDKO	49347678	RLTR34B_MM:ERVK:LTR	527	63.8809464071	1644	1660.75	1673	99.27
8Cell_RargKDKO	49347678	RMER17D2:ERVK:LTR	1783	81.4566617658	1613	1711.80	1725	99.23
8Cell_RargKDKO	49347678	RMER16A2:ERVK:LTR	273	114.59097017	1606	3242.03	3682	88.05
8Cell_RargKDKO	49347678	RMER13A:ERVK:LTR	1010	70.2778272717	1562	1630.88	1645	99.14
8Cell_RargKDKO	49347678	RMER21B:ERV1:LTR	1252	84.6725652278	1556	1579.72	1596	98.98
8Cell_RargKDKO	49347678	RMER16:ERVK:LTR	471	59.2250648046	1551	1581.90	1600	98.87
8Cell_RargKDKO	49347678	RLTR20B3:ERVK:LTR	974	74.7924198035	1534	1552.52	1566	99.14
8Cell_RargKDKO	49347678	Lx2A1:L1:LINE	2739	73.4292769133	1522	1638.71	1700	96.39
8Cell_RargKDKO	49347678	BGLII_Mur:ERVK:LTR	611	63.5334285562	1521	1541.94	1556	99.10
8Cell_RargKDKO	49347678	MURVY-LTR:ERV1:LTR	1910	76.6611510971	1512	1618.60	1633	99.12
8Cell_RargKDKO	49347678	RLTR9A:ERVK:LTR	648	53.9557664716	1499	1660.39	1703	97.50
8Cell_RargKDKO	49347678	U6:snRNA:snRNA	1353	172.36134733	1481	1744.09	1757	99.27
8Cell_RargKDKO	49347678	RMER12B:ERVK:LTR	1011	55.9785747648	1468	1523.86	1534	99.34
8Cell_RargKDKO	49347678	IAP1-MM_I-int:ERVK:LTR	479	55.5364146128	1463	1499.76	1511	99.26
8Cell_RargKDKO	49347678	RLTR10A:ERVK:LTR	800	70.3153253047	1450	1547.43	1582	97.81
8Cell_RargKDKO	49347678	RLTR30D2_MM:ERV1:LTR	741	63.7158464722	1440	1456.54	1474	98.82
8Cell_RargKDKO	49347678	RLTR14_RN:ERV1:LTR	1148	78.6300571324	1428	1486.76	1496	99.38
8Cell_RargKDKO	49347678	RLTR16B_MM:ERVK:LTR	635	56.2424338112	1395	1455.22	1471	98.93
8Cell_RargKDKO	49347678	ERVB7_2B-LTR_MM:ERVK:LTR	710	61.2708411164	1388	1630.74	1667	97.82
8Cell_RargKDKO	49347678	RLTR13B3:ERVK:LTR	265	37.4962896177	1383	1682.03	1701	98.88
8Cell_RargKDKO	49347678	ERVB3_1-I_MM-int:ERVK:LTR	134	27.2988257944	1376	1412.86	1418	99.64
8Cell_RargKDKO	49347678	IAPLTR1a_Mm:ERVK:LTR	1786	113.420261143	1372	2516.15	3068	82.01
8Cell_RargKDKO	49347678	RLTR20B3A_MM:ERVK:LTR	843	54.2548558097	1360	1393.44	1408	98.97
8Cell_RargKDKO	49347678	MLT1L:ERVL-MaLR:LTR	1535	88.1669129579	1341	1353.58	1366	99.09
8Cell_RargKDKO	49347678	MLT1G3:ERVL-MaLR:LTR	1075	76.6748981916	1340	1348.87	1356	99.47
8Cell_RargKDKO	49347678	RLTR20B2:ERVK:LTR	880	66.1108398223	1317	1325.33	1335	99.28
8Cell_RargKDKO	49347678	RLTR31_Mur:ERVK:LTR	354	57.3367164036	1315	1615.95	1715	94.22
8Cell_RargKDKO	49347678	LTR33:ERVL:LTR	1466	87.1891528241	1292	1310.75	1331	98.48
8Cell_RargKDKO	49347678	RLTR48A:ERV1:LTR	635	57.8767565625	1274	1670.35	1679	99.48
8Cell_RargKDKO	49347678	RLTR13D5:ERVK:LTR	745	59.1344941688	1267	2174.19	2365	91.93
8Cell_RargKDKO	49347678	RLTR20B1:ERVK:LTR	668	64.3261962546	1248	1526.54	1541	99.06
8Cell_RargKDKO	49347678	RLTR13C1:ERVK:LTR	309	28.5738674758	1243	1279.82	1290	99.21
8Cell_RargKDKO	49347678	Tigger6a:TcMar-Tigger:DNA	369	54.3146624627	1243	1277.27	1283	99.55
8Cell_RargKDKO	49347678	U4:snRNA:snRNA	108	97.7952647151	1238	1408.00	1408	100.00
8Cell_RargKDKO	49347678	Charlie2b:hAT-Charlie:DNA	884	64.1904416237	1222	1268.17	1281	99.00
8Cell_RargKDKO	49347678	LTR16D:ERVL:LTR	185	56.5132624634	1218	1245.59	1246	99.97
8Cell_RargKDKO	49347678	ERVB4_1B-LTR_MM:ERVK:LTR	648	57.7019093845	1217	1417.58	1444	98.17
8Cell_RargKDKO	49347678	ERVL-E-int:ERVL:LTR	1044	63.2161037128	1210	1253.33	1268	98.84
8Cell_RargKDKO	49347678	Tigger15a:TcMar-Tigger:DNA	704	81.3177345698	1206	1214.54	1217	99.80
8Cell_RargKDKO	49347678	MRLTR33:ERVK:LTR	624	67.9968616197	1202	1264.89	1278	98.97
8Cell_RargKDKO	49347678	RLTR6_Mm:ERV1:LTR	237	60.118463977	1196	2435.93	2679	90.93
8Cell_RargKDKO	49347678	MLTR18D_MM:ERVK:LTR	620	46.797230803	1195	1210.95	1219	99.34
8Cell_RargKDKO	49347678	RLTR34C_MM:ERVK:LTR	402	46.9783550997	1195	1199.85	1202	99.82
8Cell_RargKDKO	49347678	Tigger13a:TcMar-Tigger:DNA	645	74.6526242421	1195	1198.73	1205	99.48
8Cell_RargKDKO	49347678	RLTR13D3:ERVK:LTR	339	39.3548214962	1193	1350.02	1347	100.22
8Cell_RargKDKO	49347678	IAPLTR2b:ERVK:LTR	1017	53.8195429288	1176	1275.00	1348	94.58
8Cell_RargKDKO	49347678	HAL1ME:L1:LINE	900	71.0447595967	1171	1175.22	1179	99.68
8Cell_RargKDKO	49347678	HY3:scRNA:scRNA	15	155.527105846	1169	1169.00	1169	100.00
8Cell_RargKDKO	49347678	L1M4a2:L1:LINE	736	60.3867517415	1168	1179.53	1184	99.62
8Cell_RargKDKO	49347678	RLTR30E_MM:ERV1:LTR	320	50.1881543862	1163	1168.83	1173	99.64
8Cell_RargKDKO	49347678	IAPLTR2a:ERVK:LTR	627	58.1541585025	1161	1297.51	1400	92.68
8Cell_RargKDKO	49347678	RLTR49:ERVK:LTR	933	67.5636317288	1157	1210.44	1224	98.89
8Cell_RargKDKO	49347678	MLT2B4:ERVL:LTR	1871	78.0923584466	1156	1168.66	1181	98.96
8Cell_RargKDKO	49347678	Tigger10:TcMar-Tigger:DNA	242	42.5099446061	1154	1164.50	1168	99.70
8Cell_RargKDKO	49347678	RLTR11D:ERVK:LTR	529	52.8478651873	1144	1181.71	1189	99.39
8Cell_RargKDKO	49347678	RLTR20B5_MM:ERVK:LTR	868	62.8362384488	1137	1147.37	1158	99.08
8Cell_RargKDKO	49347678	LTR10_RN:ERVK:LTR	546	50.6439782517	1123	1140.08	1145	99.57
8Cell_RargKDKO	49347678	MLT2D:ERVL:LTR	1567	80.0743464205	1117	1131.83	1138	99.46
8Cell_RargKDKO	49347678	RLTR4_Mm:ERV1:LTR	239	90.3339433108	1116	3781.49	3968	95.30
8Cell_RargKDKO	49347678	RLTR10B2:ERVK:LTR	854	65.2402342039	1115	1176.80	1206	97.58
8Cell_RargKDKO	49347678	MLT2B3:ERVL:LTR	1483	71.9047009775	1111	1132.74	1143	99.10
8Cell_RargKDKO	49347678	RLTR13A1:ERVK:LTR	205	29.1840935302	1109	1298.22	1302	99.71
8Cell_RargKDKO	49347678	MLT-int:ERVL-MaLR:LTR	846	53.8172808857	1102	1118.21	1125	99.40
8Cell_RargKDKO	49347678	MLT1E1A:ERVL-MaLR:LTR	1154	71.2779419359	1089	1097.89	1107	99.18
8Cell_RargKDKO	49347678	MLTR73:ERV1:LTR	956	68.0260990588	1080	1087.77	1091	99.70
8Cell_RargKDKO	49347678	RLTR13D6:ERVK:LTR	805	39.4685007313	1079	1128.05	1137	99.21
8Cell_RargKDKO	49347678	MLT2B1:ERVL:LTR	1637	67.7459139941	1071	1077.22	1084	99.37
8Cell_RargKDKO	49347678	4.5SRNA:scRNA:scRNA	1517	279.498634293	1070	2027.96	2034	99.70
8Cell_RargKDKO	49347678	MER53:hAT:DNA	1693	84.0569695013	1069	1073.37	1077	99.66
8Cell_RargKDKO	49347678	Charlie7:hAT-Charlie:DNA	844	54.862567907	1068	1079.71	1084	99.60
8Cell_RargKDKO	49347678	MER20B:hAT-Charlie:DNA	831	64.4449082094	1058	1070.63	1083	98.86
8Cell_RargKDKO	49347678	RLTR1C:ERV1:LTR	697	44.9508110862	1057	1155.71	1173	98.53
8Cell_RargKDKO	49347678	L1ME3G:L1:LINE	1161	73.4440695375	1046	1068.44	1077	99.21
8Cell_RargKDKO	49347678	MMERGLN_LTR:ERV1:LTR	435	48.3976086534	1046	1271.25	1340	94.87
8Cell_RargKDKO	49347678	MLT2B2:ERVL:LTR	1351	63.1797225862	1040	1050.77	1058	99.32
8Cell_RargKDKO	49347678	RLTR18-int:ERVK:LTR	506	49.1042045843	1038	1095.18	1114	98.31
8Cell_RargKDKO	49347678	L1ME4c:L1:LINE	968	72.3668941391	1034	1040.95	1042	99.90
8Cell_RargKDKO	49347678	RLTR13B4:ERVK:LTR	412	28.1186797086	1034	1076.78	1101	97.80
8Cell_RargKDKO	49347678	MER2B:TcMar-Tigger:DNA	1093	78.3473522034	1029	1038.20	1043	99.54
8Cell_RargKDKO	49347678	Charlie6:hAT-Charlie:DNA	148	33.196232817	1024	1036.04	1038	99.81
8Cell_RargKDKO	49347678	MER103C:hAT-Charlie:DNA	1072	70.9174154735	1008	1011.08	1014	99.71
8Cell_RargKDKO	49347678	Tigger19a:TcMar-Tigger:DNA	771	73.9276415909	1004	1006.15	1009	99.72
8Cell_RargKDKO	49347678	MERV1_LTR:ERV1:LTR	615	53.5956573602	1001	1138.27	1152	98.81
8Cell_RargKDKO	49347678	RLTR27:ERVK:LTR	1621	46.2185320115	995	1014.32	1028	98.67
8Cell_RargKDKO	49347678	IAPEy-int:ERVK:LTR	755	33.8473103928	987	1432.83	1456	98.41
8Cell_RargKDKO	49347678	RLTR26_Mus:ERVK:LTR	1091	57.9529268565	977	1083.57	1105	98.06
8Cell_RargKDKO	49347678	MER63C:hAT-Blackjack:DNA	414	34.0827541297	974	988.86	1002	98.69
8Cell_RargKDKO	49347678	MER68B:ERVL:LTR	237	56.8785291095	964	965.98	971	99.48
8Cell_RargKDKO	49347678	MLTR31FA_MM:ERVK:LTR	525	42.4390188588	964	976.94	989	98.78
8Cell_RargKDKO	49347678	MARNA:TcMar-Mariner:DNA	562	70.59114343	960	963.59	965	99.85
8Cell_RargKDKO	49347678	RLTR1A2_MM:ERV1:LTR	406	38.1812883544	959	1000.28	1007	99.33
8Cell_RargKDKO	49347678	RMER16C:ERVK:LTR	190	28.2766265049	954	968.36	973	99.52
8Cell_RargKDKO	49347678	IAP1-MM_LTR:ERVK:LTR	420	38.1729218094	952	1231.09	1311	93.90
8Cell_RargKDKO	49347678	IAP-d-int:ERVK:LTR	1323	38.0539513195	950	1078.58	1100	98.05
8Cell_RargKDKO	49347678	MTEb-int:ERVL-MaLR:LTR	635	39.4516988023	946	963.94	976	98.76
8Cell_RargKDKO	49347678	MLTR12:ERV1:LTR	477	47.7709984983	944	950.36	958	99.20
8Cell_RargKDKO	49347678	RLTR6B_Mm:ERV1:LTR	646	45.5586368394	942	1500.53	1883	79.69
8Cell_RargKDKO	49347678	RLTR20A2:ERVK:LTR	368	41.9604540522	939	997.46	1003	99.45
8Cell_RargKDKO	49347678	RLTR9A3:ERVK:LTR	774	42.3977625556	938	958.48	976	98.21
8Cell_RargKDKO	49347678	MLT1I:ERVL-MaLR:LTR	1777	76.0676079628	929	938.37	946	99.19
8Cell_RargKDKO	49347678	LTR72_RN:ERV1:LTR	1000	54.2301568132	927	1018.83	1039	98.06
8Cell_RargKDKO	49347678	RLTR28B:ERVL:LTR	428	41.8006504671	925	929.17	934	99.48
8Cell_RargKDKO	49347678	MER77:ERVL:LTR	570	46.5977362836	924	928.14	933	99.48
8Cell_RargKDKO	49347678	L1ME3B:L1:LINE	735	58.176860813	904	913.23	916	99.70
8Cell_RargKDKO	49347678	IAPEY_LTR:ERVK:LTR	1410	44.9943502854	903	982.32	1007	97.55
8Cell_RargKDKO	49347678	BGLII_Mus:ERVK:LTR	615	49.1710543598	902	924.89	933	99.13
8Cell_RargKDKO	49347678	RLTR31B_Mm:ERVK:LTR	349	40.008448911	902	954.90	959	99.57
8Cell_RargKDKO	49347678	RMER16B2:ERVK:LTR	329	40.3316349202	894	900.84	909	99.10
8Cell_RargKDKO	49347678	MER46C:TcMar-Tigger:DNA	788	64.872432944	893	898.75	904	99.42
8Cell_RargKDKO	49347678	MLT1G:ERVL-MaLR:LTR	896	55.8986688152	886	893.58	901	99.18
8Cell_RargKDKO	49347678	ERVB4_1-I_MM-int:ERVK:LTR	296	19.906029877	883	947.41	955	99.20
8Cell_RargKDKO	49347678	LTR16A:ERVL:LTR	1472	65.0160423452	882	890.71	902	98.75
8Cell_RargKDKO	49347678	Charlie12:hAT-Charlie:DNA	902	51.2846618828	877	887.66	901	98.52
8Cell_RargKDKO	49347678	MamSINE1:tRNA:SINE	410	54.4382783212	875	875.79	876	99.98
8Cell_RargKDKO	49347678	MLT1H1:ERVL-MaLR:LTR	1001	55.826512023	875	884.52	893	99.05
8Cell_RargKDKO	49347678	MER77B:ERVL:LTR	505	47.4190697673	872	877.82	881	99.64
8Cell_RargKDKO	49347678	Tigger17c:TcMar-Tigger:DNA	649	54.1719287943	871	880.62	890	98.95
8Cell_RargKDKO	49347678	MTE2a-int:ERVL-MaLR:LTR	795	32.1783786075	869	886.43	895	99.04
8Cell_RargKDKO	49347678	ORR1F-int:ERVL-MaLR:LTR	395	32.7662338818	869	912.44	1708	53.42
8Cell_RargKDKO	49347678	SRV_MM-int:ERVK:LTR	129	13.6874584699	863	902.18	904	99.80
8Cell_RargKDKO	49347678	RLTR19B:ERVK:LTR	224	32.7965116797	855	866.16	873	99.22
8Cell_RargKDKO	49347678	MER44A:TcMar-Tigger:DNA	661	54.3018267851	851	867.88	871	99.64
8Cell_RargKDKO	49347678	MLTR31F_MM:ERVK:LTR	403	41.5273836471	850	862.95	874	98.74
8Cell_RargKDKO	49347678	RLTR20A2B_MM:ERVK:LTR	438	39.2825702743	828	842.56	847	99.48
8Cell_RargKDKO	49347678	RLTR44-int:ERVK:LTR	653	25.1383562126	825	877.82	888	98.85
8Cell_RargKDKO	49347678	AmnSINE1:Deu:SINE	1311	76.5121884226	821	822.07	824	99.77
8Cell_RargKDKO	49347678	MLTR18C_MM:ERVK:LTR	468	32.3131701473	820	835.85	845	98.92
8Cell_RargKDKO	49347678	LFSINE_Vert:tRNA:SINE	1208	65.8963436285	818	818.00	818	100.00
8Cell_RargKDKO	49347678	LTR48:ERV1:LTR	651	49.1288661045	793	797.27	803	99.29
8Cell_RargKDKO	49347678	L1M3e:L1:LINE	652	45.2304188204	792	810.46	815	99.44
8Cell_RargKDKO	49347678	RLTR30:ERV1:LTR	390	38.4892983328	788	793.05	795	99.75
8Cell_RargKDKO	49347678	Lx2A:L1:LINE	1364	31.9864028082	786	831.01	885	93.90
8Cell_RargKDKO	49347678	MER102b:hAT-Charlie:DNA	507	49.3271514025	785	799.53	807	99.07
8Cell_RargKDKO	49347678	RLTR34D_MM:ERVK:LTR	410	36.6534466676	782	800.59	817	97.99
8Cell_RargKDKO	49347678	MLT1G1:ERVL-MaLR:LTR	1080	61.0255104208	781	968.64	973	99.55
8Cell_RargKDKO	49347678	RLTR1D:ERV1:LTR	305	29.7268050135	778	852.68	867	98.35
8Cell_RargKDKO	49347678	RLTR51B_Mm:ERVK?:LTR	662	49.3223653336	778	819.64	829	98.87
8Cell_RargKDKO	49347678	MLTR31A_MM:ERVK:LTR	352	28.9480302312	776	792.39	797	99.42
8Cell_RargKDKO	49347678	MER58C:hAT-Charlie:DNA	436	59.6026181425	770	779.27	780	99.91
8Cell_RargKDKO	49347678	MER31A:ERV1:LTR	707	47.519720706	769	780.46	784	99.55
8Cell_RargKDKO	49347678	LTRIS_Mm:ERV1:LTR	555	43.857228924	768	996.51	1011	98.57
8Cell_RargKDKO	49347678	RLTR13A3:ERVK:LTR	243	23.5276433859	765	963.25	993	97.00
8Cell_RargKDKO	49347678	L1M1:L1:LINE	881	54.2517237079	760	766.73	772	99.32
8Cell_RargKDKO	49347678	MLTR18_MM:ERVK:LTR	427	37.5840158467	759	783.08	791	99.00
8Cell_RargKDKO	49347678	LTR16C:ERVL:LTR	1352	52.3632968601	757	759.66	763	99.56
8Cell_RargKDKO	49347678	RMER6-int:ERVK:LTR	607	25.9385648881	756	774.81	790	98.08
8Cell_RargKDKO	49347678	RLTR48B:ERV1:LTR	110	27.4538058421	755	763.21	768	99.38
8Cell_RargKDKO	49347678	MLTR25C:ERVK:LTR	504	28.0515949757	747	770.88	772	99.85
8Cell_RargKDKO	49347678	RLTR19A:ERVK:LTR	153	46.1335812029	742	745.41	752	99.12
8Cell_RargKDKO	49347678	MLT1E3:ERVL-MaLR:LTR	1020	50.7429889789	737	743.87	749	99.31
8Cell_RargKDKO	49347678	L1M4a1:L1:LINE	607	42.6144635773	731	735.77	737	99.83
8Cell_RargKDKO	49347678	MLT1H2:ERVL-MaLR:LTR	1034	54.5173617688	731	744.28	752	98.97
8Cell_RargKDKO	49347678	MER74A:ERVL:LTR	731	45.8255717645	730	734.95	737	99.72
8Cell_RargKDKO	49347678	RMER17A-int:ERVK:LTR	409	29.65128043	727	739.45	745	99.26
8Cell_RargKDKO	49347678	MLTR31C_MM:ERVK:LTR	227	27.8991864647	721	734.28	738	99.50
8Cell_RargKDKO	49347678	RLTR8:ERVK:LTR	241	31.9215363273	720	790.28	805	98.17
8Cell_RargKDKO	49347678	MLTR18B_MM:ERVK:LTR	468	42.7419240781	716	1069.10	1078	99.17
8Cell_RargKDKO	49347678	IAPLTR3-int:ERVK:LTR	1773	19.6508783655	715	884.73	921	96.06
8Cell_RargKDKO	49347678	RLTR26C_MM:ERVK:LTR	454	37.0923980336	697	706.32	722	97.83
8Cell_RargKDKO	49347678	RLTR12G:ERVK:LTR	238	26.6922779997	692	700.82	703	99.69
8Cell_RargKDKO	49347678	MamGyp-int:Gypsy:LTR	28	16.0642671469	687	718.00	718	100.00
8Cell_RargKDKO	49347678	RLTR16C_MM:ERVK:LTR	360	28.0182055666	675	680.74	690	98.66
8Cell_RargKDKO	49347678	MLT1J1:ERVL-MaLR:LTR	1135	47.8028883052	674	677.11	680	99.57
8Cell_RargKDKO	49347678	MLT1J2:ERVL-MaLR:LTR	1110	55.7511561154	669	675.50	683	98.90
8Cell_RargKDKO	49347678	RLTR9D2:ERVK:LTR	194	27.2452994448	668	675.71	695	97.22
8Cell_RargKDKO	49347678	MER63D:hAT-Blackjack:DNA	1034	41.4074489394	664	665.41	672	99.02
8Cell_RargKDKO	49347678	BGLII_A:ERVK:LTR	292	39.3310768897	656	789.18	799	98.77
8Cell_RargKDKO	49347678	MER34A:ERV1:LTR	694	43.3751266122	656	660.20	667	98.98
8Cell_RargKDKO	49347678	RLTR53_Mm:ERVK:LTR	481	39.1641402005	655	660.37	664	99.45
8Cell_RargKDKO	49347678	MER102a:hAT-Charlie:DNA	386	45.0676007818	654	657.39	663	99.15
8Cell_RargKDKO	49347678	Charlie4z:hAT-Charlie:DNA	431	51.2386681768	651	653.94	656	99.69
8Cell_RargKDKO	49347678	HAL1b:L1:LINE	763	39.3651402385	651	656.13	660	99.41
8Cell_RargKDKO	49347678	RLTR20C:ERVK:LTR	263	30.3945954883	650	651.74	654	99.66
8Cell_RargKDKO	49347678	Charlie24:hAT-Charlie:DNA	374	33.9220072381	645	653.54	656	99.62
8Cell_RargKDKO	49347678	LTR41:ERVL:LTR	506	43.5411070078	643	645.46	650	99.30
8Cell_RargKDKO	49347678	LTRIS4A:ERV1:LTR	228	24.4189666379	642	673.03	674	99.86
8Cell_RargKDKO	49347678	MamRep605:LTR?:LTR?	629	41.0480009505	641	643.42	646	99.60
8Cell_RargKDKO	49347678	IAPEY2_LTR:ERVK:LTR	1062	34.7404795075	635	657.26	692	94.98
8Cell_RargKDKO	49347678	Tigger9b:TcMar-Tigger:DNA	360	35.4338476953	633	633.54	634	99.93
8Cell_RargKDKO	49347678	L4_A_Mam:RTE-X:LINE	630	46.7014458904	632	635.12	638	99.55
8Cell_RargKDKO	49347678	MLT2C2:ERVL:LTR	651	34.8658571455	632	635.98	639	99.53
8Cell_RargKDKO	49347678	LTR50:ERVL:LTR	549	54.1402786427	628	725.51	733	98.98
8Cell_RargKDKO	49347678	RLTR19C:ERVK:LTR	248	26.6049320439	627	639.37	649	98.52
8Cell_RargKDKO	49347678	MURVY-int:ERV1:LTR	544	13.4563133239	624	741.75	755	98.24
8Cell_RargKDKO	49347678	L1MEb:L1:LINE	352	30.4463080409	622	623.86	628	99.34
8Cell_RargKDKO	49347678	L1MA10:L1:LINE	866	41.9304086362	621	642.71	697	92.21
8Cell_RargKDKO	49347678	LTR40b:ERVL:LTR	577	34.4005028904	620	623.03	626	99.53
8Cell_RargKDKO	49347678	Arthur1:hAT-Tip100:DNA	920	34.7950491258	619	625.75	630	99.33
8Cell_RargKDKO	49347678	Charlie2a:hAT-Charlie:DNA	505	39.1702920106	618	624.56	629	99.29
8Cell_RargKDKO	49347678	L1M:L1:LINE	459	50.8664909694	612	810.63	843	96.16
8Cell_RargKDKO	49347678	MER119:hAT-Charlie:DNA	404	35.3588031357	609	610.50	614	99.43
8Cell_RargKDKO	49347678	RLTR44C:ERVK:LTR	198	25.3392107157	609	722.95	730	99.03
8Cell_RargKDKO	49347678	MLT2C1:ERVL:LTR	872	40.4144926474	602	604.25	609	99.22
8Cell_RargKDKO	49347678	Looper:PiggyBac:DNA	209	29.7547728885	599	603.61	606	99.61
8Cell_RargKDKO	49347678	RLTR10D:ERVK:LTR	491	33.8546497785	595	637.77	650	98.12
8Cell_RargKDKO	49347678	RLTR41C:ERV1:LTR	157	21.9970952696	595	597.00	597	100.00
8Cell_RargKDKO	49347678	MER102c:hAT-Charlie:DNA	363	35.0545826177	593	595.02	596	99.84
8Cell_RargKDKO	49347678	RLTR10F:ERVK:LTR	482	35.5475681403	593	658.93	674	97.76
8Cell_RargKDKO	49347678	U5:snRNA:snRNA	85	77.4350336706	587	817.52	818	99.94
8Cell_RargKDKO	49347678	Tigger18a:TcMar-Tigger:DNA	240	27.9144551193	585	586.00	586	100.00
8Cell_RargKDKO	49347678	ERVL-int:ERVL:LTR	721	28.4307626431	584	602.53	747	80.66
8Cell_RargKDKO	49347678	Tigger2b:TcMar-Tigger:DNA	176	27.1816218382	583	583.90	587	99.47
8Cell_RargKDKO	49347678	MER34:ERV1:LTR	737	41.4846617368	578	588.50	589	99.92
8Cell_RargKDKO	49347678	LTR78:ERV1:LTR	583	32.2194891472	577	601.09	612	98.22
8Cell_RargKDKO	49347678	MLT1E:ERVL-MaLR:LTR	534	32.0559794692	577	583.45	585	99.74
8Cell_RargKDKO	49347678	LTR33A:ERVL:LTR	504	35.1908164773	569	574.62	578	99.42
8Cell_RargKDKO	49347678	RLTR50B:ERVK:LTR	334	22.6061460282	558	595.90	604	98.66
8Cell_RargKDKO	49347678	RLTR13A:ERVK:LTR	211	16.9379401207	557	779.22	890	87.55
8Cell_RargKDKO	49347678	RLTR24B_MM:ERV1:LTR	1018	32.3123608886	557	567.44	577	98.34
8Cell_RargKDKO	49347678	RLTR31_Mm:ERVK:LTR	145	20.7239927313	540	545.64	551	99.03
8Cell_RargKDKO	49347678	RLTR10B:ERVK:LTR	477	29.2647134882	539	606.88	641	94.68
8Cell_RargKDKO	49347678	IAPLTR4:ERVK:LTR	663	37.6714015123	536	721.23	717	100.59
8Cell_RargKDKO	49347678	Plat_L3:CR1:LINE	579	39.2269082781	535	537.23	540	99.49
8Cell_RargKDKO	49347678	MER63A:hAT-Blackjack:DNA	635	41.1665217966	524	527.22	531	99.29
8Cell_RargKDKO	49347678	MER68-int:ERVL:LTR	77	26.948675449	523	562.85	563	99.97
8Cell_RargKDKO	49347678	MLTR18A_MM:ERVK:LTR	299	24.7503518815	523	550.69	560	98.34
8Cell_RargKDKO	49347678	RLTR26B_MM:ERVK:LTR	507	27.0458948058	515	525.76	532	98.83
8Cell_RargKDKO	49347678	RLTR30B_MM:ERV1:LTR	283	21.8659554953	515	522.47	528	98.95
8Cell_RargKDKO	49347678	RLTR10E:ERVK:LTR	227	23.7056448916	512	558.26	573	97.43
8Cell_RargKDKO	49347678	RMER16A3:ERVK:LTR	699	27.2497171775	512	559.15	582	96.07
8Cell_RargKDKO	49347678	RLTR12H:ERVK:LTR	188	20.6354943979	508	533.23	543	98.20
8Cell_RargKDKO	49347678	MER47B:TcMar-Tigger:DNA	509	31.2910663177	506	509.37	513	99.29
8Cell_RargKDKO	49347678	Charlie15b:hAT-Charlie:DNA	272	30.1959168378	504	505.83	509	99.38
8Cell_RargKDKO	49347678	MER113:hAT-Charlie:DNA	643	40.2574772053	504	505.46	508	99.50
8Cell_RargKDKO	49347678	MER67C:ERV1:LTR	620	28.9590078376	504	510.53	514	99.33
8Cell_RargKDKO	49347678	RLTR13A2:ERVK:LTR	151	19.1686222113	503	1020.76	1110	91.96
8Cell_RargKDKO	49347678	ERV3-16A3_I-int:ERVL:LTR	908	33.279353567	501	507.38	514	98.71
8Cell_RargKDKO	49347678	L1MCb:L1:LINE	713	30.4892220703	501	502.62	506	99.33
8Cell_RargKDKO	49347678	LTR67B:ERVL:LTR	632	43.0370402666	497	658.32	673	97.82
8Cell_RargKDKO	49347678	MLT1M:ERVL-MaLR:LTR	212	29.3946948365	496	497.62	499	99.72
8Cell_RargKDKO	49347678	CR1_Mam:CR1:LINE	257	31.1029048669	495	496.96	498	99.79
8Cell_RargKDKO	49347678	L1MDb:L1:LINE	583	32.1984026028	492	497.81	499	99.76
8Cell_RargKDKO	49347678	ERVB7_2-LTR_MM:ERVK:LTR	425	24.2924927515	491	553.88	573	96.66
8Cell_RargKDKO	49347678	RLTR20B4_MM:ERVK:LTR	416	28.7228595219	490	500.74	511	97.99
8Cell_RargKDKO	49347678	MER104:TcMar-Tc2:DNA	295	36.8186240392	488	489.49	491	99.69
8Cell_RargKDKO	49347678	RLTR35B_MM:ERVL:LTR	492	26.5420571342	477	481.97	487	98.97
8Cell_RargKDKO	49347678	MLT2F:ERVL:LTR	574	32.9427610416	476	488.50	490	99.69
8Cell_RargKDKO	49347678	L1M2c:L1:LINE	321	24.5637686228	475	481.58	484	99.50
8Cell_RargKDKO	49347678	LTR40c:ERVL:LTR	248	27.6009357384	472	473.89	475	99.77
8Cell_RargKDKO	49347678	LTR16E1:ERVL:LTR	514	36.1058537197	471	472.52	474	99.69
8Cell_RargKDKO	49347678	MER92-int:ERV1:LTR	324	24.4227405398	471	480.27	484	99.23
8Cell_RargKDKO	49347678	LTR40a:ERVL:LTR	709	32.058536832	470	477.06	485	98.36
8Cell_RargKDKO	49347678	L1ME3C:L1:LINE	326	29.0798905389	460	463.57	466	99.48
8Cell_RargKDKO	49347678	MamRep137:TcMar-Tigger:DNA	339	29.9924297776	460	463.20	466	99.40
8Cell_RargKDKO	49347678	RLTR1D2_MM:ERV1:LTR	192	21.0891451834	457	598.84	603	99.31
8Cell_RargKDKO	49347678	MER44C:TcMar-Tigger:DNA	185	22.7017006149	456	461.08	463	99.58
8Cell_RargKDKO	49347678	MLTR13:ERVK:LTR	205	17.1843758339	455	492.82	497	99.16
8Cell_RargKDKO	49347678	RLTR26D_MM:ERVK:LTR	247	17.6898508534	452	455.50	456	99.89
8Cell_RargKDKO	49347678	tRNA-Ala-GCY_:tRNA:tRNA	2580	50.4016372915	449	450.00	450	100.00
8Cell_RargKDKO	49347678	RLTR13D2:ERVK:LTR	270	17.696976843	447	462.79	472	98.05
8Cell_RargKDKO	49347678	L1ME3F:L1:LINE	308	26.00412103	444	444.93	449	99.09
8Cell_RargKDKO	49347678	L1MEi:L1:LINE	478	21.0858050382	444	447.77	450	99.50
8Cell_RargKDKO	49347678	MLT1N2:ERVL-MaLR:LTR	692	37.8556493902	441	479.63	481	99.71
8Cell_RargKDKO	49347678	RLTR44E:ERVK:LTR	122	18.8627465269	437	457.79	461	99.30
8Cell_RargKDKO	49347678	L1MCc:L1:LINE	529	29.9882414242	435	439.78	442	99.50
8Cell_RargKDKO	49347678	L1MEa:L1:LINE	169	21.292397396	435	438.48	439	99.88
8Cell_RargKDKO	49347678	Tigger6b:TcMar-Tigger:DNA	217	20.5194233224	432	435.16	440	98.90
8Cell_RargKDKO	49347678	MLT1F-int:ERVL-MaLR:LTR	417	22.8855197739	417	421.36	423	99.61
8Cell_RargKDKO	49347678	RLTR20A:ERVK:LTR	361	24.6878012946	416	421.90	424	99.50
8Cell_RargKDKO	49347678	BLACKJACK:hAT-Blackjack:DNA	716	27.7407661463	413	423.26	428	98.89
8Cell_RargKDKO	49347678	RLTR17C_Mm:ERVK:LTR	218	18.2298955674	411	418.67	422	99.21
8Cell_RargKDKO	49347678	LTR31:ERV1:LTR	187	21.7905250188	410	411.50	413	99.64
8Cell_RargKDKO	49347678	MER112:hAT-Charlie:DNA	358	26.7046685369	410	416.14	423	98.38
8Cell_RargKDKO	49347678	RLTR13D1:ERVK:LTR	255	14.6222922541	410	418.05	421	99.30
8Cell_RargKDKO	49347678	Charlie9:hAT-Charlie:DNA	232	29.8209067181	404	404.59	405	99.90
8Cell_RargKDKO	49347678	MLT1E1:ERVL-MaLR:LTR	576	23.3586652666	404	408.42	413	98.89
8Cell_RargKDKO	49347678	LTR37-int:ERV1:LTR	239	22.2996006822	401	402.88	404	99.72
8Cell_RargKDKO	49347678	MER34A1:ERV1:LTR	541	23.7102949347	401	404.00	408	99.02
8Cell_RargKDKO	49347678	MER74B:ERVL:LTR	324	21.1050113751	399	399.70	402	99.43
8Cell_RargKDKO	49347678	MER105:DNA:DNA	171	26.2582285096	398	401.77	403	99.69
8Cell_RargKDKO	49347678	IAPA_MM-int:ERVK:LTR	126	22.6193903499	396	775.03	2529	30.65
8Cell_RargKDKO	49347678	MER94:hAT-Blackjack:DNA	466	26.71701186	396	400.88	404	99.23
8Cell_RargKDKO	49347678	MER45B:hAT-Tip100:DNA	688	24.5511512776	392	396.72	400	99.18
8Cell_RargKDKO	49347678	MER90a:ERV1:LTR	581	24.2952826548	390	396.54	402	98.64
8Cell_RargKDKO	49347678	LTR65:ERV1:LTR	162	19.9156137743	387	387.50	388	99.87
8Cell_RargKDKO	49347678	U8:snRNA:snRNA	5	36.7642925664	385	385.00	385	100.00
8Cell_RargKDKO	49347678	MamTip2:hAT-Tip100:DNA	892	31.570491336	377	380.52	381	99.87
8Cell_RargKDKO	49347678	LTR41B:ERVL:LTR	290	25.5060457123	374	375.28	380	98.76
8Cell_RargKDKO	49347678	RLTR31A_Mm:ERVK:LTR	209	12.3267150338	374	384.70	394	97.64
8Cell_RargKDKO	49347678	MamRep434:TcMar-Tigger:DNA	518	26.7487876139	370	371.91	373	99.71
8Cell_RargKDKO	49347678	RLTR13D4:ERVK:LTR	205	16.9888238961	368	377.79	383	98.64
8Cell_RargKDKO	49347678	LTR33A_:ERVL:LTR	474	25.7383781696	367	371.30	375	99.01
8Cell_RargKDKO	49347678	L4_B_Mam:RTE-X:LINE	361	20.997101106	366	371.57	373	99.62
8Cell_RargKDKO	49347678	MER57D:ERV1:LTR	300	23.8698116524	366	371.50	372	99.87
8Cell_RargKDKO	49347678	MER63B:hAT-Blackjack:DNA	701	28.5776427611	362	363.48	369	98.50
8Cell_RargKDKO	49347678	IAPEY3_LTR:ERVK:LTR	553	20.4148881757	361	382.33	392	97.53
8Cell_RargKDKO	49347678	MER45A:hAT-Tip100:DNA	769	30.1080793637	360	363.24	366	99.25
8Cell_RargKDKO	49347678	RLTR41A2:ERV1:LTR	440	23.3376227078	358	370.66	387	95.78
8Cell_RargKDKO	49347678	Tigger16a:TcMar-Tigger:DNA	290	27.432581375	356	356.46	358	99.57
8Cell_RargKDKO	49347678	MLT1H-int:ERVL-MaLR:LTR	379	19.8059997646	354	355.59	358	99.33
8Cell_RargKDKO	49347678	Kanga2_a:TcMar-Tc2:DNA	356	23.6704182203	352	354.43	355	99.84
8Cell_RargKDKO	49347678	LTR16B1:ERVL:LTR	299	18.7645125686	348	349.16	351	99.48
8Cell_RargKDKO	49347678	LTR82A:ERVL:LTR	341	24.1611716167	348	355.00	356	99.72
8Cell_RargKDKO	49347678	U14:snRNA:snRNA	4	16.6698087876	348	348.00	348	100.00
8Cell_RargKDKO	49347678	hAT-N1_Mam:hAT?:DNA	185	22.2910850977	341	344.50	346	99.57
8Cell_RargKDKO	49347678	LTR103b_Mam:ERV1?:LTR	57	20.7896514515	341	341.00	341	100.00
8Cell_RargKDKO	49347678	LTR87:ERVL?:LTR	214	23.5762841754	341	341.29	342	99.79
8Cell_RargKDKO	49347678	LTRIS3:ERV1:LTR	165	15.4633784766	341	349.04	358	97.50
8Cell_RargKDKO	49347678	Charlie17b:hAT-Charlie:DNA	130	21.6252903251	340	342.85	344	99.66
8Cell_RargKDKO	49347678	ERVB5_2-LTR_MM:ERVK:LTR	520	15.4247766182	340	347.17	351	98.91
8Cell_RargKDKO	49347678	MLT1J-int:ERVL-MaLR:LTR	506	23.3793088842	337	340.00	340	100.00
8Cell_RargKDKO	49347678	Ricksha_c:MULE-MuDR:DNA	405	19.230996462	336	338.11	339	99.74
8Cell_RargKDKO	49347678	Zaphod:hAT-Tip100:DNA	728	23.4248779009	334	344.58	351	98.17
8Cell_RargKDKO	49347678	ERVB2_1-I_MM-int:ERVK:LTR	83	5.74135737902	333	338.71	339	99.91
8Cell_RargKDKO	49347678	RLTR13D3A:ERVK:LTR	162	11.9028879994	333	364.98	370	98.64
8Cell_RargKDKO	49347678	LTR37A:ERV1:LTR	549	25.2062813835	331	345.97	347	99.70
8Cell_RargKDKO	49347678	L1ME3D:L1:LINE	323	22.5664135843	329	339.94	345	98.53
8Cell_RargKDKO	49347678	MER117:hAT-Charlie:DNA	745	32.1111189724	328	329.08	332	99.12
8Cell_RargKDKO	49347678	RLTR9B:ERVK:LTR	206	15.819513144	327	345.42	349	98.98
8Cell_RargKDKO	49347678	MER115:hAT-Tip100:DNA	521	24.2768396659	325	335.43	337	99.53
8Cell_RargKDKO	49347678	MLT1A0-int:ERVL-MaLR:LTR	206	14.4090132107	324	335.50	339	98.97
8Cell_RargKDKO	49347678	L1M2a:L1:LINE	208	18.419171098	323	327.72	328	99.91
8Cell_RargKDKO	49347678	MMERVK10D3_LTR:ERVK:LTR	174	12.9075281203	321	331.24	337	98.29
8Cell_RargKDKO	49347678	Arthur1B:hAT-Tip100:DNA	597	25.2880128786	320	323.99	326	99.38
8Cell_RargKDKO	49347678	MLT1O:ERVL-MaLR:LTR	538	29.3644176677	319	336.25	340	98.90
8Cell_RargKDKO	49347678	MER54A:ERVL:LTR	273	18.3970783812	317	322.63	326	98.97
8Cell_RargKDKO	49347678	MER57C2:ERV1:LTR	415	24.7311196978	316	319.34	321	99.48
8Cell_RargKDKO	49347678	Tigger17:TcMar-Tigger:DNA	315	21.7157150884	314	316.13	319	99.10
8Cell_RargKDKO	49347678	RLTR9F:ERVK:LTR	411	16.3189049646	309	316.95	326	97.22
8Cell_RargKDKO	49347678	MLT1-int:ERVL-MaLR:LTR	285	13.5248270488	306	313.63	316	99.25
8Cell_RargKDKO	49347678	Tigger9a:TcMar-Tigger:DNA	200	21.676176026	304	306.16	307	99.72
8Cell_RargKDKO	49347678	LTR48B:ERV1:LTR	302	19.0079101922	300	303.50	305	99.51
8Cell_RargKDKO	49347678	MER90:ERV1:LTR	245	15.8965448106	300	300.78	304	98.94
8Cell_RargKDKO	49347678	tRNA-Ile-ATA:tRNA:tRNA	26	34.8679730889	298	298.00	298	100.00
8Cell_RargKDKO	49347678	Charlie29a:hAT-Charlie:DNA	324	20.0351963758	296	302.42	304	99.48
8Cell_RargKDKO	49347678	L4_C_Mam:RTE-X:LINE	590	24.9514233317	294	294.50	295	99.83
8Cell_RargKDKO	49347678	LTR33C:ERVL:LTR	232	17.6171076186	294	299.99	305	98.36
8Cell_RargKDKO	49347678	LTR79:ERVL:LTR	380	22.8100117768	294	295.99	297	99.66
8Cell_RargKDKO	49347678	ERVB5_1-I_MM-int:ERVK:LTR	292	14.2185047411	292	299.72	304	98.59
8Cell_RargKDKO	49347678	LTR16B2:ERVL:LTR	384	20.6322752931	292	295.11	297	99.36
8Cell_RargKDKO	49347678	L1M7:L1:LINE	207	16.8873340468	288	288.78	289	99.92
8Cell_RargKDKO	49347678	RLTR26:ERVK:LTR	408	13.3267970643	285	294.43	300	98.14
8Cell_RargKDKO	49347678	MER52-int:ERV1:LTR	206	14.96366748	283	286.87	289	99.26
8Cell_RargKDKO	49347678	MLT1D-int:ERVL-MaLR:LTR	176	10.7784792079	283	285.00	285	100.00
8Cell_RargKDKO	49347678	IAPLTR4_I:ERVK:LTR	183	11.889117751	280	316.52	343	92.28
8Cell_RargKDKO	49347678	L1M8:L1:LINE	201	16.8139592468	278	279.00	279	100.00
8Cell_RargKDKO	49347678	LTRIS4:ERV1:LTR	147	13.7289382903	278	303.96	306	99.33
8Cell_RargKDKO	49347678	RLTR9B2:ERVK:LTR	178	12.4598831311	278	286.07	289	98.99
8Cell_RargKDKO	49347678	RLTR30D_MM:ERV1:LTR	268	16.8613765241	276	283.56	290	97.78
8Cell_RargKDKO	49347678	MER70B:ERVL:LTR	254	15.0598723844	274	276.03	278	99.29
8Cell_RargKDKO	49347678	Charlie18a:hAT-Charlie:DNA	242	19.7928236274	272	272.55	273	99.84
8Cell_RargKDKO	49347678	Charlie19a:hAT-Charlie:DNA	240	22.7125557055	272	277.30	281	98.68
8Cell_RargKDKO	49347678	RLTR5_Mm:ERV1:LTR	601	8.82030804195	269	275.17	283	97.23
8Cell_RargKDKO	49347678	MER34B-int:ERV1:LTR	81	16.6041508231	268	302.00	302	100.00
8Cell_RargKDKO	49347678	RMER16B:ERVK:LTR	84	13.6387102161	268	274.87	277	99.23
8Cell_RargKDKO	49347678	ERVB3_1-LTR_MM:ERVK:LTR	158	10.8084918878	267	269.46	272	99.07
8Cell_RargKDKO	49347678	LTRIS4B:ERV1:LTR	71	9.20496652962	266	270.00	270	100.00
8Cell_RargKDKO	49347678	ERVB7_3-LTR_MM:ERVK:LTR	319	14.0006908004	263	294.91	302	97.65
8Cell_RargKDKO	49347678	HERVL40-int:ERVL:LTR	204	12.1372939885	263	268.41	271	99.04
8Cell_RargKDKO	49347678	L1ME3E:L1:LINE	327	18.5853485227	260	264.75	267	99.16
8Cell_RargKDKO	49347678	tRNA-Tyr-TAC:tRNA:tRNA	20	31.6155036861	258	258.00	258	100.00
8Cell_RargKDKO	49347678	MER131:SINE?:SINE?	274	22.2079300859	257	257.00	257	100.00
8Cell_RargKDKO	49347678	MER45R:hAT-Tip100:DNA	375	16.3572567728	255	256.00	256	100.00
8Cell_RargKDKO	49347678	RLTR13F:ERVK:LTR	98	8.14931736998	252	253.79	255	99.53
8Cell_RargKDKO	49347678	Tigger16b:TcMar-Tigger:DNA	197	20.9426812191	252	252.81	253	99.93
8Cell_RargKDKO	49347678	Charlie15a:hAT-Charlie:DNA	217	19.1288372171	250	252.00	252	100.00
8Cell_RargKDKO	49347678	MER67B:ERV1:LTR	220	14.5718569742	250	250.07	252	99.24
8Cell_RargKDKO	49347678	LTR78B:ERV1:LTR	405	22.4557138901	247	253.00	253	100.00
8Cell_RargKDKO	49347678	RLTR48C:ERV1:LTR	149	12.4872004268	247	257.02	259	99.23
8Cell_RargKDKO	49347678	MamRep1151:LTR?:LTR?	249	13.7861259682	246	248.35	254	97.78
8Cell_RargKDKO	49347678	MER81:hAT-Blackjack:DNA	512	23.6477025965	242	243.57	244	99.82
8Cell_RargKDKO	49347678	Zaphod2:hAT-Tip100:DNA	169	9.69170298352	241	246.82	249	99.12
8Cell_RargKDKO	49347678	LTR16A2:ERVL:LTR	416	19.6650976324	240	241.26	242	99.70
8Cell_RargKDKO	49347678	Charlie10:hAT-Charlie:DNA	371	17.1573777059	239	241.00	241	100.00
8Cell_RargKDKO	49347678	L1M3de:L1:LINE	157	12.0712856493	236	236.00	236	100.00
8Cell_RargKDKO	49347678	LTR73:ERV1:LTR	137	12.2323685301	234	237.57	240	98.99
8Cell_RargKDKO	49347678	LTR85a:Gypsy?:LTR	234	16.1699778906	233	234.00	235	99.57
8Cell_RargKDKO	49347678	Charlie13a:hAT-Charlie:DNA	184	14.0448595572	229	229.00	229	100.00
8Cell_RargKDKO	49347678	ORSL:hAT-Tip100:DNA	281	17.3355831031	229	230.19	231	99.65
8Cell_RargKDKO	49347678	L1M3c:L1:LINE	337	13.062078032	228	230.57	234	98.53
8Cell_RargKDKO	49347678	LTR16B:ERVL:LTR	260	16.1128542786	226	227.65	228	99.85
8Cell_RargKDKO	49347678	Tigger20a:TcMar-Tigger:DNA	188	16.3556071643	226	226.00	226	100.00
8Cell_RargKDKO	49347678	L1MEj:L1:LINE	178	15.6489747063	225	227.00	227	100.00
8Cell_RargKDKO	49347678	MER54B:ERVL:LTR	114	10.5277947755	225	228.08	230	99.16
8Cell_RargKDKO	49347678	MER106B:hAT-Charlie:DNA	242	15.6171559787	224	226.72	228	99.44
8Cell_RargKDKO	49347678	MER121:TcMar?:DNA	588	21.0404946084	224	224.50	225	99.78
8Cell_RargKDKO	49347678	Charlie23a:hAT-Charlie:DNA	157	17.1736418327	222	223.00	224	99.55
8Cell_RargKDKO	49347678	LTR16A1:ERVL:LTR	654	20.3957297933	220	221.00	222	99.55
8Cell_RargKDKO	49347678	LTR84b:ERVL:LTR	187	16.3997390826	219	220.28	222	99.23
8Cell_RargKDKO	49347678	RLTR42:ERVK:LTR	266	12.1684248861	219	220.00	221	99.55
8Cell_RargKDKO	49347678	RLTR44A:ERVK:LTR	259	9.81329453725	219	222.69	229	97.25
8Cell_RargKDKO	49347678	MLTR32C_MM:ERVK:LTR	127	6.94974362453	218	219.25	222	98.76
8Cell_RargKDKO	49347678	MER96B:hAT-Tip100:DNA	410	16.9064581981	215	215.56	216	99.79
8Cell_RargKDKO	49347678	RLTR9A2:ERVK:LTR	227	12.6903439565	214	214.00	214	100.00
8Cell_RargKDKO	49347678	RLTR9C:ERVK:LTR	477	10.1968326258	214	235.50	239	98.54
8Cell_RargKDKO	49347678	MLT1B-int:ERVL-MaLR:LTR	165	11.0157928531	213	213.70	217	98.48
8Cell_RargKDKO	49347678	Charlie16a:hAT-Charlie:DNA	197	16.0267984665	211	212.50	214	99.30
8Cell_RargKDKO	49347678	Charlie17:hAT-Charlie:DNA	134	9.50890077557	209	209.44	210	99.73
8Cell_RargKDKO	49347678	MLT1H1-int:ERVL-MaLR:LTR	49	7.46391913226	209	213.00	215	99.07
8Cell_RargKDKO	49347678	Eulor5A:DNA?:DNA?	80	13.1837539204	208	208.00	208	100.00
8Cell_RargKDKO	49347678	Tigger8:TcMar-Tigger:DNA	121	15.0906987089	208	208.36	211	98.75
8Cell_RargKDKO	49347678	IAPEY3C_LTR:ERVK:LTR	475	13.548654446	205	223.93	237	94.49
8Cell_RargKDKO	49347678	MER31-int:ERV1:LTR	149	10.536031161	204	204.00	204	100.00
8Cell_RargKDKO	49347678	MLT2B5:ERVL:LTR	442	16.885585513	203	204.00	206	99.03
8Cell_RargKDKO	49347678	RLTR20A1:ERVK:LTR	98	9.37449811506	203	203.57	206	98.82
8Cell_RargKDKO	49347678	Zaphod3:hAT-Tip100:DNA	454	16.6542656668	202	203.77	207	98.44
8Cell_RargKDKO	49347678	MER106A:hAT-Charlie:DNA	115	13.2042343723	201	201.54	202	99.77
8Cell_RargKDKO	49347678	Charlie13b:hAT-Charlie:DNA	114	14.0680113102	199	200.20	202	99.11
8Cell_RargKDKO	49347678	MER91B:hAT-Tip100:DNA	229	16.1203881707	199	199.00	199	100.00
8Cell_RargKDKO	49347678	RLTR41B:ERV1:LTR	98	8.92054462389	198	199.40	200	99.70
8Cell_RargKDKO	49347678	Kanga1c:TcMar-Tc2:DNA	184	12.9948598838	196	196.00	196	100.00
8Cell_RargKDKO	49347678	ERV3-16A3_LTR:ERVL:LTR	279	14.2780363702	194	194.64	199	97.81
8Cell_RargKDKO	49347678	L1ME5:L1:LINE	146	10.2637253616	194	196.49	199	98.74
8Cell_RargKDKO	49347678	UCON29:PiggyBac?:DNA	141	11.6480616812	193	193.00	193	100.00
8Cell_RargKDKO	49347678	L1M6:L1:LINE	329	15.6259216575	189	191.03	194	98.47
8Cell_RargKDKO	49347678	MER92B:ERV1:LTR	238	12.8003617329	189	192.28	195	98.60
8Cell_RargKDKO	49347678	HERV16-int:ERVL:LTR	277	12.0319297061	187	189.00	190	99.47
8Cell_RargKDKO	49347678	Tigger14a:TcMar-Tigger:DNA	225	15.129939836	187	187.40	189	99.15
8Cell_RargKDKO	49347678	AmnSINE2:Deu:SINE	391	17.5309898119	184	184.00	184	100.00
8Cell_RargKDKO	49347678	MER58D:hAT-Charlie:DNA	292	15.200807521	184	184.22	186	99.04
8Cell_RargKDKO	49347678	ERVB7_4-LTR_MM:ERVK:LTR	166	7.11866437472	183	188.86	193	97.86
8Cell_RargKDKO	49347678	MER21-int:ERVL:LTR	105	11.6311057685	182	182.00	182	100.00
8Cell_RargKDKO	49347678	MLT1C-int:ERVL-MaLR:LTR	122	7.38007663807	182	182.50	185	98.65
8Cell_RargKDKO	49347678	RLTR53B_Mm:ERVK:LTR	160	12.6340631054	180	180.96	183	98.89
8Cell_RargKDKO	49347678	MLTR31E_MM:ERVK:LTR	164	9.66323909685	179	182.02	186	97.86
8Cell_RargKDKO	49347678	RLTR12B2:ERVK:LTR	95	8.89420967317	179	182.33	184	99.09
8Cell_RargKDKO	49347678	MER99:hAT?:DNA	198	13.2460700664	178	180.00	180	100.00
8Cell_RargKDKO	49347678	RLTR13D:ERVK:LTR	45	3.54514260006	178	182.55	187	97.62
8Cell_RargKDKO	49347678	IAPLTR3:ERVK:LTR	959	9.68195304078	175	191.03	197	96.97
8Cell_RargKDKO	49347678	Kanga1b:TcMar-Tc2:DNA	121	11.594802082	175	179.16	181	98.98
8Cell_RargKDKO	49347678	LTR81B:Gypsy:LTR	204	9.92214065302	173	175.50	178	98.59
8Cell_RargKDKO	49347678	MER124:DNA?:DNA?	252	13.5860790532	173	173.00	173	100.00
8Cell_RargKDKO	49347678	Charlie25:hAT-Charlie:DNA	301	11.4426941749	172	173.44	176	98.55
8Cell_RargKDKO	49347678	ERVB5_1-LTR_MM:ERVK:LTR	143	8.12486995435	172	176.06	177	99.47
8Cell_RargKDKO	49347678	RLTR44B:ERVK:LTR	275	9.66813779789	172	187.13	192	97.46
8Cell_RargKDKO	49347678	LTRIS5:ERV1:LTR	85	8.74915463709	171	174.70	177	98.70
8Cell_RargKDKO	49347678	RLTR43C:ERVK:LTR	264	10.7829768187	170	173.69	175	99.25
8Cell_RargKDKO	49347678	RLTR47:ERVK:LTR	209	8.99549287492	168	176.75	179	98.74
8Cell_RargKDKO	49347678	LTR16E2:ERVL:LTR	423	14.1546583461	167	173.36	175	99.06
8Cell_RargKDKO	49347678	X8_LINE:CR1:LINE	158	15.0625141549	166	166.74	169	98.66
8Cell_RargKDKO	49347678	LTR104_Mam:Gypsy:LTR	254	14.0623525733	165	165.54	166	99.72
8Cell_RargKDKO	49347678	Helitron1Nb_Mam:Helitron:RC	92	9.13843325755	163	163.82	164	99.89
8Cell_RargKDKO	49347678	Charlie20a:hAT-Charlie:DNA	161	13.5180134332	160	160.91	161	99.94
8Cell_RargKDKO	49347678	Helitron3Na_Mam:Helitron:RC	191	13.3283209832	159	159.12	161	98.83
8Cell_RargKDKO	49347678	IAPEY4_LTR:ERVK:LTR	95	11.75067217	159	303.04	324	93.53
8Cell_RargKDKO	49347678	MER5C:hAT-Charlie:DNA	242	11.2799811289	159	159.57	160	99.73
8Cell_RargKDKO	49347678	Chap1_Mam:hAT-Charlie:DNA	153	10.4625347712	155	155.00	155	100.00
8Cell_RargKDKO	49347678	Kanga11a:TcMar-Tc2:DNA	187	11.4203250034	155	157.50	158	99.68
8Cell_RargKDKO	49347678	LTR37B:ERV1:LTR	386	13.9191761937	155	156.49	157	99.67
8Cell_RargKDKO	49347678	Charlie22a:hAT-Charlie:DNA	163	10.800700739	154	154.14	155	99.44
8Cell_RargKDKO	49347678	LTR53:ERVL:LTR	226	10.9618845557	154	154.00	154	100.00
8Cell_RargKDKO	49347678	Charlie4:hAT-Charlie:DNA	161	11.3686658269	153	160.50	162	99.07
8Cell_RargKDKO	49347678	L1P5:L1:LINE	166	8.94418923037	151	152.07	153	99.39
8Cell_RargKDKO	49347678	RLTR1F_Mm:ERVK:LTR	83	5.38826629678	151	152.93	154	99.31
8Cell_RargKDKO	49347678	MER45C:hAT-Tip100:DNA	290	10.0868914104	148	149.62	150	99.75
8Cell_RargKDKO	49347678	MLT1F1-int:ERVL-MaLR:LTR	89	6.25004027077	148	150.78	152	99.19
8Cell_RargKDKO	49347678	LTR83:ERVL:LTR	161	10.4684672066	147	147.00	147	100.00
8Cell_RargKDKO	49347678	MER126:DNA:DNA	118	11.9237665038	145	147.48	148	99.65
8Cell_RargKDKO	49347678	tRNA-Ala-GCA:tRNA:tRNA	749	22.1279189515	143	145.85	146	99.90
8Cell_RargKDKO	49347678	MamRep1527:LTR:LTR	372	11.1402522937	142	142.02	143	99.31
8Cell_RargKDKO	49347678	RLTR10D2:ERVK:LTR	225	10.5828461643	142	157.72	160	98.58
8Cell_RargKDKO	49347678	IAPEY5_LTR:ERVK:LTR	237	8.88013555671	141	147.05	151	97.39
8Cell_RargKDKO	49347678	MLT1F2-int:ERVL-MaLR:LTR	68	4.65784544885	141	142.38	143	99.57
8Cell_RargKDKO	49347678	LTR89:ERVL?:LTR	146	9.33241257322	139	139.00	139	100.00
8Cell_RargKDKO	49347678	RLTR9A3B:ERVK:LTR	346	9.45874570029	139	143.90	147	97.89
8Cell_RargKDKO	49347678	Charlie26a:hAT-Charlie:DNA	98	9.71667396477	137	137.00	137	100.00
8Cell_RargKDKO	49347678	MER91A:hAT-Tip100:DNA	370	10.988066191	136	136.50	137	99.64
8Cell_RargKDKO	49347678	MamRep38:hAT:DNA	212	11.4665986276	135	141.73	148	95.76
8Cell_RargKDKO	49347678	ORSL-2b:hAT-Tip100:DNA	210	11.2123874659	135	135.82	136	99.87
8Cell_RargKDKO	49347678	L1M3d:L1:LINE	171	10.2521305064	134	150.20	152	98.82
8Cell_RargKDKO	49347678	LTR102_Mam:ERVL:LTR	215	9.71108111167	134	134.50	135	99.63
8Cell_RargKDKO	49347678	MER127:TcMar-Tigger:DNA	119	10.8551563948	134	134.37	137	98.08
8Cell_RargKDKO	49347678	LTR101_Mam:ERVL:LTR	157	9.18801402204	132	133.73	134	99.80
8Cell_RargKDKO	49347678	MER67D:ERV1:LTR	468	8.79789556822	132	147.57	148	99.71
8Cell_RargKDKO	49347678	Tigger12:TcMar-Tigger:DNA	155	10.8665886587	131	132.00	133	99.25
8Cell_RargKDKO	49347678	X3_LINE:RTE-BovB:LINE	260	10.6584146194	131	131.00	132	99.24
8Cell_RargKDKO	49347678	MER47A:TcMar-Tigger:DNA	127	9.1379696402	130	131.29	132	99.46
8Cell_RargKDKO	49347678	RLTR1:ERV1:LTR	62	3.59964452789	128	131.00	131	100.00
8Cell_RargKDKO	49347678	RLTR19A2:ERVK:LTR	94	6.87375334377	126	132.65	138	96.13
8Cell_RargKDKO	49347678	MER113A:hAT-Charlie:DNA	140	9.73609197271	125	125.58	126	99.67
8Cell_RargKDKO	49347678	MER57-int:ERV1:LTR	202	9.29372394327	121	122.00	123	99.19
8Cell_RargKDKO	49347678	HAL1_SS:L1:LINE	79	6.5867205603	119	119.00	119	100.00
8Cell_RargKDKO	49347678	Kanga1a:TcMar-Tc2:DNA	191	9.33714670091	119	119.00	119	100.00
8Cell_RargKDKO	49347678	IAPEY5_I-int:ERVK:LTR	184	5.52440997487	118	132.13	140	94.38
8Cell_RargKDKO	49347678	MamRep1879:hAT-Tip100?:DNA	105	9.77809571874	118	118.50	119	99.58
8Cell_RargKDKO	49347678	MER66-int:ERV1:LTR	23	8.69133584926	117	117.00	117	100.00
8Cell_RargKDKO	49347678	Kanga1d:TcMar-Tc2:DNA	131	9.45754715918	116	116.50	117	99.57
8Cell_RargKDKO	49347678	Charlie7a:hAT-Charlie:DNA	102	9.18222342967	115	115.00	115	100.00
8Cell_RargKDKO	49347678	L1PB4:L1:LINE	144	4.99981200993	114	115.65	116	99.70
8Cell_RargKDKO	49347678	LTR40A1:ERVL:LTR	114	7.06775008599	114	114.50	115	99.57
8Cell_RargKDKO	49347678	RLTR30D_RN:ERV1:LTR	64	4.6793044048	113	113.07	114	99.18
8Cell_RargKDKO	49347678	RLTR44D:ERVK:LTR	100	6.51950014972	112	114.39	117	97.77
8Cell_RargKDKO	49347678	LTR81A:Gypsy:LTR	180	9.43589777518	111	111.00	111	100.00
8Cell_RargKDKO	49347678	MER76:ERVL:LTR	247	7.93351068902	110	110.50	111	99.55
8Cell_RargKDKO	49347678	LTR33B:ERVL:LTR	268	7.74522638909	109	109.50	110	99.55
8Cell_RargKDKO	49347678	L1MEh:L1:LINE	202	10.6062953802	108	108.00	108	100.00
8Cell_RargKDKO	49347678	MER67A:ERV1:LTR	176	8.5858120617	108	108.50	109	99.54
8Cell_RargKDKO	49347678	Tigger11a:TcMar-Tigger:DNA	75	7.03413923411	108	108.50	109	99.54
8Cell_RargKDKO	49347678	Charlie21a:hAT-Charlie:DNA	174	8.22343377579	107	107.49	108	99.52
8Cell_RargKDKO	49347678	MER73:ERVL:LTR	135	6.77006152041	107	108.50	109	99.54
8Cell_RargKDKO	49347678	MADE2:TcMar-Mariner:DNA	208	10.1480665935	106	106.00	106	100.00
8Cell_RargKDKO	49347678	MamRep4096:hAT?:DNA	180	8.72661670339	106	106.98	107	99.98
8Cell_RargKDKO	49347678	X7B_LINE:CR1:LINE	162	6.84339067097	106	112.00	112	100.00
8Cell_RargKDKO	49347678	RLTR50A:ERVK:LTR	85	5.68294004625	104	104.00	104	100.00
8Cell_RargKDKO	49347678	RMER16B3:ERVK:LTR	101	5.74113816016	103	104.17	105	99.21
8Cell_RargKDKO	49347678	tRNA-His-CAY_:tRNA:tRNA	16	33.5575427548	102	211.00	211	100.00
8Cell_RargKDKO	49347678	UCON23:hAT?:DNA	22	5.14534301467	102	102.51	103	99.53
8Cell_RargKDKO	49347678	LTR45C:ERV1:LTR	24	9.34510880714	101	105.00	105	100.00
8Cell_RargKDKO	49347678	Charlie10a:hAT-Charlie:DNA	61	8.27211777094	99	101.86	103	98.90
8Cell_RargKDKO	49347678	MLT1H2-int:ERVL-MaLR:LTR	53	3.66993618255	99	99.50	100	99.50
8Cell_RargKDKO	49347678	MamGypLTR3a:Gypsy:LTR	161	7.19455003355	98	99.08	102	97.14
8Cell_RargKDKO	49347678	LTR82B:ERVL:LTR	290	7.20216414083	97	99.93	103	97.02
8Cell_RargKDKO	49347678	RNERVK23-int:ERVK:LTR	45	3.8587766902	96	96.35	97	99.33
8Cell_RargKDKO	49347678	RLTR9A3A:ERVK:LTR	222	6.17113352847	95	103.40	110	94.00
8Cell_RargKDKO	49347678	L5:RTE-X:LINE	122	6.64695362064	94	99.26	100	99.26
8Cell_RargKDKO	49347678	MER5C1:hAT-Charlie:DNA	75	8.42937421528	94	94.56	95	99.53
8Cell_RargKDKO	49347678	Ricksha_0:MULE-MuDR:DNA	82	5.03364944935	94	95.95	96	99.95
8Cell_RargKDKO	49347678	RLTR30C_MM:ERV1:LTR	124	6.23703766551	93	99.46	98	101.49
8Cell_RargKDKO	49347678	BGLII_C:ERVK:LTR	74	4.94350413694	91	91.01	93	97.86
8Cell_RargKDKO	49347678	Ricksha:MuDR:DNA	85	6.73260356822	91	93.00	94	98.94
8Cell_RargKDKO	49347678	Arthur1A:hAT-Tip100:DNA	148	7.24896933878	90	90.00	90	100.00
8Cell_RargKDKO	49347678	LTR88c:Gypsy?:LTR	118	6.25696984458	90	90.00	90	100.00
8Cell_RargKDKO	49347678	MamGypLTR2b:Gypsy:LTR	109	6.74904709341	90	90.00	90	100.00
8Cell_RargKDKO	49347678	LTR55:ERVL?:LTR	160	7.46222798369	89	94.00	94	100.00
8Cell_RargKDKO	49347678	MER4B-int:ERV1:LTR	52	5.02675410457	88	88.54	89	99.49
8Cell_RargKDKO	49347678	U13_:snRNA:snRNA	19	7.50720766423	85	85.00	85	100.00
8Cell_RargKDKO	49347678	Eulor9A:DNA:DNA	60	6.15150203525	84	84.00	84	100.00
8Cell_RargKDKO	49347678	L1MEg1:L1:LINE	92	4.73484962856	84	85.00	85	100.00
8Cell_RargKDKO	49347678	L1MEg2:L1:LINE	112	6.91824890765	83	83.00	83	100.00
8Cell_RargKDKO	49347678	Tigger17b:TcMar-Tigger:DNA	72	4.71155772947	83	83.00	83	100.00
8Cell_RargKDKO	49347678	MLT1E2-int:ERVL-MaLR:LTR	35	3.97529990007	81	82.30	84	97.97
8Cell_RargKDKO	49347678	Tigger12A:TcMar-Tigger:DNA	86	6.12791689958	81	81.00	81	100.00
8Cell_RargKDKO	49347678	X7A_LINE:CR1:LINE	159	6.45405104828	81	81.00	81	100.00
8Cell_RargKDKO	49347678	LTR106_Mam:LTR:LTR	164	6.69608306741	80	85.10	90	94.56
8Cell_RargKDKO	49347678	LTR52:ERVL:LTR	230	6.84822942368	80	80.50	81	99.38
8Cell_RargKDKO	49347678	tRNA-Ala-GCG:tRNA:tRNA	194	12.812659727	80	83.03	84	98.84
8Cell_RargKDKO	49347678	MamTip3:hAT-Tip100:DNA	180	6.71135727185	79	80.00	81	98.77
8Cell_RargKDKO	49347678	RLTR1E_MM:ERV1:LTR	86	5.34593139745	79	79.00	80	98.75
8Cell_RargKDKO	49347678	tRNA-Leu-TTA:tRNA:tRNA	18	10.5334158176	77	77.00	77	100.00
8Cell_RargKDKO	49347678	LTR69:ERVL:LTR	74	4.23458606623	76	77.00	77	100.00
8Cell_RargKDKO	49347678	LTR84a:ERVL:LTR	136	6.88745070978	76	77.38	78	99.20
8Cell_RargKDKO	49347678	MER70A:ERVL:LTR	184	5.17481286862	76	77.50	78	99.36
8Cell_RargKDKO	49347678	RLTR6C_Mm:ERV1:LTR	102	5.98097863684	76	108.03	120	90.03
8Cell_RargKDKO	49347678	LTR105_Mam:ERVL:LTR	124	6.51252294272	75	75.00	75	100.00
8Cell_RargKDKO	49347678	MER110A:ERV1:LTR	196	6.2062674635	75	75.00	75	100.00
8Cell_RargKDKO	49347678	tRNA-Leu-TTG:tRNA:tRNA	24	9.88262149372	75	75.00	75	100.00
8Cell_RargKDKO	49347678	LTR45:ERV1:LTR	31	3.92925019851	74	74.59	75	99.46
8Cell_RargKDKO	49347678	LTR75B:ERVL:LTR	69	4.92842689442	74	74.46	76	97.98
8Cell_RargKDKO	49347678	MamTip1:hAT-Tip100:DNA	82	5.90056112191	74	74.34	75	99.12
8Cell_RargKDKO	49347678	LTR75:ERVL:LTR	94	5.19591557965	73	74.56	77	96.84
8Cell_RargKDKO	49347678	ORR1G-int:ERVL-MaLR:LTR	70	3.55041960526	73	75.16	79	95.14
8Cell_RargKDKO	49347678	MER50B:ERV1:LTR	14	3.98887640364	71	71.00	71	100.00
8Cell_RargKDKO	49347678	HY1:scRNA:scRNA	38	5.74649333078	70	70.00	70	100.00
8Cell_RargKDKO	49347678	X6A_LINE:CR1:LINE	145	6.35362525975	70	70.00	70	100.00
8Cell_RargKDKO	49347678	tRNA-Ser-AGY:tRNA:tRNA	15	8.37423526017	69	69.00	69	100.00
8Cell_RargKDKO	49347678	LTR86A1:ERVL:LTR	92	4.65200078905	68	69.00	69	100.00
8Cell_RargKDKO	49347678	MER57E1:ERV1:LTR	210	5.36528462814	68	68.00	68	100.00
8Cell_RargKDKO	49347678	MLT1A1-int:ERVL-MaLR:LTR	130	3.91370270559	68	71.03	72	98.65
8Cell_RargKDKO	49347678	Mam_R4:Dong-R4:LINE	138	4.51000874725	67	67.00	67	100.00
8Cell_RargKDKO	49347678	MER96:hAT-Tip100:DNA	104	5.81130817033	67	67.78	68	99.67
8Cell_RargKDKO	49347678	tRNA-Gln-CAG:tRNA:tRNA	25	11.3906035081	67	67.00	67	100.00
8Cell_RargKDKO	49347678	MamGypLTR1b:Gypsy:LTR	141	6.1461859562	66	67.00	67	100.00
8Cell_RargKDKO	49347678	RLTR46A2:ERVK:LTR	58	3.80254514416	66	67.00	67	100.00
8Cell_RargKDKO	49347678	X7C_LINE:CR1:LINE	155	5.32388906955	66	66.00	66	100.00
8Cell_RargKDKO	49347678	HERVL74-int:ERVL:LTR	149	4.48971202523	65	65.00	65	100.00
8Cell_RargKDKO	49347678	MLT1G3-int:ERVL-MaLR:LTR	58	3.88178756861	65	66.00	67	98.51
8Cell_RargKDKO	49347678	tRNA-Leu-CTA_:tRNA:tRNA	4	11.3984266894	65	65.35	66	99.02
8Cell_RargKDKO	49347678	X6B_LINE:CR1:LINE	274	6.13581129802	65	65.00	65	100.00
8Cell_RargKDKO	49347678	MER135:DNA:DNA	287	7.70842041594	64	65.00	66	98.48
8Cell_RargKDKO	49347678	MLT2E:ERVL:LTR	126	3.99170572793	63	63.00	63	100.00
8Cell_RargKDKO	49347678	RLTR46B:ERVK:LTR	73	4.29168805717	63	71.00	71	100.00
8Cell_RargKDKO	49347678	RLTR47_MM:ERV1:LTR	45	3.81644736156	62	79.05	85	93.00
8Cell_RargKDKO	49347678	tRNA-Asp-GAY:tRNA:tRNA	33	9.96786380175	62	68.00	68	100.00
8Cell_RargKDKO	49347678	ERVB4_3-I_MM-int:ERVK:LTR	99	4.34522595774	61	92.36	94	98.25
8Cell_RargKDKO	49347678	L1M3b:L1:LINE	169	4.11084963783	61	61.00	61	100.00
8Cell_RargKDKO	49347678	LTR90A:LTR:LTR	99	5.64176645357	60	60.96	61	99.94
8Cell_RargKDKO	49347678	MamGypLTR1c:Gypsy:LTR	145	4.99078798191	60	60.00	60	100.00
8Cell_RargKDKO	49347678	MER74C:ERVL:LTR	114	4.17233079534	60	60.72	62	97.94
8Cell_RargKDKO	49347678	MER113B:hAT-Charlie:DNA	72	3.86687834191	59	59.00	59	100.00
8Cell_RargKDKO	49347678	Tigger12c:TcMar-Tigger:DNA	97	5.67285573464	59	59.00	59	100.00
8Cell_RargKDKO	49347678	Charlie11:hAT-Charlie:DNA	52	3.0546179265	57	59.00	59	100.00
8Cell_RargKDKO	49347678	RLTR3_Mm:ERVK:LTR	31	4.12651678162	57	77.00	77	100.00
8Cell_RargKDKO	49347678	ERVB4_3-LTR_MM:ERVK:LTR	137	3.25745668402	56	56.70	60	94.50
8Cell_RargKDKO	49347678	L1M3f:L1:LINE	100	3.71234950098	56	58.50	59	99.15
8Cell_RargKDKO	49347678	U13:snRNA:snRNA	13	6.08922901787	56	56.00	56	100.00
8Cell_RargKDKO	49347678	Helitron2Na_Mam:Helitron?:RC?	74	3.64662645933	55	55.00	55	100.00
8Cell_RargKDKO	49347678	LTR28B:ERV1:LTR	144	5.29389471971	55	58.00	59	98.31
8Cell_RargKDKO	49347678	LTR86C:ERVL:LTR	75	3.67852926713	54	54.20	55	98.55
8Cell_RargKDKO	49347678	LTR88b:Gypsy?:LTR	178	4.80063920275	54	54.41	55	98.93
8Cell_RargKDKO	49347678	LTR107_Mam:LTR:LTR	93	5.83164730834	53	53.00	53	100.00
8Cell_RargKDKO	49347678	tRNA-Leu-CTY:tRNA:tRNA	8	15.8246693442	53	88.65	89	99.60
8Cell_RargKDKO	49347678	LTRIS6:ERV1:LTR	149	3.76501965247	52	53.00	56	94.64
8Cell_RargKDKO	49347678	LTR53B:ERVL:LTR	83	2.87423101518	51	51.22	53	96.64
8Cell_RargKDKO	49347678	MMTV-int:ERVK:LTR	35	2.10659322708	51	103.91	105	98.96
8Cell_RargKDKO	49347678	MER34-int:ERV1:LTR	66	3.44645106335	50	51.00	52	98.08
8Cell_RargKDKO	49347678	MER94B:hAT-Blackjack:DNA	86	4.73970953208	50	50.00	50	100.00
8Cell_RargKDKO	49347678	RLTR46A:ERVK:LTR	71	3.20683936477	50	53.65	55	97.55
8Cell_RargKDKO	49347678	tRNA-His-CAY:tRNA:tRNA	1	4.62657031772	50	50.00	50	100.00
8Cell_RargKDKO	49347678	tRNA-Ile-ATT:tRNA:tRNA	40	8.93677696163	50	52.00	52	100.00
8Cell_RargKDKO	49347678	MER50:ERV1:LTR	13	2.2794146259	49	49.00	50	98.00
8Cell_RargKDKO	49347678	Tigger1a_Art:TcMar-Tigger:DNA	37	2.72306938899	49	49.00	49	100.00
8Cell_RargKDKO	49347678	Charlie17a:hAT-Charlie:DNA	63	4.06606600305	47	47.00	47	100.00
8Cell_RargKDKO	49347678	LTR80A:ERVL:LTR	112	3.43044910683	47	47.00	47	100.00
8Cell_RargKDKO	49347678	MER110:ERV1:LTR	147	3.67995692797	46	46.00	46	100.00
8Cell_RargKDKO	49347678	MamGypLTR3:Gypsy:LTR	105	4.94211634797	45	45.00	45	100.00
8Cell_RargKDKO	49347678	MER65D:ERV1:LTR	101	4.50183088419	45	46.00	47	97.87
8Cell_RargKDKO	49347678	MLT1J1-int:ERVL-MaLR:LTR	67	3.0245693596	45	45.50	48	94.79
8Cell_RargKDKO	49347678	tRNA-Ser-TCY:tRNA:tRNA	12	6.15823726455	45	46.00	46	100.00
8Cell_RargKDKO	49347678	MER65-int:ERV1:LTR	49	3.85357903831	44	46.93	48	97.77
8Cell_RargKDKO	49347678	MER97b:hAT-Tip100:DNA	55	2.87234045295	43	46.00	46	100.00
8Cell_RargKDKO	49347678	LTR85c:Gypsy?:LTR	119	3.77728454714	42	42.00	42	100.00
8Cell_RargKDKO	49347678	Charlie14a:hAT-Charlie:DNA	72	2.41231382591	41	41.00	41	100.00
8Cell_RargKDKO	49347678	LTR81C:Gypsy:LTR	99	4.88565039825	41	41.00	41	100.00
8Cell_RargKDKO	49347678	MER88:ERVL:LTR	58	2.79408185293	41	41.00	41	100.00
8Cell_RargKDKO	49347678	ORSL-2a:hAT-Tip100:DNA	69	2.34248241972	41	41.00	41	100.00
8Cell_RargKDKO	49347678	LTR80B:ERVL:LTR	116	3.71955189165	40	42.01	43	97.69
8Cell_RargKDKO	49347678	LTR85b:Gypsy?:LTR	106	3.72567085035	40	40.00	40	100.00
8Cell_RargKDKO	49347678	MER87:ERV1:LTR	46	2.85099216932	40	40.00	40	100.00
8Cell_RargKDKO	49347678	tRNA-Lys-AAA:tRNA:tRNA	22	8.53668832298	40	46.00	46	100.00
8Cell_RargKDKO	49347678	LTR109A2:ERV1:LTR	37	3.45898621977	39	39.00	39	100.00
8Cell_RargKDKO	49347678	LTR16D1:ERVL:LTR	90	2.54863355775	39	39.00	39	100.00
8Cell_RargKDKO	49347678	LTR68:ERV1:LTR	106	3.92733996263	38	38.00	38	100.00
8Cell_RargKDKO	49347678	MER123:DNA:DNA	41	3.57552252233	38	38.00	38	100.00
8Cell_RargKDKO	49347678	MER129:LTR?:LTR?	63	3.50822136849	38	39.00	39	100.00
8Cell_RargKDKO	49347678	Arthur1C:hAT-Tip100:DNA	155	3.0034009939	37	37.76	39	96.82
8Cell_RargKDKO	49347678	tRNA-Ser-TCG:tRNA:tRNA	5	7.1068038757	36	36.00	36	100.00
8Cell_RargKDKO	49347678	Eulor6B:DNA?:DNA?	56	2.5040715657	35	35.00	35	100.00
8Cell_RargKDKO	49347678	LTR86B1:ERVL:LTR	49	3.50374146345	35	35.00	35	100.00
8Cell_RargKDKO	49347678	LTR90B:LTR:LTR	91	3.67601090829	35	35.00	36	97.22
8Cell_RargKDKO	49347678	MLT1I-int:ERVL-MaLR:LTR	57	2.76255031759	34	34.00	34	100.00
8Cell_RargKDKO	49347678	tRNA-Asn-AAC:tRNA:tRNA	27	10.5995900259	34	92.00	92	100.00
8Cell_RargKDKO	49347678	tRNA-Arg-CGY_:tRNA:tRNA	21	6.89277006055	33	33.00	33	100.00
8Cell_RargKDKO	49347678	MLT1A-int:ERVL-MaLR:LTR	123	2.47773354116	31	31.00	31	100.00
8Cell_RargKDKO	49347678	MamGypLTR1a:Gypsy:LTR	137	3.39134407665	30	30.00	30	100.00
8Cell_RargKDKO	49347678	MER51-int:ERV1:LTR	7	1.91416048404	30	30.00	30	100.00
8Cell_RargKDKO	49347678	MER68C:ERVL:LTR	60	2.83699035877	30	30.00	30	100.00
8Cell_RargKDKO	49347678	X2_LINE:CR1:LINE	32	2.61200063577	30	30.00	30	100.00
8Cell_RargKDKO	49347678	Charlie10b:hAT-Charlie:DNA	48	3.01846305866	29	29.00	29	100.00
8Cell_RargKDKO	49347678	MER110-int:ERV1:LTR	38	1.95369905206	29	29.01	31	93.60
8Cell_RargKDKO	49347678	Ricksha:MULE-MuDR:DNA	60	2.03171049143	29	29.50	30	98.33
8Cell_RargKDKO	49347678	tRNA-Val-GTY:tRNA:tRNA	18	4.13926498229	29	29.00	29	100.00
8Cell_RargKDKO	49347678	Helitron1Na_Mam:Helitron:RC	62	1.43678793251	28	28.00	28	100.00
8Cell_RargKDKO	49347678	LTR81:Gypsy:LTR	70	2.58949010977	28	28.00	28	100.00
8Cell_RargKDKO	49347678	MER92D:ERV1:LTR	70	2.64533674197	28	29.58	30	98.60
8Cell_RargKDKO	49347678	tRNA-Cys-TGY:tRNA:tRNA	89	5.96043645407	28	30.00	30	100.00
8Cell_RargKDKO	49347678	X5B_LINE:CR1:LINE	79	2.99979505356	28	28.50	29	98.28
8Cell_RargKDKO	49347678	LTR108e_Mam:ERVL:LTR	36	2.34250032118	27	27.00	27	100.00
8Cell_RargKDKO	49347678	MamRep1894:hAT:DNA	36	2.13474689093	27	27.00	27	100.00
8Cell_RargKDKO	49347678	tRNA-Lys-AAG:tRNA:tRNA	184	3.34137877206	27	28.47	29	98.18
8Cell_RargKDKO	49347678	LTR91:ERVL:LTR	57	2.20140642018	26	26.00	26	100.00
8Cell_RargKDKO	49347678	MERX:TcMar-Tigger:DNA	64	2.24672017301	26	26.00	26	100.00
8Cell_RargKDKO	49347678	Eulor2B:DNA?:DNA?	42	2.38560580163	25	25.00	25	100.00
8Cell_RargKDKO	49347678	MamGypLTR1d:Gypsy:LTR	116	2.58115097523	25	25.50	26	98.08
8Cell_RargKDKO	49347678	L1M3a:L1:LINE	120	2.03975433001	24	24.25	25	97.00
8Cell_RargKDKO	49347678	LTR86A2:ERVL:LTR	79	2.67544360108	24	31.51	34	92.67
8Cell_RargKDKO	49347678	MER92A:ERV1:LTR	37	1.51298855405	24	24.50	25	98.00
8Cell_RargKDKO	49347678	Eulor12:DNA?:DNA?	35	2.23026340276	23	23.00	23	100.00
8Cell_RargKDKO	49347678	FAM:Alu:SINE	117	2.51601150029	23	23.00	23	100.00
8Cell_RargKDKO	49347678	LTR108b_Mam:ERVL:LTR	19	2.25970902651	23	23.00	23	100.00
8Cell_RargKDKO	49347678	Ricksha_a:MuDR:DNA	11	1.19620212912	23	23.00	23	100.00
8Cell_RargKDKO	49347678	RLTR19D:ERVK:LTR	64	2.49114841855	23	33.23	34	97.73
8Cell_RargKDKO	49347678	DNA1_Mam:TcMar:DNA	45	2.59852338155	22	22.00	22	100.00
8Cell_RargKDKO	49347678	Eulor2A:DNA?:DNA?	41	2.25987946984	22	22.00	22	100.00
8Cell_RargKDKO	49347678	Eulor6D:DNA?:DNA?	47	1.75547664897	22	22.00	22	100.00
8Cell_RargKDKO	49347678	LTR16D2:ERVL:LTR	65	2.41011071527	22	22.50	23	97.83
8Cell_RargKDKO	49347678	LTR9A1:ERV1:LTR	11	1.6538527421	22	22.42	23	97.47
8Cell_RargKDKO	49347678	MER134:DNA?:DNA?	53	1.52006608049	22	22.00	22	100.00
8Cell_RargKDKO	49347678	nhAT5a_ML:hAT-Charlie:DNA	4	1.25582060793	22	22.00	22	100.00
8Cell_RargKDKO	49347678	RLTR9A4:ERVK:LTR	35	1.03219944119	22	22.00	22	100.00
8Cell_RargKDKO	49347678	Cheshire_Mars:hAT-Charlie:DNA	3	0.955151383698	21	21.00	21	100.00
8Cell_RargKDKO	49347678	Eulor11:DNA:DNA	49	2.23847754128	21	21.00	21	100.00
8Cell_RargKDKO	49347678	Eulor8:TcMar?:DNA	110	1.95016687084	21	21.00	21	100.00
8Cell_RargKDKO	49347678	LTR88a:Gypsy?:LTR	64	1.91330048484	21	21.00	21	100.00
8Cell_RargKDKO	49347678	MER50-int:ERV1:LTR	14	2.28586819789	21	21.00	21	100.00
8Cell_RargKDKO	49347678	MER92C:ERV1:LTR	72	1.51339051601	21	22.89	25	91.57
8Cell_RargKDKO	49347678	tRNA-Leu-CTA:tRNA:tRNA	3	4.06390383124	21	21.00	21	100.00
8Cell_RargKDKO	49347678	MER57E2:ERV1:LTR	62	1.7341720866	20	21.00	22	95.45
8Cell_RargKDKO	49347678	MER72B:ERV1:LTR	74	1.25156299037	20	20.00	20	100.00
8Cell_RargKDKO	49347678	MER95:ERV1:LTR	54	1.36310780612	20	20.62	21	98.21
8Cell_RargKDKO	49347678	L1M2b:L1:LINE	16	1.4000842976	19	19.00	19	100.00
8Cell_RargKDKO	49347678	MER97c:hAT-Tip100:DNA	64	1.88709754739	19	19.00	19	100.00
8Cell_RargKDKO	49347678	tRNA-Val-GTA:tRNA:tRNA	13	3.85669680148	19	19.00	19	100.00
8Cell_RargKDKO	49347678	Eulor9C:DNA:DNA	71	1.80245434278	18	18.00	18	100.00
8Cell_RargKDKO	49347678	Ricksha_a:MULE-MuDR:DNA	30	1.37460078624	18	18.00	18	100.00
8Cell_RargKDKO	49347678	tRNA-Arg-AGG:tRNA:tRNA	18	3.38809676548	18	18.00	18	100.00
8Cell_RargKDKO	49347678	MER97a:hAT-Tip100:DNA	53	1.39326312364	17	17.00	17	100.00
8Cell_RargKDKO	49347678	tRNA-Ser-TCA(m):tRNA:tRNA	4	2.42750361358	17	23.00	23	100.00
8Cell_RargKDKO	49347678	MER89-int:ERV1:LTR	98	1.22700946506	16	16.00	16	100.00
8Cell_RargKDKO	49347678	MLT1G-int:ERVL-MaLR:LTR	39	1.32288672463	16	16.00	17	94.12
8Cell_RargKDKO	49347678	MLT1N2-int:ERVL-MaLR:LTR	3	0.416646854365	16	16.14	17	94.94
8Cell_RargKDKO	49347678	LTR28:ERV1:LTR	10	1.63467235157	15	15.00	15	100.00
8Cell_RargKDKO	49347678	MamGypLTR2c:Gypsy:LTR	110	1.69562690959	15	15.00	15	100.00
8Cell_RargKDKO	49347678	MamRep488:hAT-Tip100:DNA	29	1.52257914268	15	15.00	15	100.00
8Cell_RargKDKO	49347678	MLT1G1-int:ERVL-MaLR:LTR	51	1.33894625958	15	16.00	16	100.00
8Cell_RargKDKO	49347678	RLTR12F:ERVK:LTR	60	1.30486835198	15	15.00	15	100.00
8Cell_RargKDKO	49347678	Cheshire_Mars_:hAT-Charlie:DNA	6	0.945351748336	14	14.00	14	100.00
8Cell_RargKDKO	49347678	LTR39:ERV1:LTR	11	0.720054040311	14	14.00	14	100.00
8Cell_RargKDKO	49347678	LTR86B2:ERVL:LTR	36	1.32161513579	14	14.00	14	100.00
8Cell_RargKDKO	49347678	MARINER1_EC:TcMar-Tigger:DNA	2	1.82272182993	14	14.00	14	100.00
8Cell_RargKDKO	49347678	RLTR46:ERVK:LTR	46	0.972607529021	14	14.00	14	100.00
8Cell_RargKDKO	49347678	tRNA-Ala-GCY:tRNA:tRNA	12	2.26135901627	14	14.00	14	100.00
8Cell_RargKDKO	49347678	tRNA-Leu-CTG:tRNA:tRNA	16	10.5758127724	14	59.00	59	100.00
8Cell_RargKDKO	49347678	LTR108a_Mam:ERVL:LTR	39	0.963876104801	13	13.00	13	100.00
8Cell_RargKDKO	49347678	LTR32:ERVL:LTR	9	1.01854780606	13	13.00	13	100.00
8Cell_RargKDKO	49347678	MER125:DNA:DNA	111	1.60059439629	13	13.00	13	100.00
8Cell_RargKDKO	49347678	tRNA-Met-i:tRNA:tRNA	19	2.67816796355	13	13.00	13	100.00
8Cell_RargKDKO	49347678	tRNA-Thr-ACY:tRNA:tRNA	14	2.66097892819	13	13.00	13	100.00
8Cell_RargKDKO	49347678	X9_LINE:L1?:LINE	52	1.44604943515	12	12.00	12	100.00
8Cell_RargKDKO	49347678	FordPrefect_a:hAT-Tip100:DNA	60	1.28060575761	11	11.00	15	73.33
8Cell_RargKDKO	49347678	LTR52-int:ERVL:LTR	50	0.695737989386	11	11.00	11	100.00
8Cell_RargKDKO	49347678	MER97d:hAT-Tip100:DNA	28	1.08778476039	11	11.00	11	100.00
8Cell_RargKDKO	49347678	tRNA-Trp-TGG:tRNA:tRNA	16	1.75070369863	11	11.00	11	100.00
8Cell_RargKDKO	49347678	X5A_LINE:CR1:LINE	69	0.939257161207	11	11.00	11	100.00
8Cell_RargKDKO	49347678	LTR103_Mam:ERV1?:LTR	58	1.19773850968	10	10.00	10	100.00
8Cell_RargKDKO	49347678	MER91C:hAT-Tip100:DNA	110	1.33143973329	10	10.00	10	100.00
8Cell_RargKDKO	49347678	LTR29:ERV1:LTR	34	1.04815748232	9	9.00	9	100.00
8Cell_RargKDKO	49347678	LTR75_1:ERV1:LTR	9	0.476186428001	9	9.00	9	100.00
8Cell_RargKDKO	49347678	LTR77:ERV1:LTR	38	0.888568601969	9	9.00	9	100.00
8Cell_RargKDKO	49347678	MLT1L-int:ERVL-MaLR:LTR	13	0.564564771462	9	9.00	9	100.00
8Cell_RargKDKO	49347678	Ricksha_c:MuDR:DNA	26	0.91385893165	9	9.00	9	100.00
8Cell_RargKDKO	49347678	tRNA-Pro-CCY:tRNA:tRNA	29	1.25735072479	9	9.00	9	100.00
8Cell_RargKDKO	49347678	MER70-int:ERVL:LTR	56	0.704097289325	8	10.00	10	100.00
8Cell_RargKDKO	49347678	MLT1E1A-int:ERVL-MaLR:LTR	28	0.661367860331	8	10.00	10	100.00
8Cell_RargKDKO	49347678	tRNA-Gly-GGY:tRNA:tRNA	52	12.1271062351	8	75.00	74	101.35
8Cell_RargKDKO	49347678	tRNA-Phe-TTY:tRNA:tRNA	47	1.79166564077	8	8.00	8	100.00
8Cell_RargKDKO	49347678	tRNA-Pro-CCG:tRNA:tRNA	4	1.55879830705	8	8.00	8	100.00
8Cell_RargKDKO	49347678	tRNA-Thr-ACA:tRNA:tRNA	17	1.25477684452	8	8.00	8	100.00
8Cell_RargKDKO	49347678	UCON13:Penelope?:LINE?	42	0.960417777347	8	8.00	8	100.00
8Cell_RargKDKO	49347678	ERVB4_1-LTR_MM:ERVK:LTR	21	0.406123696855	7	7.00	7	100.00
8Cell_RargKDKO	49347678	Eulor1:DNA:DNA	56	0.849060028929	7	7.50	8	93.75
8Cell_RargKDKO	49347678	Eulor6A:DNA?:DNA?	21	0.593570246403	7	7.00	7	100.00
8Cell_RargKDKO	49347678	LTR108c_Mam:ERVL:LTR	15	0.204986482574	7	7.00	7	100.00
8Cell_RargKDKO	49347678	LTR34:ERV1:LTR	8	0.601080960396	7	7.00	7	100.00
8Cell_RargKDKO	49347678	LTR59:ERV1:LTR	8	0.730167774481	7	7.00	7	100.00
8Cell_RargKDKO	49347678	tRNA-Glu-GAG_:tRNA:tRNA	39	10.8748347183	7	75.00	74	101.35
8Cell_RargKDKO	49347678	tRNA-Val-GTG:tRNA:tRNA	25	1.26976110811	7	7.00	7	100.00
8Cell_RargKDKO	49347678	UCON14:DNA?:DNA?	66	0.98369559774	7	7.00	7	100.00
8Cell_RargKDKO	49347678	X1_LINE:CR1:LINE	40	0.946577656521	7	7.00	7	100.00
8Cell_RargKDKO	49347678	C573_MM:Other:Other	1738	0.948445334884	6	12.00	12	100.00
8Cell_RargKDKO	49347678	Eulor2C:DNA?:DNA?	24	0.884390379702	6	6.00	6	100.00
8Cell_RargKDKO	49347678	Eulor5B:DNA?:DNA?	37	0.558177078348	6	6.00	6	100.00
8Cell_RargKDKO	49347678	HY4:scRNA:scRNA	3	0.550164108369	6	6.00	6	100.00
8Cell_RargKDKO	49347678	L1M6B:L1:LINE	43	0.50923365282	6	6.00	6	100.00
8Cell_RargKDKO	49347678	MER96B:hAT:DNA	8	0.48557836911	6	6.00	6	100.00
8Cell_RargKDKO	49347678	MLT1J2-int:ERVL-MaLR:LTR	27	0.430277389263	6	6.00	6	100.00
8Cell_RargKDKO	49347678	tRNA-Gln-CAA:tRNA:tRNA	14	1.15851066631	6	6.00	6	100.00
8Cell_RargKDKO	49347678	tRNA-Thr-ACG:tRNA:tRNA	3	1.20157369502	6	6.00	6	100.00
8Cell_RargKDKO	49347678	UCON7:DNA?:DNA?	99	0.410646052868	6	6.00	6	100.00
8Cell_RargKDKO	49347678	Eulor3:DNA?:DNA?	28	0.675479266387	5	5.00	5	100.00
8Cell_RargKDKO	49347678	LTR9:ERV1:LTR	13	0.4318328725	5	5.00	5	100.00
8Cell_RargKDKO	49347678	tRNA-Met:tRNA:tRNA	21	1.22677403579	5	5.00	5	100.00
8Cell_RargKDKO	49347678	tRNA-Pro-CCA:tRNA:tRNA	10	0.920325565316	5	5.00	5	100.00
8Cell_RargKDKO	49347678	tRNA-Ser-TCA_:tRNA:tRNA	3	0.534265328127	5	5.00	6	83.33
8Cell_RargKDKO	49347678	tRNA-Thr-ACY_:tRNA:tRNA	15	0.929558623468	5	5.00	5	100.00
8Cell_RargKDKO	49347678	Eulor10:DNA?:DNA?	29	0.332202917895	4	4.00	4	100.00
8Cell_RargKDKO	49347678	L1M2a1:L1:LINE	11	0.509795672745	4	4.00	4	100.00
8Cell_RargKDKO	49347678	MER66B:ERV1:LTR	7	0.583252469627	4	4.00	4	100.00
8Cell_RargKDKO	49347678	MLT1E-int:ERVL-MaLR:LTR	9	0.540383413109	4	4.00	4	100.00
8Cell_RargKDKO	49347678	RMER3D1:ERVK:LTR	1	0.419987108634	4	4.00	4	100.00
8Cell_RargKDKO	49347678	tRNA-Arg-CGG:tRNA:tRNA	3	0.854037113062	4	4.00	4	100.00
8Cell_RargKDKO	49347678	tRNA-Gly-GGA:tRNA:tRNA	86	5.9493416938	4	40.00	40	100.00
8Cell_RargKDKO	49347678	tRNA-Ser-TCA:tRNA:tRNA	1	0.540383413109	4	4.00	4	100.00
8Cell_RargKDKO	49347678	HUERS-P3b-int:ERV1:LTR	3	0.384766670727	3	3.00	3	100.00
8Cell_RargKDKO	49347678	LTR108d_Mam:ERVL:LTR	30	0.393240795846	3	3.00	3	100.00
8Cell_RargKDKO	49347678	LTR58:ERV1:LTR	9	0.406194243411	3	3.00	3	100.00
8Cell_RargKDKO	49347678	LTR9D:ERV1:LTR	11	0.318288659554	3	3.00	3	100.00
8Cell_RargKDKO	49347678	RMER3D3:ERVK:LTR	8	0.174192360959	3	3.00	3	100.00
8Cell_RargKDKO	49347678	tRNA-Arg-CGA_:tRNA:tRNA	2	0.527247420239	3	3.00	3	100.00
8Cell_RargKDKO	49347678	tRNA-Met_:tRNA:tRNA	46	0.503115591516	3	3.00	3	100.00
8Cell_RargKDKO	49347678	U7:snRNA:snRNA	49	0.528635947607	3	3.00	3	100.00
8Cell_RargKDKO	49347678	Eulor6E:DNA?:DNA?	18	0.270191706555	2	2.00	2	100.00
8Cell_RargKDKO	49347678	Eulor9B:DNA:DNA	14	0.270191706555	2	2.00	2	100.00
8Cell_RargKDKO	49347678	LTR36:ERV1:LTR	5	0.199649044252	2	2.00	2	100.00
8Cell_RargKDKO	49347678	MamRep137:TcMar?:DNA	4	0.270191706555	2	2.00	2	100.00
8Cell_RargKDKO	49347678	MER101B:ERV1:LTR	21	0.270191706555	2	2.00	2	100.00
8Cell_RargKDKO	49347678	MER66C:ERV1:LTR	19	0.271098390134	2	2.00	2	100.00
8Cell_RargKDKO	49347678	MER83B-int:ERV1:LTR	9	0.101549910001	2	2.00	2	100.00
8Cell_RargKDKO	49347678	MLT1E3-int:ERVL-MaLR:LTR	12	0.144745557083	2	2.00	2	100.00
8Cell_RargKDKO	49347678	tRNA-Arg-AGA:tRNA:tRNA	30	0.270191706555	2	2.00	2	100.00
8Cell_RargKDKO	49347678	tRNA-Thr-ACG_:tRNA:tRNA	20	0.281918116556	2	2.00	2	100.00
8Cell_RargKDKO	49347678	Eulor6C:DNA?:DNA?	15	0.107218931173	1	1.00	1	100.00
8Cell_RargKDKO	49347678	Eulor7:DNA?:DNA?	4	0.118505134454	1	1.00	1	100.00
8Cell_RargKDKO	49347678	LTR23-int:ERV1:LTR	11	0.101831045184	1	1.00	1	100.00
8Cell_RargKDKO	49347678	MER132:TcMar-Pogo:DNA	21	0.135095853277	1	1.00	1	100.00
8Cell_RargKDKO	49347678	MER133B:DNA?:DNA?	22	0.135095853277	1	1.00	1	100.00
8Cell_RargKDKO	49347678	MER136:DNA:DNA	23	0.0693985547658	1	1.00	1	100.00
8Cell_RargKDKO	49347678	MER49:ERV1:LTR	7	0.14900277935	1	1.00	1	100.00
8Cell_RargKDKO	49347678	MLT1O-int:ERVL-MaLR:LTR	2	0.134201178752	1	1.00	1	100.00
8Cell_RargKDKO	49347678	Ricksha_0:MuDR:DNA	29	0.101831045184	1	1.00	1	100.00
8Cell_RargKDKO	49347678	Ricksha_b:MuDR:DNA	2	0.137852911508	1	1.00	1	100.00
8Cell_RargKDKO	49347678	Ricksha_b:MULE-MuDR:DNA	6	0.337739633193	1	2.50	4	62.50
8Cell_RargKDKO	49347678	RNLTR23:ERVK:LTR	5	0.135095853277	1	1.00	1	100.00
8Cell_RargKDKO	49347678	Charlie1b_Mars:hAT-Charlie:DNA	2	0	0	0.00	0	NA
8Cell_RargKDKO	49347678	HERVL32-int:ERVL:LTR	1	0	0	0.00	0	NA
8Cell_RargKDKO	49347678	HY5:scRNA:scRNA	1	0	0	0.00	0	NA
8Cell_RargKDKO	49347678	LTR27C:ERV1:LTR	7	0	0	0.00	0	NA
8Cell_RargKDKO	49347678	LTR44:ERV1:LTR	3	0	0	0.00	0	NA
8Cell_RargKDKO	49347678	LTR64:ERV1:LTR	8	0	0	0.00	0	NA
8Cell_RargKDKO	49347678	MamRep1161:TcMar:DNA	7	0	0	0.00	0	NA
8Cell_RargKDKO	49347678	MER133A:DNA?:DNA?	35	0	0	0.00	0	NA
8Cell_RargKDKO	49347678	MER47C:TcMar-Tigger:DNA	14	0	0	0.00	0	NA
8Cell_RargKDKO	49347678	MER4CL34:ERV1:LTR	6	0	0	0.00	0	NA
8Cell_RargKDKO	49347678	MER57E3:ERV1:LTR	4	0	0	0.00	0	NA
8Cell_RargKDKO	49347678	MER66A:ERV1:LTR	5	0	0	0.00	0	NA
8Cell_RargKDKO	49347678	MER72:ERV1:LTR	9	0	0	0.00	0	NA
8Cell_RargKDKO	49347678	MER76-int:ERVL:LTR	16	0	0	0.00	0	NA
8Cell_RargKDKO	49347678	MER83A-int:ERV1:LTR	1	0	0	0.00	0	NA
8Cell_RargKDKO	49347678	MLT1E1-int:ERVL-MaLR:LTR	8	0	0	0.00	0	NA
8Cell_RargKDKO	49347678	MLT1K-int:ERVL-MaLR:LTR	8	0	0	0.00	0	NA
8Cell_RargKDKO	49347678	RLTR43A:ERVK:LTR	3	0	0	0.00	0	NA
8Cell_RargKDKO	49347678	RLTR43B:ERVK:LTR	1	0	0	0.00	0	NA
8Cell_RargKDKO	49347678	RMER3D2:ERVK:LTR	3	0	0	0.00	0	NA
8Cell_RargKDKO	49347678	RMER3D4:ERVK:LTR	2	0	0	0.00	0	NA
8Cell_RargKDKO	49347678	Tigger1a_Mars:TcMar-Tigger:DNA	2	0	0	0.00	0	NA
8Cell_RargKDKO	49347678	tRNA-Arg-CGA:tRNA:tRNA	3	0	0	0.00	0	NA
8Cell_RargKDKO	49347678	tRNA-Gln-CAA_:tRNA:tRNA	4	0	0	0.00	0	NA
8Cell_RargKDKO	49347678	tRNA-Glu-GAA:tRNA:tRNA	9	2.25159755462	0	15.00	15	100.00
8Cell_RargKDKO	49347678	tRNA-Glu-GAG:tRNA:tRNA	6	0	0	0.00	0	NA
8Cell_RargKDKO	49347678	tRNA-Gly-GGG:tRNA:tRNA	24	0	0	0.00	0	NA
8Cell_RargKDKO	49347678	tRNA-Leu-TTA(m):tRNA:tRNA	1	0	0	0.00	0	NA
8Cell_RargKDKO	49347678	tRNA-Tyr-TAT:tRNA:tRNA	3	0	0	0.00	0	NA
8Cell_RargKDKO	49347678	UCON21:DNA?:DNA?	23	0	0	0.00	0	NA
8Cell_RargKDKO	49347678	X7D_LINE:CR1:LINE	10	0	0	0.00	0	NA
