chr3	131248860	131249860	98	88	186	0.153623189113212
chr3	138142860	138143860	66	40	106	0.708537185839688
chr4	14855986	14856986	66	58	124	0.183446141095931
chr4	19619986	19620986	88	78	166	0.171952682789295
chr18	20187986	20188986	50	70	120	0.477321777533187
chr18	21210986	21211986	48	98	146	1.0146467759644
chr18	21211986	21212986	48	70	118	0.535037275389474
chr18	21214986	21215986	92	40	132	1.18160680648995
chr1	151306846	151307846	84	82	166	0.0343515047907772
chr1	151342846	151343846	54	70	124	0.368387405980022
chr1	151343846	151344846	66	84	150	0.34330174567993
chr1	151556846	151557846	90	72	162	0.317970081318679
chr1	152039846	152040846	58	72	130	0.307181509518176
chr1	152778846	152779846	50	56	106	0.160464672193246
chr1	152786846	152787846	60	52	112	0.202816882999688
chr1	152789846	152790846	120	20	140	2.52654581449583
chr1	152790846	152791846	136	38	174	1.81262986409828
chr1	152793846	152794846	74	58	132	0.346175641134039
chr1	152914846	152915846	64	36	100	0.812914447399504
chr1	152915846	152916846	96	94	190	0.03005723385618
chr1	152916846	152917846	150	154	304	0.037719665949159
chr1	153008846	153009846	62	44	106	0.485426827170242
chr1	155437846	155438846	106	98	204	0.112110366321537
chr2	170204818	170205818	32	76	108	1.22239242133645
chr2	170227818	170228818	72	54	126	0.408464845355358
chr2	171718818	171719818	38	94	132	1.2844533894687
chr2	172526818	172527818	72	34	106	1.06054154193505
chr2	172529818	172530818	50	50	100	0
chr2	173977818	173978818	122	166	288	0.441189787134812
chr2	173980818	173981818	56	104	160	0.881355503501381
chr2	177072818	177073818	12	100	112	2.9577717646107
chr2	180219818	180220818	58	50	108	0.210217707390346
chr2	180235818	180236818	56	58	114	0.0497530351971003
chr2	180237818	180238818	70	50	120	0.477321777533187
chr3	27152972	27153972	76	72	148	0.0769619818148835
chr3	27153972	27154972	118	84	202	0.485426827170242
chr3	27154972	27155972	58	54	112	0.101283335837182
chr3	30994972	30995972	46	68	114	0.553935605100532
chr3	32531972	32532972	64	48	112	0.407657968913246
chr3	37673972	37674972	44	58	102	0.390789953032167
chr8	68278930	68279930	72	54	126	0.408464845355358
chr8	71569930	71570930	56	62	118	0.144389909335175
chr8	73377930	73378930	28	88	116	1.61775243583883
chr1	164007832	164008832	66	66	132	0
chr1	164457832	164458832	52	50	102	0.0554951125917036
chr1	165460832	165461832	60	40	100	0.573185332944803
chr7	43449958	43450958	50	60	110	0.258311995591392
chr7	44985958	44986958	64	42	106	0.596103058326357
chr7	45037958	45038958	104	62	166	0.736965594166206
chr7	45153958	45154958	40	64	104	0.664815808410371
chr7	45154958	45155958	44	82	126	0.88318633501725
chr7	45311958	45312958	82	68	150	0.266514974568755
chr7	45312958	45313958	66	72	138	0.123735368422246
chr7	45601958	45602958	70	58	128	0.267104070142841
chr4	53011944	53012944	62	44	106	0.485426827170242
chr4	53413944	53414944	60	92	152	0.608421473545144
chr4	53416944	53417944	48	100	148	1.04350163863659
chr4	53435944	53436944	38	76	114	0.981384321832652
chr4	53451944	53452944	72	62	134	0.212544635380101
chr4	53452944	53453944	52	78	130	0.575860293613904
chr4	56857944	56858944	78	52	130	0.575860293613904
chr4	56858944	56859944	62	52	114	0.249359468936718
chr4	56984944	56985944	68	52	120	0.38060400221497
chr4	57278944	57279944	54	50	104	0.108934371553165
chr4	57289944	57290944	66	38	104	0.780686971595523
chr4	57331944	57332944	56	74	130	0.395928676331139
chr4	57827944	57828944	38	72	110	0.904422340017769
chr4	57828944	57829944	62	62	124	0
chr4	57829944	57830944	64	44	108	0.53051471669878
chr4	58505944	58506944	74	56	130	0.395928676331139
chr4	59117944	59118944	64	36	100	0.812914447399504
chr4	59172944	59173944	68	32	100	1.06413033741972
chr4	59449944	59450944	86	64	150	0.420575682820274
chr4	59450944	59451944	68	54	122	0.327164743253509
chr4	59522944	59523944	58	54	112	0.101283335837182
chr4	59859944	59860944	74	38	112	0.943416471633632
chr5	5370000	5371000	84	28	112	1.55140994101013
chr11	20018986	20019986	30	74	104	1.27462238010901
chr11	20163986	20164986	50	52	102	0.0554951125917036
chr11	20200986	20201986	50	54	104	0.108934371553165
chr11	22154986	22155986	56	68	124	0.275634442613428
chr11	22155986	22156986	66	66	132	0
chr11	23066986	23067986	52	70	122	0.421826664941483
chr11	23079986	23080986	80	20	100	1.94753258010586
chr11	23095986	23096986	86	52	138	0.715023041285529
chr11	23801986	23802986	54	102	156	0.905140813658559
chr1	9768000	9769000	82	56	138	0.542149417182183
chr4	98845902	98846902	52	52	104	0
chr4	98846902	98847902	64	56	120	0.189477798863713
chr4	99197902	99198902	60	66	126	0.135351852894885
chr4	101646902	101647902	58	66	124	0.183446141095931
chr4	101882902	101883902	70	42	112	0.723482364802584
chr4	101892902	101893902	50	58	108	0.210217707390346
chr4	101893902	101894902	62	46	108	0.422691071822279
chr4	101971902	101972902	84	62	146	0.432111012637785
chr4	101996902	101997902	74	38	112	0.943416471633632
chr4	101997902	101998902	86	62	148	0.465663572348811
chr3	9037000	9038000	84	60	144	0.478653598574815
chr3	9049000	9050000	56	68	124	0.275634442613428
chr3	9113000	9114000	48	56	104	0.218180170049533
chr3	9695000	9696000	74	60	134	0.298081352932994
chr3	10305000	10306000	58	48	106	0.267933205246633
chr13	40566958	40567958	30	82	112	1.42084312096005
chr13	40567958	40568958	32	98	130	1.58496250072116
chr13	40666958	40667958	52	52	104	0
chr13	40671958	40672958	62	106	168	0.76418706290123
chr13	43316958	43317958	16	84	100	2.32192809488736
chr13	43537958	43538958	66	36	102	0.856635824828822
chr13	45097958	45098958	56	76	132	0.43389652653016
chr13	49711958	49712958	80	62	142	0.362570079384708
chr13	51623958	51624958	46	60	106	0.376148485885249
chr13	51738958	51739958	54	52	106	0.0534392589614612
chr1	56952944	56953944	126	80	206	0.648834683887541
chr1	56953944	56954944	76	92	168	0.27237227041313
chr1	58366944	58367944	40	60	100	0.573185332944803
chr1	59720944	59721944	50	52	102	0.0554951125917036
chr1	60571944	60572944	76	68	144	0.158262083916732
chr1	60572944	60573944	88	100	188	0.182478051785397
chr1	62397944	62398944	82	98	180	0.254317188732685
chr1	63137944	63138944	74	54	128	0.447458976971221
chr7	60189944	60190944	66	68	134	0.0424352663203971
chr18	64988930	64989930	64	58	122	0.139724763666613
chr18	64989930	64990930	74	52	126	0.500898235932682
chr18	65035930	65036930	62	42	104	0.551015168797819
chr18	65577930	65578930	62	66	128	0.0888092669578553
chr18	74386930	74387930	92	44	136	1.04730571477836
chr18	74387930	74388930	78	26	104	1.54889324601363
chr18	74738930	74739930	44	56	100	0.341036917835067
chr18	74739930	74740930	56	54	110	0.0515303006400814
chr18	74740930	74741930	66	42	108	0.639824435755674
chr18	75493930	75494930	44	60	104	0.438884241233212
chr18	77848930	77849930	80	68	148	0.231325546106455
chr13	119613874	119614874	94	16	110	2.48239276708061
chr2	84714916	84715916	50	74	124	0.556393348524385
chr2	87479916	87480916	50	56	106	0.160464672193246
chr2	87480916	87481916	60	50	110	0.258311995591392
chr2	87499916	87500916	62	56	118	0.144389909335175
chr2	87500916	87501916	82	72	154	0.185214872466907
chr2	87501916	87502916	58	62	120	0.0946368741380752
chr2	87505916	87506916	56	62	118	0.144389909335175
chr2	87514916	87515916	70	44	114	0.657894023175007
chr2	87515916	87516916	110	46	156	1.23982701467247
chr2	90638916	90639916	70	54	124	0.368387405980022
chr2	90639916	90640916	62	60	122	0.0465425859370301
chr17	65671930	65672930	48	90	138	0.893084796083488
chr17	65884930	65885930	50	52	102	0.0554951125917036
chr17	67758930	67759930	72	96	168	0.41008828330711
chr17	69464930	69465930	64	64	128	0
chr17	69465930	69466930	46	64	110	0.467778961350817
chr17	70747930	70748930	60	52	112	0.202816882999688
chr17	70865930	70866930	60	48	108	0.316027493447678
chr17	70962930	70963930	6	112	118	4.01282404035758
chr17	70985930	70986930	108	94	202	0.198328716445978
chr17	70989930	70990930	62	40	102	0.619727918881833
chr17	71001930	71002930	74	80	154	0.111031312388744
chr17	74526930	74527930	54	62	116	0.195920209975257
chr16	91728902	91729902	60	54	114	0.149377624038227
chr16	92399902	92400902	72	46	118	0.63523570720238
chr16	92661902	92662902	112	140	252	0.319372389983606
chr16	92662902	92663902	60	86	146	0.512206158285841
chr16	95916902	95917902	50	62	112	0.304854581528422
chr16	96082902	96083902	78	84	162	0.105610187960599
chr16	98081902	98082902	54	50	104	0.108934371553165
chr19	53021944	53022944	60	66	126	0.135351852894885
chr19	53022944	53023944	56	62	118	0.144389909335175
chr19	53889944	53890944	58	44	102	0.390789953032167
chr19	53943944	53944944	28	74	102	1.37083769536831
chr19	56561944	56562944	58	70	128	0.267104070142841
chr6	94060902	94061902	52	88	140	0.747812976403199
chr6	94717902	94718902	82	74	156	0.146220740851044
chr6	95717902	95718902	80	34	114	1.21056698593966
chr6	97293902	97294902	44	58	102	0.390789953032167
chr6	97304902	97305902	60	46	106	0.376148485885249
chr6	97318902	97319902	56	86	142	0.610053481683987
chr6	100451902	100452902	42	66	108	0.639824435755674
chr3	65474930	65475930	36	86	122	1.23349013021978
chr3	65475930	65476930	56	66	122	0.233199176293031
chr3	65476930	65477930	72	54	126	0.408464845355358
chr3	68463930	68464930	56	44	100	0.341036917835067
chr3	69656930	69657930	36	74	110	1.01936532486693
chr3	69657930	69658930	54	102	156	0.905140813658559
chr10	91123902	91124902	56	46	102	0.278301162487104
chr10	96514902	96515902	62	46	108	0.422691071822279
chr10	99243902	99244902	78	64	142	0.281412935148649
chr10	99288902	99289902	64	56	120	0.189477798863713
chr17	28269972	28270972	52	54	106	0.0534392589614612
chr17	29979972	29980972	52	50	102	0.0554951125917036
chr17	31558972	31559972	48	56	104	0.218180170049533
chr17	31559972	31560972	60	70	130	0.219009781941796
chr17	34940972	34941972	86	36	122	1.23349013021978
chr17	34941972	34942972	82	46	128	0.820450579669287
chr17	34942972	34943972	108	46	154	1.21359547309929
chr17	34949972	34950972	50	66	116	0.393663848486277
chr17	34950972	34951972	50	58	108	0.210217707390346
chr17	36981972	36982972	74	94	168	0.341036917835067
chr16	5002000	5003000	94	24	118	1.92599941855622
chr16	8433000	8434000	52	52	104	0
chr16	8492000	8493000	54	56	110	0.0515303006400814
chr16	8493000	8494000	50	56	106	0.160464672193246
chr16	8494000	8495000	64	64	128	0
chr16	8639000	8640000	76	36	112	1.05733317506595
chr16	8870000	8871000	50	52	102	0.0554951125917036
chr16	8886000	8887000	38	62	100	0.691877704637668
chr16	8936000	8937000	58	44	102	0.390789953032167
chr16	11008000	11009000	96	82	178	0.224873410840203
chr16	12453000	12454000	38	70	108	0.864344900642434
chr6	54489944	54490944	62	140	202	1.16227142889888
chr6	54490944	54491944	60	82	142	0.444302093784038
chr6	54905944	54906944	70	76	146	0.117039421190219
chr6	57537944	57538944	58	62	120	0.0946368741380752
chr6	58751944	58752944	74	58	132	0.346175641134039
chr6	58752944	58753944	60	56	116	0.0978473233981454
chr14	26380972	26381972	78	44	122	0.811927651847428
chr14	26534972	26535972	76	66	142	0.200697350237129
chr14	27149972	27150972	66	44	110	0.574236094128097
chr14	27427972	27428972	88	66	154	0.409644240508626
chr14	28369972	28370972	40	64	104	0.664815808410371
chr14	30472972	30473972	68	46	114	0.553935605100532
chr14	30530972	30531972	64	38	102	0.736965594166206
chr14	33301972	33302972	56	58	114	0.0497530351971003
chr14	34621972	34622972	60	46	106	0.376148485885249
chr14	34622972	34623972	96	102	198	0.0865876849960907
chr3	95316902	95317902	86	74	160	0.214124805352848
chr3	96311902	96312902	60	62	122	0.0465425859370301
chr3	96417902	96418902	84	78	162	0.105610187960599
chr3	96828902	96829902	52	56	108	0.104969559601543
chr3	99195902	99196902	92	80	172	0.199308808223407
chr3	100417902	100418902	42	60	102	0.504472582860789
chr3	100719902	100720902	110	86	196	0.351472370501378
chr3	100720902	100721902	88	62	150	0.498453507466481
chr3	101594902	101595902	68	112	180	0.711654505637019
chr3	101595902	101596902	66	52	118	0.338168735894573
chr3	102149902	102150902	62	60	122	0.0465425859370301
chr3	102150902	102151902	44	60	104	0.438884241233212
chr3	103209902	103210902	48	54	102	0.166649869409452
chr3	103210902	103211902	48	72	120	0.575114714764809
chr10	66967930	66968930	46	60	106	0.376148485885249
chr10	67106930	67107930	58	72	130	0.307181509518176
chr10	67107930	67108930	64	64	128	0
chr10	75512930	75513930	48	72	120	0.575114714764809
chr10	77192930	77193930	66	46	112	0.511500338780135
chr5	20714986	20715986	72	32	104	1.14543043952156
chr5	20715986	20716986	60	50	110	0.258311995591392
chr5	23846986	23847986	48	52	100	0.11321061044799
chr5	23847986	23848986	76	68	144	0.158262083916732
chr5	24393986	24394986	90	90	180	0
chr5	24688986	24689986	52	54	106	0.0534392589614612
chr5	24689986	24690986	34	66	100	0.936806173512806
chr5	25009986	25010986	42	72	114	0.76355980417792
chr5	25525986	25526986	50	52	102	0.0554951125917036
chr5	25526986	25527986	50	50	100	0
chr5	25535986	25536986	110	110	220	0
chr5	25536986	25537986	58	90	148	0.625151590836855
chr3	51219958	51220958	52	58	110	0.154722594798643
chr14	16754986	16755986	72	28	100	1.33184356375245
chr14	18237986	18238986	66	62	128	0.0888092669578553
chr14	18238986	18239986	52	56	108	0.104969559601543
chr14	19745986	19746986	22	98	120	2.1057946640226
chr14	19987986	19988986	68	58	126	0.225881407416328
chr14	19994986	19995986	84	42	126	0.983126181435604
chr14	20133986	20134986	54	76	130	0.485426827170241
chr14	20478986	20479986	88	42	130	1.0494686762643
chr14	21051986	21052986	88	100	188	0.182478051785397
chr14	21052986	21053986	58	66	124	0.183446141095931
chr14	21496986	21497986	82	66	148	0.308950240889152
chr14	25629986	25630986	84	100	184	0.248820546614093
chr14	25630986	25631986	34	74	108	1.09953567355091
chr14	25825986	25826986	56	88	144	0.642843416801656
chr15	52021944	52022944	86	42	128	1.01667874114663
chr15	55264944	55265944	94	42	136	1.14359085362885
chr15	59604944	59605944	62	58	120	0.0946368741380752
chr15	59605944	59606944	72	58	130	0.307181509518176
chr15	59606944	59607944	60	76	136	0.336049203132014
chr15	59607944	59608944	60	56	116	0.0978473233981454
chr15	62059944	62060944	96	78	174	0.296132094010025
chr13	81782916	81783916	50	60	110	0.258311995591392
chr2	5379000	5380000	8	276	284	4.94381716460688
chr2	6074000	6075000	62	78	140	0.326500824677186
chr2	6075000	6076000	100	66	166	0.592122292294023
chr2	6077000	6078000	64	54	118	0.241008099503794
chr2	6086000	6087000	92	74	166	0.310340120612151
chr2	9639000	9640000	34	72	106	1.06054154193505
chr2	9643000	9644000	44	58	102	0.390789953032167
chr2	9647000	9648000	82	54	136	0.593679717822265
chr2	9805000	9806000	80	60	140	0.409112665321738
chr2	9806000	9807000	118	96	214	0.294904921120816
chr2	9818000	9819000	60	82	142	0.444302093784038
chr12	76474930	76475930	58	112	170	0.937535913053346
chr12	76901930	76902930	66	64	130	0.0437213774293177
chr12	77133930	77134930	100	84	184	0.248820546614093
chr14	7808000	7809000	60	70	130	0.219009781941796
chr14	7809000	7810000	68	78	146	0.195256291398934
chr14	7945000	7946000	46	58	104	0.328054197684204
chr14	7953000	7954000	46	58	104	0.328054197684204
chr8	57510944	57511944	48	54	102	0.166649869409452
chr8	60982944	60983944	48	82	130	0.760329587231716
chr8	60983944	60984944	38	102	140	1.40109830832097
chr8	60984944	60985944	24	76	100	1.62293035092018
chr8	60992944	60993944	52	58	110	0.154722594798643
chr8	47874958	47875958	70	44	114	0.657894023175007
chr8	47973958	47974958	46	68	114	0.553935605100532
chr8	50056958	50057958	68	62	130	0.131244533278252
chr1	78655916	78656916	88	48	136	0.861023586851189
chr1	79867916	79868916	56	78	134	0.470890734012362
chr1	82819916	82820916	58	76	134	0.384143491333059
chr1	84863916	84864916	36	70	106	0.940293753875732
chr1	84868916	84869916	40	62	102	0.619727918881833
chr1	86471916	86472916	56	52	108	0.104969559601543
chr1	86524916	86525916	70	72	142	0.0400774393753354
chr1	87839916	87840916	58	62	120	0.0946368741380752
chr2	91655902	91656902	58	68	126	0.225881407416328
chr2	91705902	91706902	82	72	154	0.185214872466907
chr2	91706902	91707902	58	48	106	0.267933205246633
chr2	92371902	92372902	76	44	120	0.774933444365226
chr2	92372902	92373902	86	34	120	1.31366047890376
chr2	103435902	103436902	70	82	152	0.225292311842242
chr2	103824902	103825902	38	76	114	0.981384321832652
chr2	103830902	103831902	62	64	126	0.0450878895285376
chr10	79779916	79780916	76	52	128	0.538866086131702
chr10	79983916	79984916	64	74	138	0.206450877467426
chr10	79984916	79985916	52	56	108	0.104969559601543
chr10	80113916	80114916	56	48	104	0.218180170049533
chr10	80701916	80702916	42	62	104	0.551015168797819
chr10	82625916	82626916	80	84	164	0.0695409332530774
chr10	84446916	84447916	42	60	102	0.504472582860789
chr10	84742916	84743916	34	90	124	1.37851162325373
chr10	86777916	86778916	66	78	144	0.237691557719331
chr10	88409916	88410916	50	90	140	0.835369298227201
chr10	88410916	88411916	40	64	104	0.664815808410371
chr10	88422916	88423916	76	86	162	0.176156955153827
chr18	44040958	44041958	62	84	146	0.432111012637785
chr18	46488958	46489958	64	54	118	0.241008099503794
chr18	46528958	46529958	62	44	106	0.485426827170242
chr18	46597958	46598958	62	40	102	0.619727918881833
chr18	46913958	46914958	50	60	110	0.258311995591392
chr13	52188944	52189944	46	76	122	0.712197689017263
chr13	52189944	52190944	56	80	136	0.506959988719883
chr13	56038944	56039944	78	78	156	0
chr13	56039944	56040944	68	84	152	0.300866479359533
chr13	56193944	56194944	28	72	100	1.33184356375245
chr13	58615944	58616944	64	72	136	0.167456745851563
chr13	62389944	62390944	62	44	106	0.485426827170242
chr13	62858944	62859944	68	40	108	0.750972452160085
chr13	62862944	62863944	90	34	124	1.37851162325373
chr13	63271944	63272944	64	42	106	0.596103058326357
chr13	63352944	63353944	88	28	116	1.61775243583883
chr11	93452902	93453902	58	44	102	0.390789953032167
chr11	93994902	93995902	70	56	126	0.316857105339941
chr11	94579902	94580902	60	56	116	0.0978473233981454
chr11	94580902	94581902	72	70	142	0.0400774393753354
chr11	94604902	94605902	62	64	126	0.0450878895285376
chr11	94619902	94620902	54	46	100	0.226770861847022
chr11	94752902	94753902	88	76	164	0.208946890271497
chr11	95308902	95309902	66	78	144	0.237691557719331
chr11	95309902	95310902	68	92	160	0.430634354329862
chr11	95314902	95315902	68	58	126	0.225881407416328
chr11	95826902	95827902	48	52	100	0.11321061044799
chr11	95980902	95981902	58	42	100	0.456378294659744
chr11	95981902	95982902	54	68	122	0.327164743253509
chr11	96112902	96113902	102	44	146	1.19464743085354
chr11	96113902	96114902	92	62	154	0.561878887608114
chr11	96127902	96128902	62	56	118	0.144389909335175
chr11	96129902	96130902	70	60	130	0.219009781941796
chr11	96139902	96140902	88	80	168	0.135883428081773
chr11	96829902	96830902	48	58	106	0.267933205246633
chr11	97064902	97065902	46	56	102	0.278301162487104
chr11	97065902	97066902	80	78	158	0.0360692547075212
chr11	97246902	97247902	40	66	106	0.708537185839688
chr11	97315902	97316902	48	70	118	0.535037275389474
chr11	98903902	98904902	52	58	110	0.154722594798643
chr11	98904902	98905902	56	58	114	0.0497530351971003
chr11	100926902	100927902	64	36	100	0.812914447399504
chr11	101063902	101064902	74	28	102	1.37083769536831
chr11	101551902	101552902	64	66	130	0.0437213774293177
chr11	101626902	101627902	70	32	102	1.10535300014623
chr11	101627902	101628902	88	44	132	0.983880334636723
chr11	101628902	101629902	56	50	106	0.160464672193246
chr11	101643902	101644902	56	52	108	0.104969559601543
chr11	101658902	101659902	70	52	122	0.421826664941483
chr11	101659902	101660902	82	70	152	0.225292311842242
chr11	101660902	101661902	56	56	112	0
chr11	102337902	102338902	58	44	102	0.390789953032167
chr11	102407902	102408902	68	38	106	0.82312223791592
chr11	103412902	103413902	62	54	116	0.195920209975257
chr11	103892902	103893902	44	60	104	0.438884241233212
chr15	101990902	101991902	50	66	116	0.393663848486277
chr15	102012902	102013902	78	56	134	0.470890734012362
chr15	102013902	102014902	78	60	138	0.373043410614216
chr15	102017902	102018902	72	42	114	0.76355980417792
chr15	102024902	102025902	64	84	148	0.387023123109247
chr15	102027902	102028902	48	54	102	0.166649869409452
chr15	102034902	102035902	62	42	104	0.551015168797819
chr15	102392902	102393902	32	70	102	1.10535300014623
chr15	103238902	103239902	52	62	114	0.249359468936718
chr15	103239902	103240902	76	64	140	0.244418727666447
chr1	170885818	170886818	68	50	118	0.436099114806674
chr1	170886818	170887818	62	38	100	0.691877704637668
chr1	170888818	170889818	82	58	140	0.492396381985083
chr1	171060818	171061818	72	48	120	0.575114714764809
chr1	171095818	171096818	42	62	104	0.551015168797819
chr1	171096818	171097818	54	46	100	0.226770861847022
chr1	171499818	171500818	68	62	130	0.131244533278252
chr1	171500818	171501818	102	104	206	0.0277449904829039
chr1	171501818	171502818	102	40	142	1.32894852256513
chr1	176827818	176828818	58	42	100	0.456378294659744
chr1	178307818	178308818	42	66	108	0.639824435755674
chr1	178308818	178309818	50	76	126	0.594361198723406
chr9	95814902	95815902	54	74	128	0.447458976971221
chr9	97035902	97036902	58	86	144	0.560300446486886
chr9	97036902	97037902	58	48	106	0.267933205246633
chr9	99242902	99243902	70	42	112	0.723482364802584
chr9	99401902	99402902	72	40	112	0.832272554261934
chr9	102714902	102715902	50	52	102	0.0554951125917036
chr9	102716902	102717902	134	140	274	0.0627357553479628
chr9	102717902	102718902	76	90	166	0.241008099503795
chr9	102923902	102924902	48	78	126	0.689070904061895
chr6	22366986	22367986	58	58	116	0
chr6	24705986	24706986	98	44	142	1.13750352374993
chr13	33902972	33903972	60	90	150	0.57705730263581
chr13	33903972	33904972	34	82	116	1.24575641440196
chr13	34352972	34353972	28	80	108	1.48186900775705
chr13	37706972	37707972	72	58	130	0.307181509518176
chr13	37707972	37708972	44	60	104	0.438884241233212
chr13	37739972	37740972	76	76	152	0
chr13	38403972	38404972	52	48	100	0.11321061044799
chr13	38635972	38636972	78	52	130	0.575860293613904
chr13	38640972	38641972	50	60	110	0.258311995591392
chr8	26644972	26645972	114	88	202	0.369756619977977
chr8	26886972	26887972	86	18	104	2.19501598240514
chr16	13108986	13109986	62	86	148	0.465663572348811
chr16	16223986	16224986	68	38	106	0.82312223791592
chr16	16245986	16246986	90	94	184	0.0620609681322515
chr16	17218986	17219986	44	64	108	0.53051471669878
chr16	17219986	17220986	48	60	108	0.316027493447678
chr16	19842986	19843986	54	52	106	0.0534392589614612
chr16	19843986	19844986	80	68	148	0.231325546106455
chr16	20447986	20448986	62	64	126	0.0450878895285376
chr16	20449986	20450986	40	70	110	0.792195114886598
chr16	20477986	20478986	72	132	204	0.865457876621172
chr16	20478986	20479986	96	138	234	0.51902823053638
chr16	20479986	20480986	38	72	110	0.904422340017769
chr16	20496986	20497986	64	42	106	0.596103058326357
chr16	20497986	20498986	86	44	130	0.951090399519053
chr16	20547986	20548986	38	64	102	0.736965594166206
chr16	20671986	20672986	76	52	128	0.538866086131702
chr16	21255986	21256986	70	98	168	0.479609500574927
chr16	21256986	21257986	52	68	120	0.38060400221497
chr16	21715986	21716986	50	62	112	0.304854581528422
chr16	21716986	21717986	48	72	120	0.575114714764809
chr16	24366986	24367986	40	62	102	0.619727918881833
chr17	5846000	5847000	42	60	102	0.504472582860789
chr17	5875000	5876000	46	74	120	0.674229838818243
chr17	7169000	7170000	44	62	106	0.485426827170242
chr17	12195000	12196000	50	60	110	0.258311995591392
chr17	12643000	12644000	50	60	110	0.258311995591392
chr12	31270972	31271972	60	58	118	0.0480942882010451
chr12	36230972	36231972	70	54	124	0.368387405980022
chr5	134187860	134188860	88	110	198	0.318682435383709
chr5	134317860	134318860	54	52	106	0.0534392589614612
chr5	134926860	134927860	74	68	142	0.120294233717711
chr5	134941860	134942860	64	50	114	0.349942471056959
chr5	134942860	134943860	58	46	104	0.328054197684204
chr5	134943860	134944860	78	48	126	0.689070904061895
chr5	134956860	134957860	62	66	128	0.0888092669578553
chr5	134965860	134966860	112	128	240	0.191048293008066
chr5	134966860	134967860	124	106	230	0.224317298260941
chr5	135008860	135009860	62	68	130	0.131244533278252
chr5	135148860	135149860	84	54	138	0.628031222613042
chr5	135490860	135491860	58	80	138	0.457206953522783
chr5	135491860	135492860	92	122	214	0.403355694231209
chr5	135492860	135493860	102	46	148	1.13191167550558
chr5	135493860	135494860	64	46	110	0.467778961350817
chr5	135500860	135501860	90	52	142	0.779874185635498
chr5	135501860	135502860	62	42	104	0.551015168797819
chr5	137501860	137502860	54	52	106	0.0534392589614612
chr5	137786860	137787860	46	60	106	0.376148485885249
chr5	140514860	140515860	98	50	148	0.956931278108114
chr5	140703860	140704860	76	42	118	0.840521785992803
chr5	141910860	141911860	58	52	110	0.154722594798643
chr5	142366860	142367860	66	68	134	0.0424352663203971
chr5	142624860	142625860	90	26	116	1.75290713803523
chr5	142801860	142802860	58	68	126	0.225881407416328
chr5	142809860	142810860	44	62	106	0.485426827170242
chr11	104288888	104289888	68	64	132	0.0861566437497148
chr11	106579888	106580888	80	42	122	0.913585248182526
chr11	107131888	107132888	46	54	100	0.226770861847022
chr11	110396888	110397888	52	54	106	0.0534392589614612
chr11	115166888	115167888	48	58	106	0.267933205246633
chr11	115737888	115738888	52	52	104	0
chr11	115813888	115814888	42	60	102	0.504472582860789
chr12	78860916	78861916	46	80	126	0.785261151206987
chr12	79040916	79041916	66	82	148	0.308950240889152
chr12	79312916	79313916	54	58	112	0.101283335837182
chr12	79313916	79314916	50	56	106	0.160464672193246
chr12	79351916	79352916	62	48	110	0.362570079384708
chr12	82246916	82247916	76	118	194	0.628031222613043
chr12	82262916	82263916	58	68	126	0.225881407416328
chr12	83986916	83987916	56	86	142	0.610053481683987
chr12	84450916	84451916	62	64	126	0.0450878895285376
chr12	84765916	84766916	60	50	110	0.258311995591392
chr12	85752916	85753916	56	84	140	0.57650092197296
chr12	85824916	85825916	56	44	100	0.341036917835067
chr12	86876916	86877916	50	50	100	0
chr12	86946916	86947916	52	52	104	0
chr12	86948916	86949916	70	30	100	1.19555080911781
chr7	13012986	13013986	64	58	122	0.139724763666613
chr7	13013986	13014986	118	104	222	0.180572245641821
chr7	16285986	16286986	56	72	128	0.356934544715276
chr7	19227986	19228986	64	84	148	0.387023123109247
chr7	19264986	19265986	50	62	112	0.304854581528422
chr7	19568986	19569986	66	56	122	0.233199176293031
chr7	19571986	19572986	62	50	112	0.304854581528422
chr7	19572986	19573986	80	68	148	0.231325546106455
chr7	19685986	19686986	82	80	162	0.0351894284623002
chr7	19686986	19687986	90	76	166	0.241008099503795
chr7	19690986	19691986	56	64	120	0.189477798863713
chr7	19691986	19692986	60	56	116	0.0978473233981454
chr7	19694986	19695986	54	70	124	0.368387405980022
chr7	24192986	24193986	68	50	118	0.436099114806674
chr7	24398986	24399986	60	44	104	0.438884241233212
chr7	24883986	24884986	80	60	140	0.409112665321738
chr7	24945986	24946986	74	46	120	0.674229838818243
chr7	25264986	25265986	50	50	100	0
chr7	25266986	25267986	78	88	166	0.171952682789295
chr7	25816986	25817986	90	64	154	0.485426827170242
chr6	5019000	5020000	110	114	224	0.0510741845942686
chr6	5020000	5021000	62	88	150	0.498453507466481
chr6	5033000	5034000	90	66	156	0.441705449740924
chr4	117189874	117190874	76	96	172	0.333126301492227
chr4	117190874	117191874	98	60	158	0.698619282516723
chr4	117996874	117997874	52	48	100	0.11321061044799
chr4	117997874	117998874	86	76	162	0.176156955153827
chr4	118126874	118127874	60	60	120	0
chr4	119630874	119631874	54	60	114	0.149377624038227
chr4	120830874	120831874	56	54	110	0.0515303006400814
chr4	120833874	120834874	66	46	112	0.511500338780135
chr4	122894874	122895874	98	122	220	0.31315788525963
chr4	122895874	122896874	116	112	228	0.0501857571682169
chr4	122897874	122898874	58	74	132	0.346175641134039
chr4	123559874	123560874	96	64	160	0.577545029158674
chr4	123563874	123564874	60	70	130	0.219009781941796
chr4	123781874	123782874	62	70	132	0.172467196004765
chr4	123788874	123789874	50	72	122	0.517399216908522
chr4	124801874	124802874	52	52	104	0
chr4	124803874	124804874	82	76	158	0.108252890652023
chr4	124804874	124805874	60	60	120	0
chr4	125534874	125535874	34	66	100	0.936806173512806
chr4	125535874	125536874	34	72	106	1.06054154193505
chr4	126000874	126001874	52	52	104	0
chr4	126019874	126020874	82	72	154	0.185214872466907
chr4	126020874	126021874	64	72	136	0.167456745851563
chr4	126022874	126023874	54	56	110	0.0515303006400814
chr4	126056874	126057874	44	80	124	0.84799690655495
chr4	126090874	126091874	88	44	132	0.983880334636723
chr4	126549874	126550874	62	72	134	0.212544635380101
chr4	127328874	127329874	62	80	142	0.362570079384708
chr4	127344874	127345874	64	94	158	0.547487795302494
chr4	127365874	127366874	70	58	128	0.267104070142841
chr4	129047874	129048874	60	62	122	0.0465425859370301
chr4	129230874	129231874	70	78	148	0.154033628672421
chr4	129248874	129249874	68	62	130	0.131244533278252
chr4	129502874	129503874	64	52	116	0.294447358465256
chr4	129642874	129643874	44	64	108	0.53051471669878
chr9	27884972	27885972	72	72	144	0
chr9	31008972	31009972	134	124	258	0.111031312388744
chr9	31009972	31010972	144	140	284	0.0403577376161408
chr9	31010972	31011972	86	82	168	0.0679040645018034
chr9	31012972	31013972	90	34	124	1.37851162325373
chr9	32234972	32235972	46	62	108	0.422691071822279
chr9	35263972	35264972	68	44	112	0.616671360448494
chr13	106912888	106913888	40	62	102	0.619727918881833
chr13	113617888	113618888	68	46	114	0.553935605100532
chr13	113618888	113619888	98	106	204	0.112110366321537
chr13	113793888	113794888	50	54	104	0.108934371553165
chr2	119593874	119594874	42	58	100	0.456378294659744
chr2	120980874	120981874	44	56	100	0.341036917835067
chr2	121357874	121358874	76	56	132	0.43389652653016
chr2	126676874	126677874	50	54	104	0.108934371553165
chr2	128613874	128614874	78	94	172	0.266074860153845
chr2	128697874	128698874	42	60	102	0.504472582860789
chr2	128817874	128818874	62	58	120	0.0946368741380752
chr2	129147874	129148874	92	72	164	0.349334252228013
chr2	129176874	129177874	70	40	110	0.792195114886598
chr2	129177874	129178874	116	108	224	0.102180394806479
chr2	129189874	129190874	62	50	112	0.304854581528422
chr2	129786874	129787874	52	52	104	0
chr10	117167874	117168874	72	52	124	0.461904104316819
chr10	117170874	117171874	76	46	122	0.712197689017263
chr10	117171874	117172874	88	54	142	0.694373717441738
chr10	119239874	119240874	62	62	124	0
chr10	123076874	123077874	76	76	152	0
chr10	126977874	126978874	74	54	128	0.447458976971221
chr10	127213874	127214874	52	94	146	0.841935153767749
chr10	127321874	127322874	80	58	138	0.457206953522783
chr10	127322874	127323874	98	92	190	0.0901978089715785
chr10	127877874	127878874	74	46	120	0.674229838818243
chr10	127878874	127879874	92	64	156	0.516790998079577
chr10	127970874	127971874	58	50	108	0.210217707390346
chr10	127971874	127972874	104	128	232	0.296981737757132
chr10	128428874	128429874	44	64	108	0.53051471669878
chr10	128492874	128493874	68	84	152	0.300866479359533
chr10	128505874	128506874	56	68	124	0.275634442613428
chr10	128589874	128590874	48	54	102	0.166649869409452
chr10	128601874	128602874	56	52	108	0.104969559601543
chr10	128695874	128696874	62	44	106	0.485426827170242
chr10	128903874	128904874	68	52	120	0.38060400221497
chr10	59701944	59702944	58	42	100	0.456378294659744
chr10	59778944	59779944	60	44	104	0.438884241233212
chr10	60160944	60161944	90	78	168	0.204013892021593
chr10	60161944	60162944	80	96	176	0.260062839302504
chr10	60164944	60165944	52	52	104	0
chr10	60252944	60253944	70	42	112	0.723482364802584
chr10	60255944	60256944	64	56	120	0.189477798863713
chr10	60270944	60271944	80	64	144	0.31748218985617
chr10	62412944	62413944	58	68	126	0.225881407416328
chr6	135024860	135025860	68	52	120	0.38060400221497
chr1	182513804	182514804	46	64	110	0.467778961350817
chr1	182514804	182515804	112	132	244	0.235103473086002
chr3	52042944	52043944	42	58	100	0.456378294659744
chr3	52043944	52044944	94	100	194	0.0883558744208468
chr3	54703944	54704944	106	86	192	0.298523490552419
chr3	54704944	54705944	102	100	202	0.0282890444314239
chr3	55104944	55105944	60	62	122	0.0465425859370301
chr3	57582944	57583944	48	70	118	0.535037275389474
chr3	57598944	57599944	92	66	158	0.473069620650259
chr5	29377972	29378972	56	46	102	0.278301162487104
chr5	29702972	29703972	66	42	108	0.639824435755674
chr5	29730972	29731972	56	46	102	0.278301162487104
chr5	31324972	31325972	84	68	152	0.300866479359533
chr5	32411972	32412972	62	52	114	0.249359468936718
chr5	34335972	34336972	56	64	120	0.189477798863713
chr5	34552972	34553972	48	84	132	0.794681092022493
chr5	35104972	35105972	50	58	108	0.210217707390346
chr5	35574972	35575972	50	64	114	0.349942471056959
chr5	36829972	36830972	96	52	148	0.871992387623929
chr5	36930972	36931972	84	34	118	1.28010791919274
chr5	36931972	36932972	86	20	106	2.05062607306997
chr5	38493972	38494972	90	68	158	0.399270183420527
chr5	38643972	38644972	64	58	122	0.139724763666613
chr1	105783888	105784888	50	52	102	0.0554951125917036
chr7	65469930	65470930	76	66	142	0.200697350237129
chr7	73226930	73227930	24	82	106	1.7311832415722
chr7	73398930	73399930	88	142	230	0.684137905811991
chr7	73399930	73400930	108	158	266	0.54469863050743
chr7	73616930	73617930	106	72	178	0.551642427521129
chr7	73617930	73618930	76	88	164	0.208946890271497
chr7	75413930	75414930	72	42	114	0.76355980417792
chr7	75414930	75415930	76	86	162	0.176156955153827
chr7	75415930	75416930	44	60	104	0.438884241233212
chr15	27429972	27430972	56	48	104	0.218180170049533
chr15	27431972	27432972	62	62	124	0
chr15	27435972	27436972	56	50	106	0.160464672193246
chr15	27440972	27441972	70	112	182	0.670431842910506
chr15	27441972	27442972	42	58	100	0.456378294659744
chr15	28075972	28076972	68	50	118	0.436099114806674
chr15	36759972	36760972	36	72	108	0.980371193251067
chr15	36760972	36761972	32	74	106	1.18442457113743
chr15	37071972	37072972	82	36	118	1.16558606571797
chr15	38551972	38552972	84	90	174	0.0984037040609946
chr9	19092986	19093986	124	84	208	0.556393348524385
chr9	21251986	21252986	56	46	102	0.278301162487104
chr9	22137986	22138986	44	60	104	0.438884241233212
chr11	44548958	44549958	54	46	100	0.226770861847022
chr11	46564958	46565958	62	64	126	0.0450878895285376
chr11	46636958	46637958	62	44	106	0.485426827170242
chr11	46653958	46654958	42	82	124	0.948774676644827
chr11	46654958	46655958	32	98	130	1.58496250072116
chr11	46657958	46658958	48	52	100	0.11321061044799
chr11	50251958	50252958	104	74	178	0.485426827170242
chr14	99260902	99261902	54	48	102	0.166649869409452
chr14	99265902	99266902	76	58	134	0.384143491333059
chr14	99266902	99267902	66	34	100	0.936806173512806
chr14	99346902	99347902	70	44	114	0.657894023175007
chr14	99606902	99607902	38	64	102	0.736965594166206
chr14	101865902	101866902	106	66	172	0.675377795943374
chr6	117878874	117879874	70	48	118	0.535037275389474
chr6	118769874	118770874	64	100	164	0.63584366972334
chr6	119381874	119382874	78	86	164	0.139162747671625
chr6	119382874	119383874	60	42	102	0.504472582860789
chr6	120784874	120785874	78	22	100	1.78021879212009
chr6	121176874	121177874	84	38	122	1.12398871727545
chr6	122577874	122578874	22	84	106	1.88582898008069
chr6	122674874	122675874	70	58	128	0.267104070142841
chr6	122689874	122690874	78	44	122	0.811927651847428
chr6	122701874	122702874	76	84	160	0.142604395442801
chr6	122702874	122703874	84	70	154	0.25964381663302
chr6	122731874	122732874	76	30	106	1.31259023030803
chr6	122761874	122762874	100	76	176	0.391424942056894
chr6	122762874	122763874	94	82	176	0.194816176984023
chr6	124804874	124805874	90	30	120	1.55359832981182
chr6	124828874	124829874	96	132	228	0.455369593314062
chr6	125160874	125161874	68	78	146	0.195256291398934
chr6	125517874	125518874	54	46	100	0.226770861847022
chr6	128300874	128301874	54	56	110	0.0515303006400814
chr6	128460874	128461874	80	134	214	0.736965594166207
chr4	105194888	105195888	62	48	110	0.362570079384708
chr4	106663888	106664888	68	66	134	0.0424352663203971
chr4	106732888	106733888	56	44	100	0.341036917835067
chr4	106857888	106858888	70	62	132	0.172467196004765
chr4	106858888	106859888	254	118	372	1.09953567355091
chr4	106859888	106860888	112	118	230	0.0746388008927559
chr4	108126888	108127888	82	94	176	0.194816176984023
chr4	108143888	108144888	110	136	246	0.30361621661042
chr4	108144888	108145888	130	148	278	0.185745518924711
chr4	108162888	108163888	68	38	106	0.82312223791592
chr4	108833888	108834888	70	52	122	0.421826664941483
chr4	109491888	109492888	46	66	112	0.511500338780135
chr4	116169888	116170888	90	70	160	0.358047520694014
chr4	116170888	116171888	38	64	102	0.736965594166206
chr13	66938930	66939930	56	56	112	0
chr13	73345930	73346930	62	44	106	0.485426827170242
chr8	104579888	104580888	110	64	174	0.772048053321652
chr8	104601888	104602888	46	54	100	0.226770861847022
chr8	105826888	105827888	46	64	110	0.467778961350817
chr8	106137888	106138888	68	38	106	0.82312223791592
chr8	106152888	106153888	58	52	110	0.154722594798643
chr8	106176888	106177888	106	78	184	0.437686238224043
chr8	106526888	106527888	52	56	108	0.104969559601543
chr8	106607888	106608888	62	54	116	0.195920209975257
chr8	106608888	106609888	108	102	210	0.0816837975937075
chr8	106622888	106623888	56	58	114	0.0497530351971003
chr8	108605888	108606888	50	62	112	0.304854581528422
chr8	109693888	109694888	48	52	100	0.11321061044799
chr8	111923888	111924888	88	70	158	0.325986311461715
chr8	111924888	111925888	90	92	182	0.0313641709093346
chr8	111925888	111926888	46	68	114	0.553935605100532
chr8	111938888	111939888	138	60	198	1.18820373516062
chr8	111939888	111940888	70	42	112	0.723482364802584
chr8	111960888	111961888	76	24	100	1.62293035092018
chr8	111961888	111962888	96	48	144	0.985202998071919
chr7	100569902	100570902	68	48	116	0.493814612662961
chr7	101305902	101306902	66	60	126	0.135351852894885
chr7	101867902	101868902	50	50	100	0
chr7	101895902	101896902	66	40	106	0.708537185839688
chr1	118756874	118757874	56	52	108	0.104969559601543
chr1	119649874	119650874	94	82	176	0.194816176984023
chr1	120265874	120266874	118	96	214	0.294904921120816
chr1	122538874	122539874	52	48	100	0.11321061044799
chr1	125480874	125481874	40	72	112	0.832272554261934
chr1	125481874	125482874	54	62	116	0.195920209975257
chr1	125559874	125560874	52	60	112	0.202816882999688
chr1	128101874	128102874	56	70	126	0.316857105339941
chr11	3130000	3131000	0	142	142	7.15987133677839
chr11	3131000	3132000	2	190	192	5.99246632731459
chr11	3139000	3140000	0	124	124	6.96578428466209
chr11	3145000	3146000	6	134	140	4.26946067499323
chr11	3147000	3148000	190	16	206	3.48996598678541
chr11	3150000	3151000	52	346	398	2.71087139801506
chr11	3151000	3152000	0	326	326	8.35314682549808
chr11	3152000	3153000	8	248	256	4.79007693062577
chr11	3156000	3157000	4	302	306	5.92124588858559
chr11	3157000	3158000	0	112	112	6.82017896241519
chr11	3158000	3159000	4	372	376	6.22110372536788
chr11	3159000	3160000	14	244	258	4.02974734339405
chr11	3160000	3161000	10	234	244	4.4170853279277
chr11	3162000	3163000	16	250	266	3.88408071270043
chr11	3163000	3164000	324	172	496	0.909667680279092
chr11	3164000	3165000	4	570	574	6.83541884047548
chr11	3169000	3170000	2	98	100	5.04439411935845
chr11	3173000	3174000	8	366	374	5.3497112514009
chr11	3174000	3175000	18	504	522	4.73221206419557
chr11	3175000	3176000	6	330	336	5.56333248474961
chr11	3178000	3179000	4	100	104	4.33628338786443
chr11	3179000	3180000	6	368	374	5.72012208400279
chr11	3180000	3181000	6	190	196	4.77007390597814
chr11	3188000	3189000	2	276	278	6.52877966532803
chr11	3583000	3584000	74	74	148	0
chr11	8530000	8531000	52	100	152	0.930291028188596
chr11	8582000	8583000	54	82	136	0.593679717822265
chr11	8626000	8627000	50	54	104	0.108934371553165
chr11	8629000	8630000	50	54	104	0.108934371553165
chr11	8672000	8673000	56	56	112	0
chr11	8676000	8677000	68	32	100	1.06413033741972
chr6	113689888	113690888	80	58	138	0.457206953522783
chr6	114968888	114969888	84	42	126	0.983126181435604
chr19	3577000	3578000	58	76	134	0.384143491333059
chr19	3851000	3852000	50	54	104	0.108934371553165
chr19	4097000	4098000	56	50	106	0.160464672193246
chr19	5088000	5089000	52	52	104	0
chr19	5488000	5489000	68	54	122	0.327164743253509
chr19	5806000	5807000	62	60	122	0.0465425859370301
chr19	5808000	5809000	72	42	114	0.76355980417792
chr19	5809000	5810000	80	74	154	0.111031312388744
chr19	5810000	5811000	80	78	158	0.0360692547075212
chr19	5841000	5842000	52	56	108	0.104969559601543
chr19	5842000	5843000	90	44	134	1.01594154386902
chr19	5846000	5847000	86	70	156	0.293196376344046
chr19	6034000	6035000	54	50	104	0.108934371553165
chr19	6278000	6279000	54	54	108	0
chr19	7452000	7453000	56	54	110	0.0515303006400814
chr19	7453000	7454000	58	58	116	0
chr19	9047000	9048000	46	66	112	0.511500338780135
chr19	9065000	9066000	76	60	136	0.336049203132014
chr19	9090000	9091000	84	50	134	0.736965594166207
chr19	10605000	10606000	60	44	104	0.438884241233212
chr19	10606000	10607000	56	66	122	0.233199176293031
chr19	11950000	11951000	66	58	124	0.183446141095931
chr19	12731000	12732000	44	64	108	0.53051471669878
chr19	12732000	12733000	60	76	136	0.336049203132014
chr19	12796000	12797000	72	70	142	0.0400774393753354
chr12	4497000	4498000	62	42	104	0.551015168797819
chr1	72243930	72244930	52	56	108	0.104969559601543
chr1	72244930	72245930	56	60	116	0.0978473233981454
chr1	72255930	72256930	76	40	116	0.909234536076817
chr1	74094930	74095930	54	52	106	0.0534392589614612
chr1	74513930	74514930	68	66	134	0.0424352663203971
chr1	75316930	75317930	90	64	154	0.485426827170242
chr8	94181902	94182902	32	68	100	1.06413033741972
chr4	34909972	34910972	72	30	102	1.23562824849314
chr4	35111972	35112972	42	60	102	0.504472582860789
chr5	65494930	65495930	58	76	134	0.384143491333059
chr5	66081930	66082930	58	54	112	0.101283335837182
chr5	67407930	67408930	96	82	178	0.224873410840203
chr5	67408930	67409930	106	98	204	0.112110366321537
chr5	76948930	76949930	44	56	100	0.341036917835067
chr5	76950930	76951930	62	62	124	0
chr5	76951930	76952930	86	80	166	0.103093492964104
chr2	13372986	13373986	54	78	132	0.522421034652443
chr2	14175986	14176986	40	62	102	0.619727918881833
chr2	17972986	17973986	56	68	124	0.275634442613428
chr2	17976986	17977986	66	52	118	0.338168735894573
chr2	17977986	17978986	110	60	170	0.86367852878722
chr2	18086986	18087986	72	68	140	0.0813001021018485
chr2	20493986	20494986	82	44	126	0.88318633501725
chr2	20667986	20668986	74	36	110	1.01936532486693
chr2	20668986	20669986	64	66	130	0.0437213774293177
chr2	23155986	23156986	48	52	100	0.11321061044799
chr2	24383986	24384986	80	86	166	0.103093492964104
chr2	24384986	24385986	56	64	120	0.189477798863713
chr2	25693986	25694986	46	78	124	0.749191896499466
chr10	105522888	105523888	90	74	164	0.278975949702816
chr10	105543888	105544888	74	76	150	0.0379678501990206
chr10	105544888	105545888	44	66	110	0.574236094128097
chr10	108291888	108292888	96	56	152	0.767022828022387
chr10	108349888	108350888	46	66	112	0.511500338780135
chr10	108529888	108530888	70	58	128	0.267104070142841
chr10	108530888	108531888	72	46	118	0.63523570720238
chr10	109807888	109808888	116	56	172	1.03747470541866
chr10	111006888	111007888	54	72	126	0.408464845355358
chr10	111084888	111085888	52	60	112	0.202816882999688
chr10	111377888	111378888	56	56	112	0
chr10	111575888	111576888	112	100	212	0.161967479663393
chr10	112882888	112883888	66	46	112	0.511500338780135
chr10	115211888	115212888	42	80	122	0.913585248182526
chr10	115813888	115814888	38	72	110	0.904422340017769
chr10	115832888	115833888	62	42	104	0.551015168797819
chr10	116621888	116622888	42	80	122	0.913585248182526
chr4	143220846	143221846	50	54	104	0.108934371553165
chr4	143221846	143222846	54	64	118	0.241008099503794
chr4	143237846	143238846	84	84	168	0
chr4	143238846	143239846	74	52	126	0.500898235932682
chr4	143258846	143259846	56	60	116	0.0978473233981454
chr4	143259846	143260846	90	108	198	0.26038968457823
chr4	143260846	143261846	94	136	230	0.528176474629579
chr4	143305846	143306846	60	44	104	0.438884241233212
chr4	144395846	144396846	42	64	106	0.596103058326357
chr4	146492846	146493846	32	70	102	1.10535300014623
chr4	147847846	147848846	68	50	118	0.436099114806674
chr4	150883846	150884846	48	66	114	0.451379346342564
chr4	154905846	154906846	48	68	116	0.493814612662961
chr4	155124846	155125846	34	86	120	1.31366047890376
chr4	155670846	155671846	36	74	110	1.01936532486693
chr4	155687846	155688846	68	104	172	0.605721060887953
chr4	155688846	155689846	80	116	196	0.530514716698781
chr8	13205986	13206986	60	56	116	0.0978473233981454
chr8	13206986	13207986	46	68	114	0.553935605100532
chr8	13784986	13785986	68	58	126	0.225881407416328
chr8	14013986	14014986	116	46	162	1.31577586790577
chr8	14014986	14015986	134	70	204	0.927068477546149
chr8	14427986	14428986	44	56	100	0.341036917835067
chr8	18780986	18781986	42	62	104	0.551015168797819
chr8	22183986	22184986	60	50	110	0.258311995591392
chr8	22612986	22613986	176	142	318	0.307734213304609
chr8	24917986	24918986	80	66	146	0.273760812426852
chr8	25886986	25887986	68	46	114	0.553935605100532
chr1	33582972	33583972	84	32	116	1.36499681677925
chr1	34438972	34439972	34	68	102	0.979241439833203
chr1	36059972	36060972	136	136	272	0
chr1	36060972	36061972	64	70	134	0.127379306476228
chr1	36076972	36077972	54	46	100	0.226770861847022
chr1	36248972	36249972	64	40	104	0.664815808410371
chr1	36476972	36477972	62	40	102	0.619727918881833
chr1	36978972	36979972	56	56	112	0
chr1	37284972	37285972	16	84	100	2.32192809488736
chr9	65193930	65194930	52	48	100	0.11321061044799
chr9	65194930	65195930	46	54	100	0.226770861847022
chr9	65195930	65196930	70	86	156	0.293196376344046
chr9	65198930	65199930	64	38	102	0.736965594166206
chr9	65199930	65200930	80	32	112	1.29545588352617
chr9	65200930	65201930	78	22	100	1.78021879212009
chr9	65261930	65262930	50	50	100	0
chr9	65269930	65270930	50	88	138	0.803308088994903
chr9	66117930	66118930	44	58	102	0.390789953032167
chr9	66124930	66125930	76	52	128	0.538866086131702
chr9	66125930	66126930	94	48	142	0.955145764215739
chr9	67045930	67046930	44	60	104	0.438884241233212
chr9	67207930	67208930	32	72	104	1.14543043952156
chr9	70202930	70203930	92	66	158	0.473069620650259
chr9	70258930	70259930	44	56	100	0.341036917835067
chr9	70259930	70260930	60	52	112	0.202816882999688
chr9	70273930	70274930	94	84	178	0.160464672193246
chr9	70274930	70275930	96	116	212	0.270451877396277
chr9	71159930	71160930	62	64	126	0.0450878895285376
chr9	71160930	71161930	42	66	108	0.639824435755674
chr9	71669930	71670930	86	84	170	0.0335525597110262
chr9	71670930	71671930	54	48	102	0.166649869409452
chr9	71676930	71677930	76	72	148	0.0769619818148835
chr9	71769930	71770930	42	58	100	0.456378294659744
chr9	72272930	72273930	52	68	120	0.38060400221497
chr9	73026930	73027930	122	12	134	3.24207478719815
chr9	73093930	73094930	40	78	118	0.946228743559019
chr9	73105930	73106930	40	60	100	0.573185332944803
chr14	52052944	52053944	56	72	128	0.356934544715276
chr14	54106944	54107944	80	26	106	1.58496250072116
chr14	54454944	54455944	62	52	114	0.249359468936718
chr14	54575944	54576944	58	48	106	0.267933205246633
chr14	54796944	54797944	62	52	114	0.249359468936718
chr14	64632944	64633944	58	58	116	0
chr10	4282000	4283000	58	54	112	0.101283335837182
chr10	5805000	5806000	60	48	108	0.316027493447678
chr10	12935000	12936000	52	58	110	0.154722594798643
chr11	68664930	68665930	92	90	182	0.0313641709093346
chr11	68685930	68686930	128	28	156	2.15324626029568
chr11	68686930	68687930	94	58	152	0.687212558969106
chr11	68687930	68688930	68	78	146	0.195256291398934
chr11	68690930	68691930	108	100	208	0.109972842025131
chr11	69425930	69426930	50	88	138	0.803308088994903
chr11	69426930	69427930	86	102	188	0.243557031334491
chr11	69427930	69428930	54	46	100	0.226770861847022
chr11	69920930	69921930	48	58	106	0.267933205246633
chr11	69921930	69922930	102	82	184	0.311461095836294
chr11	69922930	69923930	82	64	146	0.35267161831847
chr11	69960930	69961930	48	58	106	0.267933205246633
chr11	70451930	70452930	58	74	132	0.346175641134039
chr11	70667930	70668930	38	72	110	0.904422340017769
chr11	70668930	70669930	36	84	120	1.19993757050875
chr11	70819930	70820930	70	42	112	0.723482364802584
chr11	70969930	70970930	60	44	104	0.438884241233212
chr11	74829930	74830930	94	80	174	0.230005605446324
chr11	74847930	74848930	38	86	124	1.15754127698648
chr11	75956930	75957930	62	54	116	0.195920209975257
chr11	76010930	76011930	92	112	204	0.281020151307157
chr11	76011930	76012930	136	102	238	0.411531555777308
chr11	76012930	76013930	94	58	152	0.687212558969106
chr11	76017930	76018930	58	48	106	0.267933205246633
chr2	181951804	181952804	46	66	112	0.511500338780135
chr18	52998944	52999944	60	40	100	0.573185332944803
chr18	53160944	53161944	98	64	162	0.606988807051155
chr18	53249944	53250944	68	38	106	0.82312223791592
chr18	54847944	54848944	48	58	106	0.267933205246633
chr18	55019944	55020944	66	60	126	0.135351852894885
chr18	55183944	55184944	54	52	106	0.0534392589614612
chr18	61951944	61952944	62	58	120	0.0946368741380752
chr18	61952944	61953944	50	68	118	0.436099114806674
chr18	64637944	64638944	58	66	124	0.183446141095931
chr18	64885944	64886944	70	62	132	0.172467196004765
chr18	64925944	64926944	92	60	152	0.608421473545144
chr18	64926944	64927944	52	56	108	0.104969559601543
chr18	64959944	64960944	66	78	144	0.237691557719331
chr4	11576000	11577000	94	54	148	0.788495894806288
chr4	11577000	11578000	80	94	174	0.230005605446324
chr4	11578000	11579000	86	80	166	0.103093492964104
chr4	11579000	11580000	74	62	136	0.251538766995964
chr12	54655944	54656944	50	68	118	0.436099114806674
chr12	54696944	54697944	56	48	104	0.218180170049533
chr12	54697944	54698944	52	64	116	0.294447358465256
chr12	54698944	54699944	46	58	104	0.328054197684204
chr12	54992944	54993944	90	48	138	0.893084796083488
chr12	55833944	55834944	34	82	116	1.24575641440196
chr12	59040944	59041944	70	84	154	0.25964381663302
chr12	59041944	59042944	56	52	108	0.104969559601543
chr3	145739846	145740846	58	44	102	0.390789953032167
chr3	145749846	145750846	56	90	146	0.674904626033955
chr3	145750846	145751846	38	66	104	0.780686971595523
chr3	145756846	145757846	60	84	144	0.478653598574815
chr3	145757846	145758846	64	108	172	0.745816511748472
chr3	145762846	145763846	44	64	108	0.53051471669878
chr3	145815846	145816846	126	148	274	0.230483833689996
chr3	145816846	145817846	54	58	112	0.101283335837182
chr3	149116846	149117846	58	64	122	0.139724763666613
chr3	153901846	153902846	62	66	128	0.0888092669578553
chr3	153902846	153903846	144	132	276	0.124626654513745
chr3	153903846	153904846	66	36	102	0.856635824828822
chr3	153912846	153913846	82	60	142	0.444302093784038
chr3	153939846	153940846	74	50	124	0.556393348524385
chr3	153940846	153941846	62	52	114	0.249359468936718
chr4	130250860	130251860	62	50	112	0.304854581528422
chr4	130295860	130296860	58	48	106	0.267933205246633
chr4	130296860	130297860	66	48	114	0.451379346342564
chr4	130301860	130302860	62	80	142	0.362570079384708
chr4	130307860	130308860	56	54	110	0.0515303006400814
chr4	130519860	130520860	56	62	118	0.144389909335175
chr4	130636860	130637860	74	50	124	0.556393348524385
chr4	130637860	130638860	62	94	156	0.592575684831031
chr4	130641860	130642860	68	48	116	0.493814612662961
chr4	133054860	133055860	60	54	114	0.149377624038227
chr4	133055860	133056860	60	58	118	0.0480942882010451
chr4	133088860	133089860	34	68	102	0.979241439833203
chr4	133284860	133285860	90	56	146	0.674904626033955
chr4	133619860	133620860	54	62	116	0.195920209975257
chr4	133794860	133795860	52	68	120	0.38060400221497
chr4	133839860	133840860	42	58	100	0.456378294659744
chr4	133840860	133841860	48	62	110	0.362570079384708
chr4	133899860	133900860	58	86	144	0.560300446486886
chr4	134016860	134017860	62	66	128	0.0888092669578553
chr4	134060860	134061860	40	66	106	0.708537185839688
chr4	134061860	134062860	62	50	112	0.304854581528422
chr4	134360860	134361860	90	54	144	0.726434926674036
chr4	136432860	136433860	56	64	120	0.189477798863713
chr4	136433860	136434860	48	52	100	0.11321061044799
chr4	137586860	137587860	60	46	106	0.376148485885249
chr4	137591860	137592860	58	54	112	0.101283335837182
chr4	137592860	137593860	84	108	192	0.358793388639224
chr4	137593860	137594860	52	62	114	0.249359468936718
chr4	137816860	137817860	58	56	114	0.0497530351971003
chr4	137817860	137818860	98	56	154	0.796466605914868
chr4	139249860	139250860	66	66	132	0
chr4	139250860	139251860	44	68	112	0.616671360448494
chr4	139547860	139548860	76	64	140	0.244418727666447
chr4	141059860	141060860	48	56	104	0.218180170049533
chr4	141078860	141079860	54	74	128	0.447458976971221
chr4	141286860	141287860	130	98	228	0.404066381457841
chr4	141438860	141439860	64	74	138	0.206450877467426
chr4	141440860	141441860	80	32	112	1.29545588352617
chr4	83566916	83567916	22	102	124	2.16293857112621
chr4	86671916	86672916	58	60	118	0.0480942882010451
chr16	65764930	65765930	90	42	132	1.0815298854966
chr8	122280874	122281874	56	44	100	0.341036917835067
chr8	122573874	122574874	62	64	126	0.0450878895285376
chr8	122574874	122575874	64	54	118	0.241008099503794
chr8	122635874	122636874	90	62	152	0.53051471669878
chr8	124952874	124953874	50	58	108	0.210217707390346
chr8	124953874	124954874	56	80	136	0.506959988719883
chr8	124954874	124955874	40	72	112	0.832272554261934
chr8	124965874	124966874	84	58	142	0.52674788677586
chr8	125551874	125552874	54	56	110	0.0515303006400814
chr9	78185916	78186916	50	62	112	0.304854581528422
chr9	78186916	78187916	48	54	102	0.166649869409452
chr9	78213916	78214916	48	58	106	0.267933205246633
chr9	78365916	78366916	62	58	120	0.0946368741380752
chr9	78373916	78374916	72	64	136	0.167456745851563
chr9	78374916	78375916	66	74	140	0.162729500038108
chr9	78519916	78520916	84	104	188	0.304854581528421
chr9	78524916	78525916	104	54	158	0.932885804141462
chr9	78525916	78526916	86	66	152	0.376854305390956
chr9	78526916	78527916	66	50	116	0.393663848486277
chr9	79736916	79737916	32	68	100	1.06413033741972
chr9	83538916	83539916	42	62	104	0.551015168797819
chr9	83539916	83540916	68	70	138	0.0412226627265131
chr9	86447916	86448916	58	46	104	0.328054197684204
chr9	86448916	86449916	50	62	112	0.304854581528422
chr9	88564916	88565916	56	56	112	0
chr9	90068916	90069916	170	148	318	0.198683994423737
chr9	90069916	90070916	110	100	210	0.136204383598312
chr6	65020930	65021930	54	50	104	0.108934371553165
chr6	65022930	65023930	76	28	104	1.40880554556733
chr6	65023930	65024930	66	70	136	0.0836579290469102
chr6	70780930	70781930	106	96	202	0.141554144214019
chr6	70781930	70782930	62	50	112	0.304854581528422
chr6	70792930	70793930	80	86	166	0.103093492964104
chr6	71830930	71831930	72	54	126	0.408464845355358
chr6	72491930	72492930	28	74	102	1.37083769536831
chr6	72492930	72493930	48	94	142	0.955145764215739
chr6	72959930	72960930	124	80	204	0.625934281777463
chr6	72960930	72961930	132	60	192	1.1245450979383
chr6	73002930	73003930	92	78	170	0.235378062930928
chr6	73003930	73004930	68	52	120	0.38060400221497
chr10	28003972	28004972	102	48	150	1.07179068306801
chr10	28010972	28011972	50	70	120	0.477321777533187
chr10	30627972	30628972	66	56	122	0.233199176293031
chr10	30628972	30629972	64	72	136	0.167456745851563
chr10	30629972	30630972	38	70	108	0.864344900642434
chr10	36898972	36899972	58	46	104	0.328054197684204
chr10	37015972	37016972	48	68	116	0.493814612662961
chr18	3009000	3010000	14	94	108	2.66296501272243
chr18	5082000	5083000	68	48	116	0.493814612662961
chr18	5334000	5335000	98	84	182	0.219965683941908
chr18	11014000	11015000	46	58	104	0.328054197684204
chr12	12993986	12994986	90	94	184	0.0620609681322515
chr12	24706986	24707986	48	56	104	0.218180170049533
chr12	25143986	25144986	58	54	112	0.101283335837182
chr12	25144986	25145986	40	62	102	0.619727918881833
chr9	54502944	54503944	66	82	148	0.308950240889152
chr9	55102944	55103944	104	72	176	0.524420958786105
chr9	55103944	55104944	104	104	208	0
chr9	55136944	55137944	72	68	140	0.0813001021018485
chr9	56431944	56432944	58	92	150	0.656515761746189
chr9	57072944	57073944	68	74	142	0.120294233717711
chr9	57073944	57074944	76	56	132	0.43389652653016
chr9	57074944	57075944	98	56	154	0.796466605914868
chr9	57211944	57212944	80	46	126	0.785261151206987
chr9	57229944	57230944	72	28	100	1.33184356375245
chr9	57399944	57400944	56	54	110	0.0515303006400814
chr9	57521944	57522944	52	48	100	0.11321061044799
chr9	59260944	59261944	50	80	130	0.667424660913129
chr9	61280944	61281944	72	52	124	0.461904104316819
chr9	61578944	61579944	48	90	138	0.893084796083488
chr9	61914944	61915944	72	50	122	0.517399216908522
chr9	61915944	61916944	56	44	100	0.341036917835067
chr4	156108832	156109832	110	26	136	2.03952836418664
chr4	156192832	156193832	54	48	102	0.166649869409452
chr3	21994986	21995986	58	60	118	0.0480942882010451
chr3	21998986	21999986	52	60	112	0.202816882999688
chr7	105544888	105545888	78	76	154	0.0369942074822021
chr7	107599888	107600888	78	30	108	1.34958443779023
chr7	110004888	110005888	60	88	148	0.544996093403511
chr7	110005888	110006888	52	106	158	1.01354653183795
chr7	112780888	112781888	108	152	260	0.489203517915726
chr7	112866888	112867888	64	50	114	0.349942471056959
chr7	116443888	116444888	42	78	120	0.877515993475005
chr2	104097888	104098888	96	100	196	0.0582986405646668
chr2	104098888	104099888	106	120	226	0.177396250873448
chr2	104372888	104373888	64	70	134	0.127379306476228
chr2	104589888	104590888	70	42	112	0.723482364802584
chr14	121761874	121762874	56	62	118	0.144389909335175
chr14	121797874	121798874	62	62	124	0
chr14	121798874	121799874	66	38	104	0.780686971595523
chr9	119009874	119010874	62	40	102	0.619727918881833
chr9	119355874	119356874	44	80	124	0.84799690655495
chr9	120008874	120009874	52	74	126	0.500898235932682
chr9	120009874	120010874	106	90	196	0.23367234620245
chr9	123108874	123109874	46	68	114	0.553935605100532
chr9	123109874	123110874	52	56	108	0.104969559601543
chr3	104818888	104819888	44	68	112	0.616671360448494
chr3	104861888	104862888	94	68	162	0.461331151552779
chr3	115832888	115833888	74	74	148	0
chr3	115833888	115834888	76	76	152	0
chr3	116340888	116341888	84	50	134	0.736965594166207
chr3	116341888	116342888	70	52	122	0.421826664941483
chr3	116807888	116808888	72	56	128	0.356934544715276
chr3	116844888	116845888	52	50	102	0.0554951125917036
chr3	116845888	116846888	74	62	136	0.251538766995964
chr2	71639930	71640930	70	62	132	0.172467196004765
chr2	71804930	71805930	52	50	102	0.0554951125917036
chr2	71805930	71806930	66	62	128	0.0888092669578553
chr2	73490930	73491930	46	62	108	0.422691071822279
chr2	73496930	73497930	58	62	120	0.0946368741380752
chr2	73497930	73498930	108	88	196	0.292450893810528
chr2	73506930	73507930	38	66	104	0.780686971595523
chr10	40258958	40259958	74	70	144	0.0790715709911982
chr10	40347958	40348958	46	54	100	0.226770861847022
chr10	40348958	40349958	64	74	138	0.206450877467426
chr10	41471958	41472958	86	164	250	0.923378718397088
chr10	41472958	41473958	46	76	122	0.712197689017263
chr10	42277958	42278958	60	40	100	0.573185332944803
chr10	43488958	43489958	72	40	112	0.832272554261934
chr10	45063958	45064958	66	58	124	0.183446141095931
chr10	45064958	45065958	64	52	116	0.294447358465256
chr10	45065958	45066958	74	66	140	0.162729500038108
chr10	45173958	45174958	64	38	102	0.736965594166206
chr11	53838944	53839944	52	66	118	0.338168735894573
chr11	53929944	53930944	46	104	150	1.15965666598848
chr11	54833944	54834944	70	50	120	0.477321777533187
chr11	54845944	54846944	62	70	132	0.172467196004765
chr11	57957944	57958944	56	80	136	0.506959988719883
chr11	58170944	58171944	54	62	116	0.195920209975257
chr11	58238944	58239944	88	88	176	0
chr11	59259944	59260944	72	60	132	0.259087221317131
chr11	59260944	59261944	74	52	126	0.500898235932682
chr11	60045944	60046944	64	42	106	0.596103058326357
chr11	60886944	60887944	38	100	138	1.37280926388955
chr11	61230944	61231944	50	66	116	0.393663848486277
chr11	61536944	61537944	46	72	118	0.63523570720238
chr11	62049944	62050944	100	82	182	0.28317205140487
chr11	62050944	62051944	76	52	128	0.538866086131702
chr11	62076944	62077944	64	64	128	0
chr11	62486944	62487944	66	64	130	0.0437213774293177
chr11	62488944	62489944	76	38	114	0.981384321832652
chr11	62493944	62494944	56	48	104	0.218180170049533
chr11	62494944	62495944	84	52	136	0.681470481574503
chr11	62495944	62496944	78	72	150	0.113956189297086
chr11	62496944	62497944	84	100	184	0.248820546614093
chr11	62510944	62511944	142	164	306	0.206450877467427
chr11	62511944	62512944	50	62	112	0.304854581528422
chr11	62760944	62761944	98	78	176	0.325575871902506
chr11	63531944	63532944	72	66	138	0.123735368422246
chr11	63954944	63955944	68	68	136	0
chr11	64075944	64076944	56	52	108	0.104969559601543
chr11	64121944	64122944	190	90	280	1.06963418783705
chr11	64122944	64123944	146	80	226	0.85982234195174
chr14	65342930	65343930	78	32	110	1.25938662881865
chr14	65662930	65663930	72	56	128	0.356934544715276
chr14	65663930	65664930	90	84	174	0.0984037040609946
chr14	70657930	70658930	88	20	108	2.08341600818764
chr14	70658930	70659930	88	24	112	1.83187724119167
chr14	75153930	75154930	40	66	106	0.708537185839688
chr14	75165930	75166930	58	60	118	0.0480942882010451
chr14	75173930	75174930	42	58	100	0.456378294659744
chr14	75175930	75176930	72	48	120	0.575114714764809
chr14	75192930	75193930	44	58	102	0.390789953032167
chr15	77976916	77977916	46	62	108	0.422691071822279
chr15	78875916	78876916	64	74	138	0.206450877467426
chr15	79459916	79460916	62	52	114	0.249359468936718
chr15	80074916	80075916	64	44	108	0.53051471669878
chr15	80075916	80076916	66	68	134	0.0424352663203971
chr15	81196916	81197916	114	102	216	0.158989523761156
chr15	81522916	81523916	48	54	102	0.166649869409452
chr15	81810916	81811916	64	52	116	0.294447358465256
chr15	84686916	84687916	66	66	132	0
chr15	88707916	88708916	56	66	122	0.233199176293031
chr15	88708916	88709916	96	74	170	0.371094151691247
chr15	88744916	88745916	98	90	188	0.121561979880913
chr15	88745916	88746916	84	90	174	0.0984037040609946
chr15	88866916	88867916	94	94	188	0
chr15	88867916	88868916	100	74	174	0.429392792255914
chr15	90587916	90588916	52	56	108	0.104969559601543
chr15	90588916	90589916	60	68	128	0.177787119215282
chr2	26620972	26621972	56	64	120	0.189477798863713
chr2	27504972	27505972	70	48	118	0.535037275389474
chr2	27629972	27630972	50	70	120	0.477321777533187
chr2	27630972	27631972	92	112	204	0.281020151307157
chr2	27661972	27662972	76	76	152	0
chr2	28429972	28430972	54	50	104	0.108934371553165
chr2	28513972	28514972	52	52	104	0
chr2	30905972	30906972	72	64	136	0.167456745851563
chr2	31093972	31094972	98	84	182	0.219965683941908
chr2	31094972	31095972	66	52	118	0.338168735894573
chr2	32394972	32395972	56	44	100	0.341036917835067
chr2	32450972	32451972	46	76	122	0.712197689017263
chr2	32470972	32471972	44	56	100	0.341036917835067
chr2	32653972	32654972	54	56	110	0.0515303006400814
chr2	33129972	33130972	46	70	116	0.595158267827045
chr2	33130972	33131972	76	84	160	0.142604395442801
chr2	35488972	35489972	80	40	120	0.982297998266541
chr2	35489972	35490972	96	56	152	0.767022828022387
chr2	37358972	37359972	62	56	118	0.144389909335175
chr5	107435888	107436888	62	66	128	0.0888092669578553
chr5	107436888	107437888	48	92	140	0.924448966992823
chr5	108027888	108028888	56	78	134	0.470890734012362
chr5	108039888	108040888	66	56	122	0.233199176293031
chr5	108076888	108077888	42	68	110	0.682259702076071
chr5	108618888	108619888	60	40	100	0.573185332944803
chr5	109801888	109802888	38	78	116	1.01837852931485
chr5	112323888	112324888	60	64	124	0.0916304754655677
chr5	113918888	113919888	62	38	100	0.691877704637668
chr5	115259888	115260888	58	56	114	0.0497530351971003
chr5	115325888	115326888	82	84	166	0.0343515047907772
chr5	115489888	115490888	94	58	152	0.687212558969106
chr5	115490888	115491888	90	52	142	0.779874185635498
chr18	32054972	32055972	54	66	120	0.284729476933112
chr18	33210972	33211972	60	42	102	0.504472582860789
chr18	34918972	34919972	48	56	104	0.218180170049533
chr18	35021972	35022972	76	82	158	0.108252890652023
chr18	35044972	35045972	58	46	104	0.328054197684204
chr18	36332972	36333972	54	46	100	0.226770861847022
chr18	36341972	36342972	92	96	188	0.0607540310790968
chr18	36342972	36343972	90	104	194	0.206450877467426
chr18	36343972	36344972	64	54	118	0.241008099503794
chr18	36558972	36559972	62	56	118	0.144389909335175
chr17	56289944	56290944	106	82	188	0.366427555054222
chr17	56941944	56942944	54	48	102	0.166649869409452
chr11	78165916	78166916	52	52	104	0
chr11	78173916	78174916	60	54	114	0.149377624038227
chr11	78174916	78175916	78	34	112	1.17449773123214
chr11	78175916	78176916	70	36	106	0.940293753875732
chr11	78461916	78462916	64	62	126	0.0450878895285376
chr11	78462916	78463916	202	172	374	0.230707689548452
chr11	78696916	78697916	46	54	100	0.226770861847022
chr11	79254916	79255916	76	66	142	0.200697350237129
chr11	79293916	79294916	48	56	104	0.218180170049533
chr11	79655916	79656916	92	80	172	0.199308808223407
chr11	80167916	80168916	82	66	148	0.308950240889152
chr11	80790916	80791916	72	58	130	0.307181509518176
chr11	80791916	80792916	62	86	148	0.465663572348811
chr11	80817916	80818916	72	62	134	0.212544635380101
chr11	83271916	83272916	62	38	100	0.691877704637668
chr11	83272916	83273916	54	50	104	0.108934371553165
chr11	84057916	84058916	66	58	124	0.183446141095931
chr11	84058916	84059916	104	78	182	0.410464769489019
chr11	84059916	84060916	86	96	182	0.1569693463384
chr11	84079916	84080916	60	80	140	0.409112665321738
chr11	84934916	84935916	58	48	106	0.267933205246633
chr11	84944916	84945916	74	82	156	0.146220740851044
chr11	85240916	85241916	66	54	120	0.284729476933112
chr11	86905916	86906916	48	54	102	0.166649869409452
chr11	86906916	86907916	52	48	100	0.11321061044799
chr11	87108916	87109916	80	60	140	0.409112665321738
chr11	87422916	87423916	36	84	120	1.19993757050875
chr11	87423916	87424916	42	62	104	0.551015168797819
chr11	87424916	87425916	10	106	116	3.28203536776385
chr11	87426916	87427916	54	68	122	0.327164743253509
chr11	87427916	87428916	44	62	106	0.485426827170242
chr11	87461916	87462916	26	112	138	2.06529146025172
chr11	87462916	87463916	40	240	280	2.55533733161188
chr11	87467916	87468916	34	74	108	1.09953567355091
chr11	87469916	87470916	14	128	142	3.10433665981474
chr11	87489916	87490916	52	56	108	0.104969559601543
chr11	88954916	88955916	48	56	104	0.218180170049533
chr11	88967916	88968916	266	132	398	1.00541349618636
chr11	88968916	88969916	130	92	222	0.494264190429419
chr11	88969916	88970916	140	30	170	2.18535504201192
chr11	89021916	89022916	42	60	102	0.504472582860789
chr1	130279860	130280860	28	102	130	1.82851953205565
chr1	130485860	130486860	44	88	132	0.983880334636723
chr1	131526860	131527860	72	60	132	0.259087221317131
chr1	131561860	131562860	70	60	130	0.219009781941796
chr1	132205860	132206860	50	64	114	0.349942471056959
chr1	133117860	133118860	62	46	108	0.422691071822279
chr1	133128860	133129860	44	56	100	0.341036917835067
chr1	133129860	133130860	46	66	112	0.511500338780135
chr1	133669860	133670860	82	94	176	0.194816176984023
chr1	133670860	133671860	62	66	128	0.0888092669578553
chr1	134225860	134226860	98	46	144	1.07476776840197
chr1	134381860	134382860	58	60	118	0.0480942882010451
chr1	135247860	135248860	90	96	186	0.0921182019884315
chr1	135250860	135251860	104	110	214	0.0801703486839838
chr1	135251860	135252860	72	72	144	0
chr1	135258860	135259860	58	70	128	0.267104070142841
chr1	135259860	135260860	116	68	184	0.761840262805236
chr1	136014860	136015860	40	70	110	0.792195114886598
chr1	136015860	136016860	34	70	104	1.02046410255972
chr1	136444860	136445860	48	74	122	0.614108846380672
chr1	136689860	136690860	78	48	126	0.689070904061895
chr1	136690860	136691860	90	24	114	1.86393845042397
chr1	136695860	136696860	48	68	116	0.493814612662961
chr1	136972860	136973860	88	74	162	0.246914740470517
chr1	136988860	136989860	36	64	100	0.812914447399504
chr1	136998860	136999860	64	54	118	0.241008099503794
chr1	137002860	137003860	54	80	134	0.558490289359964
chr1	137003860	137004860	66	68	134	0.0424352663203971
chr8	4677000	4678000	48	82	130	0.760329587231716
chr8	8553000	8554000	60	50	110	0.258311995591392
chr8	8555000	8556000	92	54	146	0.757799097583371
chr8	8556000	8557000	60	50	110	0.258311995591392
chr8	11472000	11473000	92	48	140	0.924448966992823
chr8	11555000	11556000	84	62	146	0.432111012637785
chr8	11635000	11636000	52	64	116	0.294447358465256
chr8	11636000	11637000	90	72	162	0.317970081318679
chr2	52915944	52916944	66	104	170	0.64815632720835
chr2	53190944	53191944	46	74	120	0.674229838818243
chr2	59421944	59422944	118	100	218	0.236606280556149
chr2	59422944	59423944	96	78	174	0.296132094010025
chr2	59669944	59670944	72	52	124	0.461904104316819
chr2	59675944	59676944	60	76	136	0.336049203132014
chr12	98713902	98714902	50	80	130	0.667424660913129
chr12	100185902	100186902	66	54	120	0.284729476933112
chr12	100186902	100187902	50	56	106	0.160464672193246
chr7	3201000	3202000	42	58	100	0.456378294659744
chr7	3204000	3205000	74	40	114	0.871266685877797
chr7	3206000	3207000	58	58	116	0
chr7	3216000	3217000	42	58	100	0.456378294659744
chr7	3221000	3222000	54	50	104	0.108934371553165
chr7	3306000	3307000	48	56	104	0.218180170049533
chr7	5014000	5015000	52	70	122	0.421826664941483
chr7	6362000	6363000	40	66	106	0.708537185839688
chr7	6363000	6364000	72	72	144	0
chr17	42836958	42837958	48	64	112	0.407657968913246
chr17	42882958	42883958	82	86	168	0.0679040645018034
chr17	42883958	42884958	92	72	164	0.349334252228013
chr17	42884958	42885958	46	54	100	0.226770861847022
chr17	47501958	47502958	62	48	110	0.362570079384708
chr17	51853958	51854958	78	94	172	0.266074860153845
chr12	104811888	104812888	66	64	130	0.0437213774293177
chr12	108126888	108127888	50	58	108	0.210217707390346
chr12	110471888	110472888	60	40	100	0.573185332944803
chr12	110702888	110703888	54	54	108	0
chr12	110991888	110992888	68	64	132	0.0861566437497148
chr10	18047986	18048986	44	86	130	0.951090399519053
chr10	21845986	21846986	106	54	160	0.960107272876487
chr10	21846986	21847986	92	68	160	0.430634354329862
chr10	21984986	21985986	48	66	114	0.451379346342564
chr10	23893986	23894986	102	108	210	0.0816837975937075
chr10	24594986	24595986	68	62	130	0.131244533278252
chr10	24740986	24741986	82	114	196	0.47045061959745
chr10	25343986	25344986	50	50	100	0
chr18	80249916	80250916	44	56	100	0.341036917835067
chr18	82487916	82488916	72	58	130	0.307181509518176
chr18	82488916	82489916	52	76	128	0.538866086131702
chr18	84676916	84677916	56	54	110	0.0515303006400814
chr18	84933916	84934916	128	70	198	0.861480135918572
chr2	143914846	143915846	66	76	142	0.200697350237129
chr2	148505846	148506846	36	76	112	1.05733317506595
chr2	151993846	151994846	68	36	104	0.899071091149219
chr2	151994846	151995846	58	46	104	0.328054197684204
chr2	151997846	151998846	56	54	110	0.0515303006400814
chr2	153611846	153612846	44	82	126	0.88318633501725
chr2	153638846	153639846	62	72	134	0.212544635380101
chr2	153639846	153640846	96	92	188	0.0607540310790968
chr2	154653846	154654846	44	58	102	0.390789953032167
chr19	32453972	32454972	46	76	122	0.712197689017263
chr19	32908972	32909972	58	76	134	0.384143491333059
chr19	32909972	32910972	36	68	104	0.899071091149219
chr19	36235972	36236972	58	60	118	0.0480942882010451
chr19	38030972	38031972	52	92	144	0.811238356544832
chr19	38031972	38032972	44	58	102	0.390789953032167
chr19	38032972	38033972	84	60	144	0.478653598574815
chr19	38036972	38037972	52	80	132	0.611929548321426
chr19	38037972	38038972	80	94	174	0.230005605446324
chr19	38052972	38053972	54	46	100	0.226770861847022
chr19	38053972	38054972	96	88	184	0.12417941122073
chr19	38070972	38071972	52	60	112	0.202816882999688
chr19	38335972	38336972	56	48	104	0.218180170049533
chr19	38336972	38337972	76	70	146	0.117039421190219
chr19	38339972	38340972	82	64	146	0.35267161831847
chr19	38340972	38341972	114	62	176	0.868210127444458
chr19	38350972	38351972	150	176	326	0.229200810757919
chr19	38351972	38352972	90	120	210	0.411068597075898
chr19	38357972	38358972	36	72	108	0.980371193251067
chr6	39424958	39425958	58	52	110	0.154722594798643
chr6	39433958	39434958	74	72	146	0.0389941316158629
chr6	39434958	39435958	52	60	112	0.202816882999688
chr6	41679958	41680958	50	72	122	0.517399216908522
chr6	41680958	41681958	78	98	176	0.325575871902506
chr6	41700958	41701958	64	72	136	0.167456745851563
chr6	42348958	42349958	58	52	110	0.154722594798643
chr6	47374958	47375958	106	106	212	0
chr6	47375958	47376958	118	108	226	0.126633438531018
chr6	47425958	47426958	90	72	162	0.317970081318679
chr6	49225958	49226958	62	44	106	0.485426827170242
chr6	49275958	49276958	56	44	100	0.341036917835067
chr16	29945972	29946972	76	72	148	0.0769619818148835
chr16	29953972	29954972	82	66	148	0.308950240889152
chr16	30068972	30069972	54	46	100	0.226770861847022
chr16	30178972	30179972	48	58	106	0.267933205246633
chr16	31532972	31533972	62	76	138	0.289506617194984
chr16	31925972	31926972	118	52	170	1.16689730874475
chr16	34053972	34054972	34	84	118	1.28010791919274
chr16	35420972	35421972	58	48	106	0.267933205246633
chr16	35421972	35422972	50	56	106	0.160464672193246
chr16	36129972	36130972	56	58	114	0.0497530351971003
chr16	36486972	36487972	104	8	112	3.54432051622381
chr16	36784972	36785972	84	68	152	0.300866479359533
chr16	37981972	37982972	86	66	152	0.376854305390956
chr1	43422958	43423958	78	96	174	0.296132094010025
chr1	43462958	43463958	58	42	100	0.456378294659744
chr1	43483958	43484958	78	80	158	0.0360692547075212
chr1	44583958	44584958	56	56	112	0
chr1	51190958	51191958	68	40	108	0.750972452160085
chr1	51400958	51401958	74	48	122	0.614108846380672
chr1	51478958	51479958	68	66	134	0.0424352663203971
chr5	81590916	81591916	30	108	138	1.81398801439005
chr5	90234916	90235916	50	50	100	0
chr5	90245916	90246916	50	74	124	0.556393348524385
chr5	90246916	90247916	80	68	148	0.231325546106455
chr4	43756958	43757958	24	76	100	1.62293035092018
chr4	45197958	45198958	46	94	140	1.01526675665331
chr4	46649958	46650958	76	46	122	0.712197689017263
chr4	49635958	49636958	54	46	100	0.226770861847022
chr1	90983902	90984902	44	60	104	0.438884241233212
chr1	91057902	91058902	72	96	168	0.41008828330711
chr1	91059902	91060902	104	102	206	0.0277449904829039
chr1	91247902	91248902	70	32	102	1.10535300014623
chr1	91303902	91304902	48	60	108	0.316027493447678
chr1	93477902	93478902	64	54	118	0.241008099503794
chr1	96842902	96843902	56	66	122	0.233199176293031
chr1	96843902	96844902	64	56	120	0.189477798863713
chr14	41024958	41025958	100	38	138	1.37280926388955
chr14	41025958	41026958	106	66	172	0.675377795943374
chr14	48700958	48701958	46	56	102	0.278301162487104
chr14	51900958	51901958	98	62	160	0.652076696579693
chr3	121409874	121410874	52	84	136	0.681470481574503
chr3	121410874	121411874	52	66	118	0.338168735894573
chr3	121427874	121428874	70	76	146	0.117039421190219
chr3	121428874	121429874	70	88	158	0.325986311461715
chr3	121429874	121430874	68	40	108	0.750972452160085
chr3	121833874	121834874	22	94	116	2.04629365227393
chr3	122017874	122018874	62	48	110	0.362570079384708
chr3	122018874	122019874	60	60	120	0
chr3	122046874	122047874	60	46	106	0.376148485885249
chr3	122047874	122048874	54	46	100	0.226770861847022
chr3	122048874	122049874	74	74	148	0
chr3	122049874	122050874	52	52	104	0
chr3	122050874	122051874	32	74	106	1.18442457113743
chr3	122473874	122474874	86	46	132	0.88835464417109
chr3	122520874	122521874	56	50	106	0.160464672193246
chr3	122984874	122985874	54	48	102	0.166649869409452
chr3	122985874	122986874	118	116	234	0.0244530437245389
chr3	127450874	127451874	68	44	112	0.616671360448494
chr3	127452874	127453874	66	34	100	0.936806173512806
chr3	129350874	129351874	68	58	126	0.225881407416328
chr3	129649874	129650874	120	162	282	0.429864916956483
chr3	129650874	129651874	100	94	194	0.0883558744208468
chr13	21227986	21228986	68	38	106	0.82312223791592
chr13	23571986	23572986	38	62	100	0.691877704637668
chr13	24260986	24261986	66	52	118	0.338168735894573
chr15	66978930	66979930	82	56	138	0.542149417182183
chr15	66979930	66980930	120	92	212	0.379704426166564
chr15	73461930	73462930	54	66	120	0.284729476933112
chr15	75269930	75270930	68	72	140	0.0813001021018485
chr15	75747930	75748930	58	46	104	0.328054197684204
chr15	76161930	76162930	40	62	102	0.619727918881833
chr15	76192930	76193930	76	54	130	0.485426827170241
chr15	76195930	76196930	72	46	118	0.63523570720238
chr15	76659930	76660930	38	62	100	0.691877704637668
chr15	76875930	76876930	66	52	118	0.338168735894573
chr15	76876930	76877930	56	66	122	0.233199176293031
chr15	76878930	76879930	70	48	118	0.535037275389474
chr15	77058930	77059930	68	34	102	0.979241439833203
chr15	77819930	77820930	72	56	128	0.356934544715276
chr15	77820930	77821930	56	56	112	0
chr15	77821930	77822930	70	52	122	0.421826664941483
chr15	77822930	77823930	70	36	106	0.940293753875732
chr15	77824930	77825930	58	68	126	0.225881407416328
chr15	77841930	77842930	62	40	102	0.619727918881833
chr15	77842930	77843930	60	52	112	0.202816882999688
chr15	77846930	77847930	56	58	114	0.0497530351971003
chr15	77847930	77848930	90	76	166	0.241008099503795
chr15	77874930	77875930	50	62	112	0.304854581528422
chr15	77875930	77876930	88	104	192	0.238512086699725
chr15	77881930	77882930	60	74	134	0.298081352932994
chr15	77882930	77883930	56	66	122	0.233199176293031
chr15	77906930	77907930	46	64	110	0.467778961350817
chr15	77907930	77908930	54	52	106	0.0534392589614612
chr15	77910930	77911930	42	64	106	0.596103058326357
chr15	77928930	77929930	38	62	100	0.691877704637668
chr15	77956930	77957930	52	74	126	0.500898235932682
chr16	78307916	78308916	58	44	102	0.390789953032167
chr16	88598916	88599916	48	52	100	0.11321061044799
chr16	88599916	88600916	46	62	108	0.422691071822279
chr16	89975916	89976916	52	64	116	0.294447358465256
chr5	143908846	143909846	90	88	178	0.0320612092322987
chr5	144932846	144933846	50	78	128	0.631355406205608
chr5	144933846	144934846	60	112	172	0.889441624852301
chr5	146249846	146250846	40	76	116	0.909234536076817
chr5	146677846	146678846	60	72	132	0.259087221317131
chr5	146678846	146679846	74	46	120	0.674229838818243
chr5	146923846	146924846	78	48	126	0.689070904061895
chr5	146930846	146931846	72	60	132	0.259087221317131
chr5	147298846	147299846	44	66	110	0.574236094128097
chr5	147299846	147300846	80	104	184	0.374395514781498
chr5	147428846	147429846	42	72	114	0.76355980417792
chr5	150166846	150167846	62	58	120	0.0946368741380752
chr5	150850846	150851846	174	86	260	1.0082676159836
chr5	118390874	118391874	58	48	106	0.267933205246633
chr5	118448874	118449874	86	52	138	0.715023041285529
chr5	119579874	119580874	56	66	122	0.233199176293031
chr5	119587874	119588874	68	80	148	0.231325546106455
chr5	119588874	119589874	60	72	132	0.259087221317131
chr5	124111874	124112874	48	66	114	0.451379346342564
chr13	92897902	92898902	26	86	112	1.68805599368526
chr13	95534902	95535902	54	48	102	0.166649869409452
chr13	96997902	96998902	96	60	156	0.669175504624241
chr13	97016902	97017902	48	60	108	0.316027493447678
chr13	98698902	98699902	74	90	164	0.278975949702816
chr13	98699902	98700902	94	100	194	0.0883558744208468
chr13	102862902	102863902	54	58	112	0.101283335837182
chr13	102863902	102864902	66	64	130	0.0437213774293177
chr6	82722916	82723916	72	76	148	0.0769619818148835
chr6	82723916	82724916	74	94	168	0.341036917835067
chr6	82767916	82768916	56	58	114	0.0497530351971003
chr6	82768916	82769916	52	52	104	0
chr6	82878916	82879916	66	48	114	0.451379346342564
chr6	83836916	83837916	38	62	100	0.691877704637668
chr6	83837916	83838916	62	48	110	0.362570079384708
chr6	85376916	85377916	84	100	184	0.248820546614093
chr6	85380916	85381916	70	70	140	0
chr6	86506916	86507916	42	66	108	0.639824435755674
chr6	86525916	86526916	54	46	100	0.226770861847022
chr6	88011916	88012916	66	40	106	0.708537185839688
chr6	88233916	88234916	56	56	112	0
chr6	88747916	88748916	84	38	122	1.12398871727545
chr6	88841916	88842916	50	62	112	0.304854581528422
chr12	44580958	44581958	66	70	136	0.0836579290469102
chr12	51734958	51735958	74	32	106	1.18442457113743
chr12	51869958	51870958	76	44	120	0.774933444365226
chr17	13682986	13683986	56	92	148	0.70626879694329
chr17	15619986	15620986	32	86	118	1.39854937649027
chr17	15620986	15621986	26	78	104	1.54889324601363
chr17	17373986	17374986	62	38	100	0.691877704637668
chr17	17623986	17624986	52	52	104	0
chr17	17624986	17625986	64	42	106	0.596103058326357
chr3	79841916	79842916	72	62	134	0.212544635380101
chr3	79850916	79851916	52	52	104	0
chr3	79851916	79852916	90	116	206	0.362570079384708
chr3	80052916	80053916	86	100	186	0.215267986903067
chr3	80059916	80060916	50	58	108	0.210217707390346
chr3	81020916	81021916	60	126	186	1.05794734920928
chr3	81021916	81022916	60	108	168	0.837446987214039
chr3	84188916	84189916	46	70	116	0.595158267827045
chr3	85274916	85275916	44	66	110	0.574236094128097
chr3	85649916	85650916	60	60	120	0
chr3	86208916	86209916	46	60	106	0.376148485885249
chr3	86223916	86224916	50	66	116	0.393663848486277
chr3	86883916	86884916	60	66	126	0.135351852894885
chr3	87192916	87193916	66	84	150	0.34330174567993
chr3	87500916	87501916	72	58	130	0.307181509518176
chr3	87501916	87502916	64	60	124	0.0916304754655677
chr3	87502916	87503916	52	62	114	0.249359468936718
chr3	88081916	88082916	52	52	104	0
chr3	88508916	88509916	56	54	110	0.0515303006400814
chr3	89195916	89196916	72	54	126	0.408464845355358
chr3	89250916	89251916	54	50	104	0.108934371553165
chr3	89381916	89382916	54	52	106	0.0534392589614612
chr5	53044944	53045944	44	64	108	0.53051471669878
chr5	53541944	53542944	52	62	114	0.249359468936718
chr5	53554944	53555944	60	52	112	0.202816882999688
chr16	43889958	43890958	52	48	100	0.11321061044799
chr16	48296958	48297958	46	54	100	0.226770861847022
chr16	48308958	48309958	62	58	120	0.0946368741380752
chr16	50942958	50943958	98	54	152	0.84799690655495
chr16	51366958	51367958	68	46	114	0.553935605100532
chr16	57382944	57383944	56	64	120	0.189477798863713
chr16	57383944	57384944	60	42	102	0.504472582860789
chr16	58513944	58514944	52	62	114	0.249359468936718
chr16	62937944	62938944	54	60	114	0.149377624038227
chr6	143156846	143157846	86	88	174	0.0327899351176697
chr6	143163846	143164846	70	66	136	0.0836579290469102
chr6	143164846	143165846	52	68	120	0.38060400221497
chr6	145712846	145713846	62	60	122	0.0465425859370301
chr6	149134846	149135846	42	58	100	0.456378294659744
chr6	149237846	149238846	68	50	118	0.436099114806674
chr2	157012832	157013832	46	58	104	0.328054197684204
chr2	163646832	163647832	94	64	158	0.547487795302494
chr2	163647832	163648832	64	82	146	0.35267161831847
chr2	163648832	163649832	30	100	130	1.70401517236492
chr2	163691832	163692832	82	54	136	0.593679717822265
chr2	163692832	163693832	68	58	126	0.225881407416328
chr2	164434832	164435832	48	62	110	0.362570079384708
chr2	164816832	164817832	54	58	112	0.101283335837182
chr2	165830832	165831832	110	86	196	0.351472370501378
chr2	165831832	165832832	76	64	140	0.244418727666447
chr2	165968832	165969832	124	48	172	1.35107444054688
chr2	165969832	165970832	60	42	102	0.504472582860789
chr2	165975832	165976832	76	62	138	0.289506617194984
chr2	165976832	165977832	66	38	104	0.780686971595523
chr2	167462832	167463832	46	58	104	0.328054197684204
chr2	168065832	168066832	186	170	356	0.129041945001738
chr2	168066832	168067832	54	66	120	0.284729476933112
chr2	168114832	168115832	60	44	104	0.438884241233212
chr2	168744832	168745832	60	48	108	0.316027493447678
chr2	168745832	168746832	72	110	182	0.604591307470089
chr2	168767832	168768832	54	50	104	0.108934371553165
chr2	168768832	168769832	48	62	110	0.362570079384708
chr2	168845832	168846832	72	28	100	1.33184356375245
chr8	83593916	83594916	68	44	112	0.616671360448494
chr8	88116916	88117916	80	80	160	0
chr8	88117916	88118916	76	64	140	0.244418727666447
chr11	117825874	117826874	58	70	128	0.267104070142841
chr11	117831874	117832874	50	52	102	0.0554951125917036
chr11	117835874	117836874	50	58	108	0.210217707390346
chr11	120506874	120507874	54	56	110	0.0515303006400814
chr11	120747874	120748874	86	32	118	1.39854937649027
chr11	121052874	121053874	52	74	126	0.500898235932682
chr11	121351874	121352874	78	70	148	0.154033628672421
chr11	121352874	121353874	64	56	120	0.189477798863713
chr2	130288860	130289860	108	78	186	0.464403576599823
chr2	130337860	130338860	66	62	128	0.0888092669578553
chr2	130451860	130452860	84	114	198	0.436099114806673
chr2	130452860	130453860	36	74	110	1.01936532486693
chr2	130469860	130470860	118	124	242	0.0709665213541433
chr2	130859860	130860860	86	92	178	0.096215315259303
chr2	132515860	132516860	80	50	130	0.667424660913129
chr2	132591860	132592860	66	72	138	0.123735368422246
chr2	132592860	132593860	58	60	118	0.0480942882010451
chr2	132638860	132639860	76	36	112	1.05733317506595
chr2	136890860	136891860	56	46	102	0.278301162487104
chr7	127208874	127209874	62	50	112	0.304854581528422
chr7	127562874	127563874	52	54	106	0.0534392589614612
chr7	127875874	127876874	50	52	102	0.0554951125917036
chr7	127894874	127895874	76	54	130	0.485426827170241
chr7	127895874	127896874	72	70	142	0.0400774393753354
chr7	127929874	127930874	58	48	106	0.267933205246633
chr7	129420874	129421874	72	34	106	1.06054154193505
chr13	5826000	5827000	74	38	112	0.943416471633632
chr13	8885000	8886000	56	46	102	0.278301162487104
chr9	40791958	40792958	70	52	122	0.421826664941483
chr9	43856958	43857958	32	78	110	1.25938662881865
chr9	43857958	43858958	84	98	182	0.219965683941908
chr9	46010958	46011958	76	42	118	0.840521785992803
chr9	46034958	46035958	60	80	140	0.409112665321738
chr17	80017916	80018916	44	58	102	0.390789953032167
chr17	83649916	83650916	38	74	112	0.943416471633632
chr17	84956916	84957916	68	76	144	0.158262083916732
chr17	85161916	85162916	68	68	136	0
chr17	85162916	85163916	62	76	138	0.289506617194984
chr17	86740916	86741916	50	60	110	0.258311995591392
chr17	87096916	87097916	80	26	106	1.58496250072116
chr17	87590916	87591916	50	50	100	0
chr17	88137916	88138916	72	86	158	0.25311893696871
chr17	88140916	88141916	50	50	100	0
chr17	88557916	88558916	54	74	128	0.447458976971221
chr19	40994958	40995958	40	60	100	0.573185332944803
chr19	43504958	43505958	64	58	122	0.139724763666613
chr19	43668958	43669958	66	44	110	0.574236094128097
chr19	43768958	43769958	74	86	160	0.214124805352848
chr19	43881958	43882958	50	50	100	0
chr19	43889958	43890958	74	92	166	0.310340120612151
chr19	44387958	44388958	52	48	100	0.11321061044799
chr19	44388958	44389958	76	72	148	0.0769619818148835
chr19	44389958	44390958	66	58	124	0.183446141095931
chr19	46046958	46047958	64	50	114	0.349942471056959
chr19	46351958	46352958	74	38	112	0.943416471633632
chr9	104081888	104082888	20	82	102	1.98272200856816
chr9	106571888	106572888	58	50	108	0.210217707390346
chr9	106572888	106573888	118	112	230	0.0746388008927559
chr9	108143888	108144888	40	62	102	0.619727918881833
chr9	108144888	108145888	42	94	136	1.14359085362885
chr9	108263888	108264888	80	64	144	0.31748218985617
chr9	108264888	108265888	76	60	136	0.336049203132014
chr9	108296888	108297888	62	48	110	0.362570079384708
chr9	109869888	109870888	46	64	110	0.467778961350817
chr9	109930888	109931888	64	68	132	0.0861566437497148
chr9	110143888	110144888	78	66	144	0.237691557719331
chr9	110144888	110145888	82	68	150	0.266514974568755
chr9	110475888	110476888	52	58	110	0.154722594798643
chr9	114785888	114786888	80	36	116	1.13039663725567
chr7	27195972	27196972	54	54	108	0
chr7	27646972	27647972	76	28	104	1.40880554556733
chr7	28374972	28375972	62	62	124	0
chr7	28375972	28376972	60	52	112	0.202816882999688
chr7	28447972	28448972	54	52	106	0.0534392589614612
chr7	28676972	28677972	56	82	138	0.542149417182183
chr7	28837972	28838972	54	62	116	0.195920209975257
chr7	28962972	28963972	50	52	102	0.0554951125917036
chr7	28968972	28969972	76	54	130	0.485426827170241
chr7	28969972	28970972	46	62	108	0.422691071822279
chr7	29283972	29284972	44	60	104	0.438884241233212
chr7	29286972	29287972	80	38	118	1.05444778402238
chr7	29287972	29288972	86	34	120	1.31366047890376
chr7	29403972	29404972	74	30	104	1.27462238010901
chr7	29493972	29494972	38	62	100	0.691877704637668
chr7	29979972	29980972	54	60	114	0.149377624038227
chr7	29980972	29981972	114	104	218	0.131244533278252
chr7	29981972	29982972	74	58	132	0.346175641134039
chr7	29982972	29983972	64	64	128	0
chr7	30562972	30563972	52	48	100	0.11321061044799
chr7	30601972	30602972	56	48	104	0.218180170049533
chr7	30891972	30892972	70	122	192	0.792767385834558
chr7	30892972	30893972	62	90	152	0.53051471669878
chr7	34408972	34409972	104	114	218	0.131244533278252
chr7	34569972	34570972	46	54	100	0.226770861847022
chr7	34720972	34721972	66	66	132	0
chr7	34916972	34917972	48	52	100	0.11321061044799
chr7	34917972	34918972	64	48	112	0.407657968913246
chr7	35174972	35175972	58	50	108	0.210217707390346
chr7	35175972	35176972	68	50	118	0.436099114806674
chr7	38226972	38227972	44	58	102	0.390789953032167
chr5	91609902	91610902	44	56	100	0.341036917835067
chr5	92761902	92762902	84	50	134	0.736965594166207
chr5	92762902	92763902	108	56	164	0.935294310612185
chr5	92773902	92774902	56	62	118	0.144389909335175
chr5	92798902	92799902	70	48	118	0.535037275389474
chr5	93265902	93266902	68	48	116	0.493814612662961
chr5	100860902	100861902	58	56	114	0.0497530351971003
chr5	103675902	103676902	58	48	106	0.267933205246633
chr5	103723902	103724902	72	48	120	0.575114714764809
chr5	103734902	103735902	88	124	212	0.490050853695689
chr5	103735902	103736902	68	56	124	0.275634442613428
chr5	103736902	103737902	42	58	100	0.456378294659744
chr7	129954860	129955860	76	78	154	0.0369942074822021
chr7	130192860	130193860	68	42	110	0.682259702076071
chr7	130193860	130194860	100	102	202	0.0282890444314239
chr7	130194860	130195860	92	94	186	0.0306967972229169
chr7	130253860	130254860	64	60	124	0.0916304754655677
chr7	130254860	130255860	66	84	150	0.34330174567993
chr7	130647860	130648860	22	78	100	1.78021879212009
chr7	130981860	130982860	66	60	126	0.135351852894885
chr7	133040860	133041860	154	84	238	0.866733469136536
chr7	133041860	133042860	60	50	110	0.258311995591392
chr7	133053860	133054860	52	58	110	0.154722594798643
chr7	138909860	138910860	48	68	116	0.493814612662961
chr7	140035860	140036860	60	40	100	0.573185332944803
chr7	140958860	140959860	42	62	104	0.551015168797819
chr7	141215860	141216860	52	48	100	0.11321061044799
chr7	141372860	141373860	42	58	100	0.456378294659744
chr7	141557860	141558860	58	42	100	0.456378294659744
chr7	141576860	141577860	54	48	102	0.166649869409452
chr7	141577860	141578860	66	90	156	0.441705449740924
chr7	142283860	142284860	42	84	126	0.983126181435604
chr7	142433860	142434860	56	52	108	0.104969559601543
chr6	29244972	29245972	54	64	118	0.241008099503794
chr6	31048972	31049972	50	54	104	0.108934371553165
chr6	34348972	34349972	54	52	106	0.0534392589614612
chr6	34349972	34350972	98	72	170	0.439532061199592
chr6	34912972	34913972	80	62	142	0.362570079384708
chr6	36670972	36671972	86	22	108	1.91938153979172
chr6	38772972	38773972	26	80	106	1.58496250072116
chr15	6377000	6378000	52	48	100	0.11321061044799
chr15	6444000	6445000	62	54	116	0.195920209975257
chr15	6445000	6446000	70	94	164	0.420108488826266
chr15	6446000	6447000	52	70	122	0.421826664941483
chr15	10668000	10669000	50	72	122	0.517399216908522
chr15	39247958	39248958	94	8	102	3.39993060688864
chr15	41692958	41693958	60	56	116	0.0978473233981454
chr15	51951958	51952958	78	26	104	1.54889324601363
chr19	14481986	14482986	58	68	126	0.225881407416328
chr19	14644986	14645986	56	54	110	0.0515303006400814
chr19	14654986	14655986	132	92	224	0.516123624393159
chr19	14655986	14656986	76	66	142	0.200697350237129
chr19	17255986	17256986	56	48	104	0.218180170049533
chr19	17315986	17316986	164	86	250	0.923378718397088
chr19	17388986	17389986	86	38	124	1.15754127698648
chr19	21636986	21637986	46	58	104	0.328054197684204
chr19	23041986	23042986	48	70	118	0.535037275389474
chr19	23139986	23140986	58	62	120	0.0946368741380752
chr19	24174986	24175986	86	86	172	0
chr19	24175986	24176986	68	40	108	0.750972452160085
chr19	24177986	24178986	68	42	110	0.682259702076071
chr19	24178986	24179986	54	54	108	0
chr19	24179986	24180986	122	98	220	0.31315788525963
chr19	24224986	24225986	64	74	138	0.206450877467426
chr7	79653916	79654916	120	60	180	0.988125899711708
chr7	80441916	80442916	54	54	108	0
chr7	80796916	80797916	82	52	134	0.647118976783726
chr7	81057916	81058916	62	68	130	0.131244533278252
chr7	81598916	81599916	64	68	132	0.0861566437497148
chr7	81623916	81624916	74	60	134	0.298081352932994
chr7	82793916	82794916	64	44	108	0.53051471669878
chr7	84245916	84246916	72	66	138	0.123735368422246
chr7	84246916	84247916	48	60	108	0.316027493447678
chr7	84247916	84248916	66	40	106	0.708537185839688
chr7	86815916	86816916	76	54	130	0.485426827170241
chr7	89948916	89949916	76	94	170	0.303069067636047
chr7	89949916	89950916	58	44	102	0.390789953032167
