													RNA-seq												WGBS				
L1_SINE_chr	start	end	SYMBOL	width	annotation	geneChr	geneStart	geneEnd	geneLength	distanceToTSS	ENSEMBL	GENENAME	D10_oocyte	D14_oocyte	8w_oocyte	MII_oocyte	PN5_zygote	e2c	m2C	l2c	4c	8c	ICM	mESC	oocyte	sperm	zygote	2cell	4cell
chr1	119519874	119520009	Tmem185b	136	Distal Intergenic	1	119526160	119528983	2824	-6151	ENSMUSG00000098923	transmembrane protein 185B	3.187031329	2.887357596	2.287040781	0.223859926	1.209540705	1.333572576	0.521992047	4.107738078	4.656902465	4.387948379	4.144707181	3.226338972	0.863651316	0.971277221	0.917464268	0.236095902	0.170248569
chr1	135252089	135252228	Elf3	140	Intron (ENSMUST00000180981.1/ENSMUST00000180981.1, intron 1 of 2)	1	135256657	135257649	993	5421	ENSMUSG00000003051	E74-like factor 3	1.862082363	3.275853339	4.525880949	2.615887074	4.007850308	3.953516688	4.632735603	4.876222238	1.464014725	4.150778989	8.077461993	1.546343816	0.685796388	0.948863636	0.817330012	0.060606061	0.045238095
chr1	72214009	72214179	Mreg	171	Promoter (1-2kb)	1	72159442	72212307	52866	-1702	ENSMUSG00000039395	melanoregulin	1.354028938	0.831707026	1.670414352	1.80261924	1.465608848	2.020455975	3.491488985	2.7786943	3.153075699	3.699085169	4.212686057	6.475914972	0.666666667	0.93877551	0.802721088	0.189189189	0.076923077
chr1	74342807	74342954	Pnkd	148	Intron (ENSMUST00000027370.12/56695, intron 2 of 9)	1	74332610	74353686	21077	10197	ENSMUSG00000026179	paroxysmal nonkinesiogenic dyskinesia	4.7582552	4.958262697	5.138413118	4.631057706	4.784634846	5.293903818	5.539734569	5.346496004	3.656164547	4.055629508	6.273586755	6.636572422	0.738004309	0.96592385	0.851964079	0.192149292	0.127302769
chr1	75164936	75165083	Zfand2b	148	Distal Intergenic	1	75168646	75170752	2107	-3563	ENSMUSG00000026197	zinc finger, AN1 type domain 2B	6.035626109	6.385380991	6.104091297	2.238080622	3.268085505	3.170211909	2.763042215	2.422168401	2.695383656	4.753556403	4.741062436	3.773511127	1	0.894736842	0.947368421	0.15	0
chr1	88602735	88602864	Gm19589	130	Distal Intergenic	1	88551517	88562167	10651	51218	ENSMUSG00000100798	predicted gene, 19589	0.066802593	0	0.043397564	0.037198895	0	0.098952014	0.052307283	0	0	0	0	0	0.913043478	0.891891892	0.902467685	0.185185185	0.255319149
chr10	121008101	121008245	Wif1	145	Distal Intergenic	10	121033960	121100650	66691	-25715	ENSMUSG00000020218	Wnt inhibitory factor 1	0.295112909	0	0.524558201	0.832059593	0.394149718	0.552823632	0.079964214	0.501033477	0	0.208731994	0.09213679	0.188728801	0.764484741	0.981387363	0.872936052	0.233800682	0.270192308
chr10	59905529	59905660	Dnajb12	132	Distal Intergenic	10	59879626	59898521	18896	25903	ENSMUSG00000020109	DnaJ heat shock protein family (Hsp40) member B12	3.719785807	3.683191142	3.899349672	1.424158897	2.56060736	2.97843911	3.511555581	3.615380983	4.52935871	5.333842312	4.389676937	1.707162526	0.6336262	0.9681145	0.80087035	0.154370363	0.089259718
chr10	60270202	60270381	Psap	180	Distal Intergenic	10	60277627	60302594	24968	-7246	ENSMUSG00000004207	prosaposin	4.938182268	5.128153151	3.85561104	3.847465817	2.575181611	1.687392201	4.278898149	4.579029256	5.943220432	7.798633802	8.190234582	2.244792703	0.689814815	0.956436306	0.82312556	0.238157578	0.048705713
chr10	61997406	61997550	Col13a1	145	Distal Intergenic	10	61838236	61979108	140873	-18298	ENSMUSG00000058806	collagen, type XIII, alpha 1	0.57179523	0.890402331	1.479173639	0.52944917	0.392648243	0.703724433	0.156757747	0.66785217	0.352246656	0.023743337	0.046514529	0.145021328	0.815560142	0.951771872	0.883666007	0.088782548	0.069693148
chr10	80105095	80105273	Sbno2	179	Promoter (<=1kb)	10	80066249	80105571	39323	298	ENSMUSG00000035673	strawberry notch 2	2.387685126	2.838007809	2.289748904	2.200815056	1.128596955	0.354390096	0.198205731	1.748186408	3.294523708	2.487239362	3.215953443	0.950795363	0.642857143	1	0.821428571	0.190476191	0
chr10	80111070	80111208	Stk11	139	Distal Intergenic	10	80115803	80130469	14667	-4595	ENSMUSG00000003068	serine/threonine kinase 11	1.174655689	1.550250567	1.910133973	2.132392587	2.228126031	2.867779858	7.321221443	4.084336446	4.077935121	3.238806727	1.327963232	3.059666766	0.777777778	0.961538462	0.86965812	0.236774194	0.058791209
chr10	80444614	80444713	Tcf3	100	Distal Intergenic	10	80409547	80433647	24101	-10967	ENSMUSG00000020167	transcription factor 3	4.188036881	4.139232082	3.173519243	3.213804516	2.687701246	3.162554875	2.753530013	3.048865658	2.477718769	2.820718149	2.964370906	3.477496008	0.8	0.926829268	0.863414634	0.205128205	0.5
chr10	80512705	80512836	Onecut3	132	Intron (ENSMUST00000051773.8/246086, intron 1 of 1)	10	80494835	80517276	22442	17870	ENSMUSG00000045518	one cut domain, family member 3	0.217146324	0.236743633	0.045796891	0.039395739	0.022100734	0.017943566	0.01489705	0.114369557	0.027485876	0	0	0.045190477	0.75	0.86	0.805	0.226415094	0.34
chr10	80680669	80680816	Mknk2	148	Distal Intergenic	10	80671946	80678112	6167	-2557	ENSMUSG00000020190	MAP kinase-interacting serine/threonine kinase 2	1.057734451	0.997467291	0.847057246	0.945332771	0.827775134	1.117216281	5.482864976	3.249618272	3.535007812	2.37236153	0.824094099	1.754459974	0.7998668	0.931827957	0.865847378	0.122863248	0.169251701
chr11	101440348	101440485	Rpl27	138	Promoter (1-2kb)	11	101442298	101445529	3232	-1813	ENSMUSG00000063316	ribosomal protein L27	4.857732233	5.054522922	5.116572695	0.868502664	2.759820556	1.490852481	4.250575592	4.616639997	6.23973599	7.841017042	7.914139928	8.298245901	0.973684211	0.945767196	0.959725703	0.249226006	0.429945055
chr11	102237851	102237997	Hdac5	147	Distal Intergenic	11	102195751	102230166	34416	-7685	ENSMUSG00000008855	histone deacetylase 5	0	0.055157747	0.014533262	0	0	0.011286748	0.682676195	0.707879899	1.856929932	2.440481851	1.561888195	0.778189228	0.678103147	0.950103582	0.814103364	0.169103774	0.011627907
chr11	106939903	106940106	Smurf2	204	Distal Intergenic	11	106820066	106920715	100650	-19188	ENSMUSG00000018363	SMAD specific E3 ubiquitin protein ligase 2	3.215858728	2.899622294	3.399194341	4.021186539	3.578721387	3.54057289	6.754587761	4.005696401	3.005818542	1.435127164	1.180198794	1.690318752	0.666666667	1	0.833333333	0.21875	0.307692308
chr11	114831796	114831939	Gprc5c	144	Distal Intergenic	11	114851152	114863733	12582	-19213	ENSMUSG00000051043	G protein-coupled receptor, family C, group 5, member C	4.565974859	5.025042087	4.983331114	3.684639231	3.777493361	3.019739271	3.076023838	2.815032267	3.030378458	4.965248657	3.554380106	0.053544706	0.666430996	0.944077411	0.805254203	0.159551954	0.139285714
chr11	115538589	115538694	Sumo2	106	Distal Intergenic	11	115523102	115536276	13175	-2313	ENSMUSG00000020738	small ubiquitin-like modifier 2	6.62507611	6.81823704	6.303039122	6.794064898	4.993583794	2.960124295	4.737583282	6.455582033	8.059912233	8.925171648	7.28175388	8.720733341	0.777777778	0.983606557	0.880692168	0.103448276	0
chr11	115870859	115870976	Llgl2	118	Intron (ENSMUST00000093911.10/ENSMUST00000093911.10, intron 15 of 63)	11	115855032	115855780	749	15827	ENSMUSG00000020782	LLGL2 scribble cell polarity complex component	3.827260126	4.20349875	3.939283005	4.780420344	4.281772423	3.935921713	3.581438318	4.229149511	4.285454007	2.707208918	3.301792477	2.564058618	0.708333333	0.963855422	0.836094378	0.052631579	0.146666667
chr11	4582137	4582289	Mtmr3	153	Intron (ENSMUST00000109943.9/74302, intron 1 of 17)	11	4480868	4594815	113948	12526	ENSMUSG00000034354	myotubularin related protein 3	2.214289587	2.187612576	1.973100594	2.218049562	1.896473366	1.788881954	3.77613799	2.851902921	3.45236217	1.561614524	1.580545909	1.614342352	0.85	0.977272727	0.913636364	0.245283019	0.45
chr11	77611580	77611691	Taok1	112	Distal Intergenic	11	77529162	77607815	78654	-3765	ENSMUSG00000017291	TAO kinase 1	2.892756268	2.392223988	2.618926944	3.427902458	3.386279838	3.28912622	6.779177016	4.233688694	3.777325023	3.473670037	2.477946675	2.976576266	0.78125	0.955555556	0.868402778	0.212765957	0
chr11	77653356	77653501	Nufip2	146	Distal Intergenic	11	77686155	77712741	26587	-32654	ENSMUSG00000037857	nuclear fragile X mental retardation protein interacting protein 2	2.232958474	1.536963003	1.484978492	2.552305746	2.564719594	2.582676423	4.976667978	3.063375234	3.462405749	3.7083528	2.909767345	3.722914065	0.819444444	1	0.909722222	0.169811321	0.108116883
chr11	82918364	82918499	Unc45b	136	Intron (ENSMUST00000108160.7/217012, intron 7 of 19)	11	82911253	82943403	32151	7111	ENSMUSG00000018845	unc-45 myosin chaperone B	0.024157101	0	0	0	0	0.047938826	1.201030396	1.028463068	1.664050422	2.429929239	0.177365477	0.060186319	0.9	0.951181128	0.925590564	0.164473684	0.061552028
chr11	87006493	87006638	Ypel2	146	Distal Intergenic	11	86936425	86993707	57283	-12786	ENSMUSG00000018427	yippee like 2	3.713684819	4.280800459	4.452167096	4.968445621	4.958309104	3.979065013	6.175224439	4.017467655	5.471223235	6.149946238	3.294514886	0.51127371	0.662150921	0.946160628	0.804155774	0.106507323	0.058468315
chr11	87475801	87475929	Tex14	129	Intron (ENSMUST00000060835.11/83560, intron 3 of 30)	11	87427591	87484766	57176	48210	ENSMUSG00000010342	testis expressed gene 14	2.535552845	2.289356438	2.545528577	3.112741829	3.074416378	3.134802501	2.049158681	2.409662477	1.307620872	0.481139782	0.307975188	1.645544885	0.933333333	0.971428571	0.952380952	0.117647059	0.551724138
chr11	87699400	87699523	Rnf43	124	Promoter (<=1kb)	11	87699897	87735539	35643	-374	ENSMUSG00000034177	ring finger protein 43	1.209765266	1.118605581	1.971236359	1.049721369	1.36232961	1.202286063	0.355547675	0.643220802	0.407428895	0.147241564	0	0	0.75	0.894736842	0.822368421	0.227272727	0
chr11	95664644	95664774	Phb	131	Distal Intergenic	11	95666957	95680773	13817	-2183	ENSMUSG00000038845	prohibitin	3.732225777	3.81416073	4.404003882	2.350143602	3.621665096	3.873025701	4.498711999	3.336481923	3.881165364	5.004299131	4.847776478	5.880964635	0.842962963	0.951612903	0.897287933	0.23757764	0.209375
chr11	97580143	97580284	Srcin1	142	Distal Intergenic	11	97551890	97575226	23337	-4917	ENSMUSG00000038453	SRC kinase signaling inhibitor 1	0	0	0.015229501	0	0	0.005931865	0.042243586	0.017303518	0	0.018523938	0	0.03015256	0.696992481	0.958363223	0.827677852	0.176548016	0.040100083
chr11	98521968	98522114	Ikzf3	147	Intron (ENSMUST00000103141.3/22780, intron 1 of 7)	11	98464902	98545800	80899	23686	ENSMUSG00000018168	IKAROS family zinc finger 3	0.100624094	0.050840034	0.165008907	0	0.075219209	0.239759739	0	0.131411425	0.062778237	0.198538157	0	0.051913715	0.7	0.964285714	0.832142857	0.148148148	0.033333333
chr12	31497602	31497745	Cbll1	144	Intron (ENSMUST00000064240.13/104836, intron 1 of 5)	12	31484829	31499555	14727	1810	ENSMUSG00000020659	Casitas B-lineage lymphoma-like 1	4.252801654	3.771748273	3.271403265	3.247009971	3.148389128	3.337728216	8.401013217	5.158914604	5.379180795	4.696800651	4.13874076	2.724458191	0.705208333	0.912652625	0.808930479	0.071560847	0.033971471
chr12	4150047	4150192	Adcy3	146	Intron (ENSMUST00000152792.7/104111, intron 2 of 20)	12	4159600	4182945	23346	-9408	ENSMUSG00000020654	adenylate cyclase 3	0.268351746	0.094654425	0.18937674	0.3155187	0.502011778	0.27611547	0.177589043	0.511765555	0.422251303	0.338826003	0.120768231	0.055921263	0.707936508	0.967654321	0.837795414	0.245111972	0.097354497
chr13	51647442	51647590	Cks2	149	Intron (ENSMUST00000075853.5/66197, intron 1 of 2)	13	51645232	51650660	5429	2210	ENSMUSG00000062248	CDC28 protein kinase regulatory subunit 2	6.635272639	6.747293401	7.244896571	8.611832628	8.518920624	8.986848911	11.55029396	9.652425545	9.879967611	9.590525299	6.350313362	8.646133849	0.697435897	0.930980726	0.814208312	0.181065462	0.243894049
chr14	121380700	121380837	Stk24	138	Promoter (<=1kb)	14	121337422	121380011	42590	-689	ENSMUSG00000063410	serine/threonine kinase 24	3.719479179	4.099926351	5.046482329	5.392441077	5.917424594	6.013243382	6.096076127	5.238374165	3.49971835	3.942795979	3.188799684	2.10659288	1	0.72	0.86	0.214285714	0.32
chr14	20186577	20186723	Kcnk5	147	Distal Intergenic	14	20140057	20181809	41753	-4768	ENSMUSG00000023243	potassium channel, subfamily K, member 5	0.718414675	0.698937646	0.536906325	0.618148426	0.389164783	0.560873398	4.067997702	2.851095371	4.955638285	5.922376271	3.339838604	1.464678721	0.751587302	0.950172789	0.850880046	0.240945513	0.064393939
chr14	54525503	54525647	Prmt5	145	Distal Intergenic	14	54507187	54517525	10339	-7978	ENSMUSG00000023110	protein arginine N-methyltransferase 5	3.462562801	3.484292836	3.505751225	4.661185224	3.638178125	2.798307708	5.435596153	5.632102412	6.339046501	7.43226628	6.651835271	5.251802395	0.715820106	0.933311569	0.824565837	0.217879358	0.215715181
chr14	55911032	55911153	Sdr39u1	122	Distal Intergenic	14	55897931	55900293	2363	-10739	ENSMUSG00000022223	short chain dehydrogenase/reductase family 39U, member 1	1.176297238	0.980138663	0.106940018	0.665135319	0.19713065	0.895751648	1.13404693	2.701120953	2.396803406	3.865008185	3.874698619	3.241850859	0.7	0.909090909	0.804545455	0.166666667	0.047619048
chr14	65832141	65832280	Esco2	140	Intron (ENSMUST00000022613.9/71988, intron 2 of 10)	14	65831426	65833908	2483	1628	ENSMUSG00000022034	establishment of sister chromatid cohesion N-acetyltransferase 2	7.421593605	7.492510174	6.973565358	7.601748507	7.376325117	7.483017641	7.890476591	6.725045813	7.383894336	7.595123184	4.667466405	5.530551477	0.799679487	0.929941464	0.864810476	0.232931235	0.087416823
chr14	99272058	99272210	Klf5	153	Distal Intergenic	14	99298691	99315036	16346	-26481	ENSMUSG00000005148	Kruppel-like factor 5	0.054898753	0.132943704	0	0	0	0.809280253	5.292573635	3.452173687	3.593580855	6.270779337	5.166759625	4.492340324	0.777777778	0.975609756	0.876693767	0.058823529	0
chr15	76619130	76619236	Slc39a4	107	Promoter (1-2kb)	15	76612391	76617384	4994	-1746	ENSMUSG00000063354	solute carrier family 39 (zinc transporter), member 4	0.228556442	0.320724963	0.151258759	0.044697945	0.049906456	0.378093181	5.431439944	5.681438021	7.614268135	8.58458675	6.509157422	2.461408068	0.674561404	0.928066378	0.801313891	0.173892774	0.057330057
chr15	81576057	81576206	Ep300	150	Distal Intergenic	15	81585397	81652077	66681	-9191	ENSMUSG00000055024	E1A binding protein p300	1.905766779	1.68614191	1.409836236	2.27485502	1.875697509	1.808372693	5.37735362	3.623515741	4.20892298	3.155610007	2.48156503	1.324424681	0.625	1	0.8125	0.147058824	0
chr15	97785676	97785822	Slc48a1	147	Intron (ENSMUST00000230531.1/67739, intron 1 of 2)	15	97784489	97791247	6759	1187	ENSMUSG00000081534	solute carrier family 48 (heme transporter), member 1	3.147769069	3.168064328	2.946088896	1.498358108	2.353537844	2.119366138	1.802555224	1.424196528	0.274031408	0.158788122	0	1.306069712	0.838383838	0.958333333	0.898358586	0.206862745	0.120454546
chr15	98687193	98687326	Rnd1	134	Distal Intergenic	15	98669205	98677461	8257	-9732	ENSMUSG00000054855	Rho family GTPase 1	0.988856255	1.447848933	1.327911511	0.213165592	1.512191483	0.843358407	4.713730101	2.473924552	2.346491749	2.211460824	0.742534887	0.192162596	0.647836539	0.956302521	0.80206953	0.12	0.022289886
chr16	91593993	91594121	Tmem50b	129	Intron (ENSMUST00000023686.14/77975, intron 1 of 6)	16	91575758	91597664	21907	3543	ENSMUSG00000022964	transmembrane protein 50B	3.379052532	3.4425919	3.28551615	4.463596302	3.610723682	3.556552036	6.759353221	6.629965629	7.075265203	7.809118569	2.746061187	2.086168928	0.689357585	0.972098516	0.83072805	0.194839693	0.13290258
chr17	12994590	12994727	Wtap	138	Promoter (<=1kb)	17	12975417	12994169	18753	-421	ENSMUSG00000060475	Wilms tumour 1-associating protein	5.641459326	5.560397037	6.132657036	7.034699937	6.741817505	7.283171717	10.6489477	8.180655119	8.053708714	8.107959813	6.372079742	6.706171354	0.642857143	0.97826087	0.810559006	0.16	0.058823529
chr17	23780453	23780599	Flywch2	147	Promoter (<=1kb)	17	23776959	23779791	2833	-662	ENSMUSG00000023911	FLYWCH family member 2	0	0	0.128504048	0	0	0	1.16840797	3.049163733	3.982035261	3.262245216	0	3.145494865	0.710239651	0.970588235	0.840413943	0.177723178	0.078548086
chr17	25708229	25708375	Gng13	147	Distal Intergenic	17	25717171	25719406	2236	-8796	ENSMUSG00000025739	guanine nucleotide binding protein (G protein), gamma 13	0	0	0	0	0	0	1.428697709	0	0	0.449132398	2.26594691	4.224950935	0.659375	0.964912281	0.81214364	0.152394775	0.176046671
chr17	29412842	29413010	Fgd2	169	Distal Intergenic	17	29376501	29378452	1952	36341	ENSMUSG00000024013	FYVE, RhoGEF and PH domain containing 2	0.130618186	0.122073387	0.064592766	0	0.081806723	0.050304704	0.028077444	0.120019166	0	0.416357682	0	0	0.842105263	1	0.921052632	0.230769231	0.032786885
chr17	46195418	46195564	Polh	147	Exon (ENSMUST00000233924.1/ENSMUST00000233924.1, exon 1 of 1)	17	46172225	46202622	30398	7058	ENSMUSG00000023953	polymerase (DNA directed), eta (RAD 30 related)	1.188533857	1.117429084	0.867279728	0.213619774	0.502020947	0.366493998	2.242596135	3.683382058	3.047477315	2.570686361	1.655567072	0.505684671	1	0.956582633	0.978291317	0.236111111	0.420745921
chr17	83709792	83709938	Mta3	147	Intron (ENSMUST00000112350.7/116871, intron 2 of 13)	17	83706191	83814905	108715	3601	ENSMUSG00000055817	metastasis associated 3	5.336469069	5.595936237	5.600210274	5.237311316	5.864522941	5.320842058	5.714691026	4.971883783	5.236978537	6.493986707	4.263094517	4.324083313	0.708333333	0.979166667	0.84375	0.056267806	0.067857143
chr18	38462422	38462567	Ndfip1	146	Exon (ENSMUST00000238135.1/65113, exon 4 of 4)	18	38451310	38464383	13074	11112	ENSMUSG00000024425	Nedd4 family interacting protein 1	7.787595709	7.860913152	7.293030151	7.858646223	6.066276513	5.269942027	1.831743293	5.223854985	5.686685404	6.253253743	7.67478547	4.976895154	0.896428571	0.912612613	0.904520592	0.205958042	0.231481482
chr18	57960192	57960329	Fbn2	138	Distal Intergenic	18	58025101	58026880	1780	66551	ENSMUSG00000024598	fibrillin 2	0.023080018	0.074962012	0.365364437	0.522161235	0.470847106	0.483202332	0.637027324	0.171655198	0.052770333	0	0	0	0.691669961	0.966438743	0.829054352	0.210811329	0.117775701
chr18	67500445	67500572	Spire1	128	Intron (ENSMUST00000045105.12/68166, intron 10 of 14)	18	67496574	67497729	1156	-2716	ENSMUSG00000024533	spire type actin nucleation factor 1	4.475396222	4.333895967	5.563057431	6.465977729	5.99683387	4.830255324	5.799557486	4.192052099	3.54811599	0.605585359	0.495174266	0.884068022	0.640740741	0.979302359	0.81002155	0.192680776	0.176441103
chr19	23088217	23088362	Klf9	146	Distal Intergenic	19	23141226	23168134	26909	-52864	ENSMUSG00000033863	Kruppel-like factor 9	0	0	0	0	0	0.176062298	4.173670031	1.951363988	2.415980353	2.231767237	2.781407977	4.207939692	1	0.857142857	0.928571429	0.142857143	0.307692308
chr19	23124865	23125000	Klf9	136	Distal Intergenic	19	23141226	23168134	26909	-16226	ENSMUSG00000033863	Kruppel-like factor 9	0	0	0	0	0	0.176062298	4.173670031	1.951363988	2.415980353	2.231767237	2.781407977	4.207939692	0.733333333	0.944444444	0.838888889	0.216216216	0.05
chr19	4123868	4124004	Aip	137	Intron (ENSMUST00000117831.7/11632, intron 1 of 6)	19	4118256	4124564	6309	560	ENSMUSG00000024847	aryl-hydrocarbon receptor-interacting protein	4.696366684	4.934374961	5.575775202	1.895930755	3.35421376	2.995397683	5.915796975	4.860888328	5.424508967	4.183017979	3.274443571	3.52625665	0.734623016	0.966520793	0.850571904	0.225026497	0.048076923
chr19	44393611	44393761	Scd1	151	Downstream (<1kb)	19	44397993	44406690	8698	12929	ENSMUSG00000037071	stearoyl-Coenzyme A desaturase 1	0.156803025	0.107678497	0.178307984	0.152626059	0.073499858	0.244434091	4.470712735	3.489761276	4.092545742	4.049700461	4.698307394	3.334478176	0.781590414	0.969142646	0.87536653	0.09157754	0.022988506
chr2	144323917	144324037	Ovol2	121	Intron (ENSMUST00000103171.9/107586, intron 2 of 3)	2	144317777	144331326	13550	7289	ENSMUSG00000037279	ovo like zinc finger 2	0.449543415	0.204128193	0.434667188	0	0.919909801	0.733687532	5.447622042	4.804993153	4.62743758	5.280087764	1.919481198	0.768075046	1	1	1	0	0.136363636
chr2	150741002	150741147	Entpd6	146	Distal Intergenic	2	150749042	150771675	22634	-7895	ENSMUSG00000033068	ectonucleoside triphosphate diphosphohydrolase 6	6.208169966	6.409805015	6.104500212	6.375181956	6.176129257	5.074543969	3.060094325	3.818329085	2.624484626	2.299921587	4.136708183	1.485194947	0.70699476	0.962942974	0.834968867	0.238966334	0.044301312
chr2	152100770	152100893	Srxn1	124	Distal Intergenic	2	152105516	152109211	3696	-4623	ENSMUSG00000032802	sulfiredoxin 1 homolog (S. cerevisiae)	0	0	0	0	0.038408929	0.076811357	0	1.441435672	1.199562421	0.350304875	0.42139621	2.115625918	0.644321476	0.993939394	0.819130435	0.095968696	0.114045618
chr2	155951204	155951347	Cep250	144	Distal Intergenic	2	155956458	155986613	30156	-5111	ENSMUSG00000038241	centrosomal protein 250	1.600550462	1.846144259	1.274691051	1.146466239	0.862740199	0.561439543	0.372196997	1.136099492	1.812087435	1.426559974	1.752324711	0.602757113	0.857142857	0.972222222	0.91468254	0.162790698	0.269230769
chr2	165997591	165997735	Ncoa3	145	Intron (ENSMUST00000109252.7/17979, intron 1 of 22)	2	165992637	166073242	80606	4954	ENSMUSG00000027678	nuclear receptor coactivator 3	4.281305071	4.341366707	4.640568873	5.153679703	4.926763275	4.763310646	6.6605949	5.011813161	5.156234798	5.250279466	5.248098349	3.448978897	0.845238095	0.975	0.910119048	0.179227941	0.281818182
chr2	27479490	27479632	Brd3	143	Intron (ENSMUST00000154316.7/67382, intron 1 of 11)	2	27445579	27475686	30108	-3804	ENSMUSG00000026918	bromodomain containing 3	2.989600451	3.067501049	2.861167322	3.657822903	3.418820062	2.691949494	4.491506627	3.140572542	5.044210492	5.690087395	4.026720399	3.474150461	0.652173913	0.96	0.806086957	0.222222222	0.042553191
chr2	30089056	30089202	Zdhhc12	147	Intron (ENSMUST00000148650.7/263803, intron 17 of 20)	2	30090944	30093019	2076	3817	ENSMUSG00000015335	zinc finger, DHHC domain containing 12	3.904291405	4.098529043	4.370289848	1.541192663	2.834786038	2.262526368	2.39413942	3.075672958	4.017815038	3.543619608	5.550996062	4.305029326	0.786086957	1	0.893043478	0.091666667	0.223214286
chr2	30156884	30157027	Endog	144	Distal Intergenic	2	30171493	30174069	2577	-14466	ENSMUSG00000015337	endonuclease G	1.320218932	1.468614595	1.170771134	0.134297969	4.01E-09	0.184006013	2.33374001	1.318889467	2.103346564	1.612645019	1.235432977	2.526113895	1	0.933333333	0.966666667	0.186046512	0.216216216
chr2	84728879	84729022	Clp1	144	Promoter (1-2kb)	2	84723122	84727350	4229	-1529	ENSMUSG00000027079	CLP1, cleavage and polyadenylation factor I subunit	3.09490827	2.909022285	1.981439874	0.161828361	1.351159038	3.597233189	8.056133467	6.855017942	6.972979786	5.873975566	5.345126661	4.966961044	0.699731183	0.95320197	0.826466577	0.070485036	0.223684211
chr3	116856948	116857097	Frrs1	150	Distal Intergenic	3	116859464	116903478	44015	-2367	ENSMUSG00000033386	ferric-chelate reductase 1	0.035521862	0.044010329	0.045610716	0.282145602	0.16709069	0.182143079	5.55886233	3.418948209	5.574949191	6.612308262	5.76270227	4.204657214	0.727161319	0.944677871	0.835919595	0.066722038	0.078431373
chr3	145972263	145972403	Syde2	141	Distal Intergenic	3	145987870	146021720	33851	-15467	ENSMUSG00000036863	synapse defective 1, Rho GTPase, homolog 2 (C. elegans)	0.72144091	0.544169809	0.23519154	0.289542946	0.349210129	0.21893984	1.707848701	1.314168649	0.718657533	1.055202597	2.59034572	0.720281968	0.75	0.96875	0.859375	0.21875	0
chr3	40960133	40960280	Larp1b	148	Promoter (1-2kb)	3	40961632	40964035	2404	-1352	ENSMUSG00000025762	La ribonucleoprotein domain family, member 1B	1.625401425	1.8061508	0.814717754	0.427114822	0.825608993	1.012504314	8.182274337	5.074646719	6.016654541	5.250457603	1.300592341	1.752221933	1	0.960784314	0.980392157	0.181818182	0.171428571
chr3	88423719	88423818	Slc25a44	100	Intron (ENSMUST00000168755.6/229517, intron 1 of 2)	3	88410498	88425107	14610	1289	ENSMUSG00000050144	solute carrier family 25, member 44	3.399119129	3.343359495	3.913645804	4.533351538	4.152118504	3.925667181	7.319963432	5.895385031	6.916799065	5.804982831	2.940491908	2.158511536	0.740740741	0.888888889	0.814814815	0.186046512	0.45945946
chr4	10977586	10977730	Plekhf2	145	Distal Intergenic	4	10988662	11007676	19015	29946	ENSMUSG00000049969	pleckstrin homology domain containing, family F (with FYVE domain) member 2	1.735192876	1.119648339	0.298596149	0.158065527	0.271355153	0.802802847	6.245727361	4.294069295	4.496117166	5.331157009	4.46080808	4.693648642	0.648045674	0.966049383	0.807047528	0.111111111	0.046296296
chr4	116554965	116555112	Tmem69	148	Intron (ENSMUST00000106478.8/230657, intron 1 of 4)	4	116552955	116555935	2981	823	ENSMUSG00000055900	transmembrane protein 69	0.952412596	0.265157212	0.264516014	0.069934464	0.058807725	0.197913187	0.808178784	1.640708838	2.173428097	3.251341898	2.754372315	4.864260445	0.804511278	0.827096774	0.815804026	0.164983165	0.115740741
chr4	117736706	117736785	Klf17	80	Distal Intergenic	4	117757836	117765648	7813	28863	ENSMUSG00000048626	Kruppel-like factor 17	6.81422996	7.006926317	7.522738444	9.087340843	8.789122785	8.492217731	9.427269426	7.744342767	8.231864369	6.526264476	1.125174973	0.324659703	0.647058824	0.96	0.803529412	0.189189189	0.27027027
chr4	149447915	149448062	Rbp7	148	Downstream (1-2kb)	4	149449687	149453424	3738	5362	ENSMUSG00000028996	retinol binding protein 7, cellular	0.258492392	0	0.992391396	0.487968882	0.946189608	1.426441893	5.351782845	5.258379473	4.799092488	2.290949246	0	2.592521621	0.683333333	0.940415374	0.811874354	0.124242424	0.006535948
chr4	149743594	149743729	Tmem201	136	Downstream (<1kb)	4	149724864	149738044	13181	-5550	ENSMUSG00000044700	transmembrane protein 201	5.657434218	5.544265899	5.244734868	6.557252308	4.915453975	5.198741654	5.638835928	4.844481066	6.195528711	4.856811441	4.003305392	1.642290305	0.875	0.960526316	0.917763158	0.204081633	0.195652174
chr4	150218508	150218621	Car6	114	Distal Intergenic	4	150187015	150201332	14318	-17176	ENSMUSG00000028972	carbonic anhydrase 6	0	0.090410801	0.093066168	0	0.397617891	0.416236602	0.982251903	0.613218564	0.563835623	0.165560827	0	0.16594023	0.678571429	1	0.839285714	0.121212121	0.034482759
chr4	150293400	150293550	Rere	151	Intron (ENSMUST00000105682.8/68703, intron 1 of 22)	4	150281812	150282466	655	11588	ENSMUSG00000039852	arginine glutamic acid dipeptide (RE) repeats	1.820571118	1.630992495	0.951361004	1.726905311	1.796265489	1.79756089	4.168346208	1.788552083	2.18268912	1.216287227	2.111645663	1.68909784	0.705596909	0.950745157	0.828171033	0.219417819	0.132483701
chr4	40705530	40705653	Aptx	124	Distal Intergenic	4	40682382	40703194	20813	-2336	ENSMUSG00000028411	aprataxin	2.642093872	2.706844364	3.245977799	0.582412449	1.920986847	1.322458909	0.46911118	1.976429628	2.63702359	3.391245308	2.268164874	1.72013397	1	1	1	0.204545455	0.268292683
chr4	46363236	46363383	Foxe1	148	Distal Intergenic	4	46343609	46346412	2804	19627	ENSMUSG00000070990	forkhead box E1	0	0	0	0	0	0	0.05628015	0.883146095	0.607890355	1.434636233	0	0	0.677083333	0.925824176	0.801453755	0.119191919	0.070833333
chr4	86859204	86859349	Rps6	146	Promoter (1-2kb)	4	86854660	86857412	2753	-1792	ENSMUSG00000028495	ribosomal protein S6	4.903245594	5.013859728	4.620498439	1.008888418	2.885058885	2.403297721	6.948014003	5.344931442	6.812318519	8.233643642	8.210929423	8.779565066	1	1	1	0.222222222	0.709677419
chr5	103688980	103689124	Aff1	145	Distal Intergenic	5	103692374	103816428	124055	-3250	ENSMUSG00000029313	AF4/FMR2 family, member 1	3.969509703	3.695325744	3.302911217	3.418247978	3.484602194	3.296394265	5.621545588	4.53367547	4.796130484	3.992949662	3.275972495	1.418670316	0.690740741	0.970355731	0.830548236	0.216516902	0.011908559
chr5	110096169	110096305	Plcxd1	137	Distal Intergenic	5	110099969	110103815	3847	-3664	ENSMUSG00000064247	phosphatidylinositol-specific phospholipase C, X domain containing 1	0.027464219	0.184803315	0.034575921	3.64E-09	9.95E-11	0.039578787	1.54494702	0.519289272	0.26757415	0.178543834	0.548197882	0.419402975	0.789473684	0.96	0.874736842	0.186046512	0
chr5	111328507	111328620	Pitpnb	114	Distal Intergenic	5	111330763	111388359	57597	-2143	ENSMUSG00000050017	phosphatidylinositol transfer protein, beta	2.080142567	1.741656816	0.896566365	0.14128629	0.325579836	0.789706719	4.039923687	5.591065998	6.875988885	6.937061852	5.151111954	4.397761898	1	0.949425287	0.974712644	0.210526316	0.636431784
chr5	121200653	121200793	Rpl6	141	Distal Intergenic	5	121204481	121209241	4761	-3688	ENSMUSG00000029614	ribosomal protein L6	3.936223325	4.133481328	4.111724107	1.242224444	2.211367371	0.902002553	6.886623841	4.700661654	6.305228195	7.565574329	7.806356283	8.674771349	0.666666667	1	0.833333333	0.226588629	0.308201058
chr5	125471491	125471628	Aacs	138	Exon (ENSMUST00000199788.1/ENSMUST00000199788.1, exon 1 of 1)	5	125475814	125517410	41597	-4186	ENSMUSG00000029482	acetoacetyl-CoA synthetase	1.79377522	1.881276978	1.23661507	0.726710915	0.580484164	0.563731189	2.850932383	3.740366343	4.958114185	6.23196802	2.437123848	1.703605732	0.805208333	0.953030303	0.879119318	0.245310358	0.03102374
chr5	134956949	134957076	Cldn4	128	Distal Intergenic	5	134945119	134946934	1816	-10015	ENSMUSG00000047501	claudin 4	5.228568602	5.295208734	4.077610463	2.322980878	1.361577484	0.710416116	0.49138069	0.714284209	0.189500726	7.269369836	5.302509155	1.104464148	0.705882353	0.955555556	0.830718954	0.222222222	0.208333333
chr5	140190003	140190148	Mad1l1	146	Intron (ENSMUST00000110829.6/17120, intron 11 of 16)	5	140008694	140174918	166225	-15085	ENSMUSG00000029554	MAD1 mitotic arrest deficient 1-like 1	5.364607449	5.70434358	5.787236546	4.260740802	4.793641022	3.38135952	2.418245779	3.552881164	3.712694818	4.177702567	5.071715482	1.551127145	0.648131304	0.967295913	0.807713609	0.086626273	0.189281298
chr5	150501031	150501170	Gm5	140	Intron (ENSMUST00000202386.1/194292, intron 2 of 2)	5	150499747	150502133	2387	963		predicted gene 5	7.103990623	7.640259399	7.315693018	2.138031322	4.598758224	4.416961312	8.0595047	7.293342893	7.04700391	5.063200911	0.614135007	0	0.736842105	1	0.868421053	0.21875	0.134615385
chr5	24682522	24682659	Nub1	138	Distal Intergenic	5	24685532	24710376	24845	-2873	ENSMUSG00000028954	negative regulator of ubiquitin-like proteins 1	5.74217872	5.949317812	5.953991526	4.964777509	5.136072415	4.715629841	7.388676167	7.368384231	8.997961317	8.957911697	5.660663408	3.026899186	0.904561404	0.953636364	0.929098884	0.243316625	0.246496668
chr6	120292157	120292293	B4galnt3	137	Intron (ENSMUST00000057283.7/330406, intron 1 of 19)	6	120203094	120294559	91466	2266	ENSMUSG00000041372	beta-1,4-N-acetyl-galactosaminyl transferase 3	0.901241112	0.823594486	0.525533713	0.7322857	0.818901267	0.570686361	0.590476319	0.812955708	0.531066498	0.216762773	1.522377205	0	0.631578947	0.979591837	0.805585392	0.203703704	0.24137931
chr6	120663359	120663511	Cecr2	153	Distal Intergenic	6	120666369	120724920	58552	-2858	ENSMUSG00000071226	CECR2, histone acetyl-lysine reader	4.894735321	4.621049641	4.715476092	5.710007393	5.448517767	4.706707356	6.130058521	4.725228543	4.820092143	3.963418635	2.838691635	1.931376712	0.948684211	0.979166667	0.963925439	0.249226006	0.115800866
chr6	50318587	50318686	Osbpl3	100	Intron (ENSMUST00000114468.8/71720, intron 15 of 21)	6	50295183	50300354	5172	-18233	ENSMUSG00000029822	oxysterol binding protein-like 3	0.098577483	0.061937356	0.529792967	0.487644811	0.501217979	0.47652271	0.25853294	0.224929333	0.312353834	0.599344457	1.014883708	0.498382619	0.7	1	0.85	0.12	0.24
chr7	101380829	101380974	Arap1	146	Promoter (1-2kb)	7	101382827	101385593	2767	-1853	ENSMUSG00000032812	ArfGAP with RhoGAP domain, ankyrin repeat and PH domain 1	0.664497404	0.626806364	0.733085302	0.376762683	0.284172963	0.398756413	1.041901834	0.557261071	1.343123519	2.64149054	1.811836796	0.578614161	0.69391129	0.961107328	0.827509309	0.217802628	0.081035437
chr7	125556771	125556869	Il4ra	99	Intron (ENSMUST00000033004.7/16190, intron 1 of 10)	7	125552287	125577967	25681	4484	ENSMUSG00000030748	interleukin 4 receptor, alpha	1.706747134	1.592210637	0.676130174	0.172158487	0.136094897	0.088163583	0.251126562	0.07086685	0	0.281776576	0.202395152	0.081852934	0.75	0.976190476	0.863095238	0.08	0.217391304
chr7	126349487	126349634	Lat	148	Intron (ENSMUST00000206881.1/ENSMUST00000206881.1, intron 1 of 1)	7	126363904	126364886	983	15252	ENSMUSG00000030742	linker for activation of T cells	0	0	0	0	0	0	0.941671332	1.473605102	1.921085898	1.392581206	0.758794369	0.974000595	0.666666667	1	0.833333333	0.08	0.03125
chr7	126618129	126618274	Nupr1	146	Distal Intergenic	7	126623278	126625344	2067	7070	ENSMUSG00000030717	nuclear protein transcription regulator 1	0	0	0.289952472	0	0.27369133	1.070265663	5.312767142	3.563060483	6.204827383	5.316848088	2.836320054	7.087993146	0.632891414	0.989130435	0.811010924	0.228298018	0.061968773
chr7	128233639	128233774	Armc5	136	Downstream (<1kb)	7	128237357	128245100	7744	-3583	ENSMUSG00000042178	armadillo repeat containing 5	2.241870684	2.33286544	1.533363998	0.321005629	0.948390782	0.578281805	0.253838054	0.657259504	1.268464337	1.356724153	2.231450841	1.015604611	0.746317512	0.992307692	0.869312602	0.206047033	0.12962963
chr7	135738588	135738736	Mki67	149	Distal Intergenic	7	135689784	135716361	26578	-22227	ENSMUSG00000031004	antigen identified by monoclonal antibody Ki 67	2.800767399	2.578103036	2.718497532	3.270182056	3.297957324	3.367217282	6.318975125	4.259867523	3.894614074	2.392262462	2.298256534	3.067000169	0.722222222	0.926829268	0.824525745	0.12244898	0.136363636
chr7	138921170	138921313	Bnip3	144	Distal Intergenic	7	138898540	138909519	10980	-11651	ENSMUSG00000078566	BCL2/adenovirus E1B interacting protein 3	3.544015457	3.791199363	3.463517834	4.033863452	4.162419528	4.250196075	6.339653837	5.870820884	7.426004711	7.413204789	3.584673933	1.502361156	0.675	0.947368421	0.811184211	0.227796053	0.028033794
chr7	19611381	19611526	Clasrp	146	Intron (ENSMUST00000049912.14/19698, intron 10 of 10)	7	19581035	19604486	23452	-6895	ENSMUSG00000061028	CLK4-associating serine/arginine rich protein	3.565463135	3.762859038	3.518585494	2.080145979	2.737786254	1.870664572	1.068193185	1.454038989	1.377234828	2.374700097	4.053901995	0.519035589	0.870535714	1	0.935267857	0.071428571	0.444444444
chr7	27547320	27547461	Pld3	142	Intron (ENSMUST00000117095.7/18807, intron 1 of 13)	7	27541740	27542745	1006	-4575	ENSMUSG00000003363	phospholipase D family, member 3	4.922859091	5.170574068	5.109001095	3.760071878	3.565377831	2.882893421	1.228490328	3.095944668	4.344381135	6.537875328	5.057138304	1.456059644	0.769678886	0.956054788	0.862866837	0.205467372	0.349174174
chr7	28966302	28966412	Actn4	111	Distal Intergenic	7	28893655	28962340	68686	-3962	ENSMUSG00000054808	actinin alpha 4	5.440410754	5.351677794	5.163671813	6.035733867	5.10058245	4.245221823	5.061965844	3.740398727	4.086681877	5.71515207	6.552470833	5.494841187	1	0.909090909	0.954545455	0.043478261	0.12
chr7	29223025	29223161	Kcnk6	137	3' UTR	7	29224918	29231307	6390	8146	ENSMUSG00000046410	potassium inwardly-rectifying channel, subfamily K, member 6	0	0	0	0	0	0.020766021	3.29478532	2.394826902	2.876108268	3.423084639	0.369278858	0.411983691	0.777777778	0.941176471	0.859477124	0.139534884	0.034482759
chr7	92895765	92895911	Prcp	147	Intron (ENSMUST00000076052.7/72461, intron 1 of 8)	7	92875300	92934014	58715	20465	ENSMUSG00000061119	prolylcarboxypeptidase (angiotensinase C)	0.580387682	0.414899715	1.369019716	1.24282198	1.407950917	1.989131739	2.641196556	2.097890544	2.242014029	3.323648204	2.941611541	1.840978786	0.775	0.985504202	0.880252101	0.208749584	0.152957888
chr8	107027616	107027712	Vps4a	97	Distal Intergenic	8	107031222	107045755	14534	-3510	ENSMUSG00000031913	vacuolar protein sorting 4A	6.14213157	6.377203588	6.206594388	3.954754665	5.864305023	5.627323757	5.461443311	4.986861423	5.491651105	5.224383769	5.173715108	3.62497818	0.833333333	0.941176471	0.887254902	0.166666667	0.178571429
chr8	33893438	33893633	Rbpms	196	Promoter (1-2kb)	8	33863007	33891764	28758	-1674	ENSMUSG00000031586	RNA binding protein gene with multiple splicing	4.846929519	5.456852136	5.410083264	4.853706281	5.346478275	4.991440214	6.070763006	4.348459062	4.102935223	3.558659484	2.487064387	5.258074138	0.666666667	0.952380952	0.80952381	0.114452799	0.043533158
chr8	84938387	84938533	Mast1	147	Promoter (1-2kb)	8	84911908	84937359	25452	-1028	ENSMUSG00000053693	microtubule associated serine/threonine kinase 1	0	0.062349015	0.011003264	0	0	0.085364146	1.372928554	1.88003504	2.966487687	1.976799861	0.392277851	0.128322043	0.727272727	1	0.863636364	0.15	0.038461538
chr9	120109681	120109850	Slc25a38	170	Promoter (<=1kb)	9	120110374	120124504	14131	-524	ENSMUSG00000032519	solute carrier family 25, member 38	4.16474606	4.584523614	4.552229498	5.304635155	4.940317121	4.4818414	5.909139801	6.14781546	6.046281503	4.283936584	3.838598863	3.289098178	0.727272727	0.877995643	0.802634185	0.094629156	0.069047619
chr9	65663072	65663216	Rbpms2	145	Distal Intergenic	9	65658977	65659809	833	4095	ENSMUSG00000032387	RNA binding protein with multiple splicing 2	7.864099457	7.913068914	8.218606825	7.929246571	8.282328596	8.729382824	8.716329776	7.71829312	6.376620315	6.869896076	7.005781721	5.581152366	0.779956051	0.957043651	0.868499851	0.184632035	0.071143496
