Sample	aligned_libsize	Subfamily:Family:Class	copies	fpkm	uniq_counts	tot_counts	tot_reads	score
8Cell_siKlf5	66560539	LSU-rRNA_Hsa:rRNA:rRNA	480	56674.0594219	2012051	2026489.55	2026474	100.00
8Cell_siKlf5	66560539	B3:B2:SINE	148427	22602.6877677	534585	544610.61	549673	99.08
8Cell_siKlf5	66560539	MERVL-int:ERVL:LTR	2600	3062.89421858	404348	855838.99	864141	99.04
8Cell_siKlf5	66560539	B2_Mm2:B2:SINE	90007	17719.7818204	388457	395269.55	398679	99.14
8Cell_siKlf5	66560539	RLTR45-int:ERVK:LTR	1317	6406.96548576	384360	672428.14	681337	98.69
8Cell_siKlf5	66560539	B1_Mus1:Alu:SINE	95081	18146.9379282	344005	352638.88	355880	99.09
8Cell_siKlf5	66560539	ID_B1:B4:SINE	110827	15425.8598167	334366	338232.35	341013	99.18
8Cell_siKlf5	66560539	7SLRNA:srpRNA:srpRNA	437	58433.4820141	307727	1439684.28	1439693	100.00
8Cell_siKlf5	66560539	RSINE1:B4:SINE	115806	14803.2382276	299451	305643.54	308198	99.17
8Cell_siKlf5	66560539	B1_Mus2:Alu:SINE	70891	15526.1777597	272098	283869.64	287193	98.84
8Cell_siKlf5	66560539	B4A:B4:SINE	107073	10279.4167213	242081	246337.27	248515	99.12
8Cell_siKlf5	66560539	B3A:B2:SINE	92925	10769.9956068	240441	245433.42	248120	98.92
8Cell_siKlf5	66560539	FordPrefect:hAT-Tip100:DNA	291	8223.30375848	224357	224374.60	224377	100.00
8Cell_siKlf5	66560539	B2_Mm1a:B2:SINE	18346	12491.9004316	219606	247052.06	250772	98.52
8Cell_siKlf5	66560539	B2_Mm1t:B2:SINE	23218	9642.88215232	185502	202695.37	207561	97.66
8Cell_siKlf5	66560539	7SK:RNA:RNA	691	9191.64680318	179565	218697.22	218715	99.99
8Cell_siKlf5	66560539	ORR1A0-int:ERVL-MaLR:LTR	456	1448.46487201	167305	214937.21	218889	98.19
8Cell_siKlf5	66560539	PB1D10:Alu:SINE	65054	8428.60946043	154509	156098.00	157251	99.27
8Cell_siKlf5	66560539	B1_Mm:Alu:SINE	42910	9401.97566306	154292	165157.16	166949	98.93
8Cell_siKlf5	66560539	B1_Mur4:Alu:SINE	41031	6663.44900664	135724	137635.39	139035	98.99
8Cell_siKlf5	66560539	B1_Mur1:Alu:SINE	38058	6600.62894033	134326	138037.75	139351	99.06
8Cell_siKlf5	66560539	L1Md_F2:L1:LINE	64898	2107.05572107	127754	145011.26	154082	94.11
8Cell_siKlf5	66560539	B4:B4:SINE	64020	5402.67682824	122572	124113.10	125286	99.06
8Cell_siKlf5	66560539	B1_Mur2:Alu:SINE	31869	5733.37690882	119595	120874.59	121986	99.09
8Cell_siKlf5	66560539	PB1D9:Alu:SINE	28939	5726.18920041	113696	115301.58	116377	99.08
8Cell_siKlf5	66560539	B1F:Alu:SINE	45170	5684.5219656	111755	113295.14	114249	99.17
8Cell_siKlf5	66560539	L1Md_T:L1:LINE	23688	1160.87340812	111407	219664.73	240075	91.50
8Cell_siKlf5	66560539	MTA_Mm-int:ERVL-MaLR:LTR	3027	3726.89328376	106839	376624.56	405812	92.81
8Cell_siKlf5	66560539	IAPEz-int:ERVK:LTR	7319	1701.37972555	101884	280177.12	281533	99.52
8Cell_siKlf5	66560539	MTD:ERVL-MaLR:LTR	51544	3618.27964735	99380	101770.32	103108	98.70
8Cell_siKlf5	66560539	ORR1A1-int:ERVL-MaLR:LTR	859	881.086379737	99368	115494.33	126393	91.38
8Cell_siKlf5	66560539	SSU-rRNA_Hsa:rRNA:rRNA	45	330.173054845	95886	100691.50	100692	100.00
8Cell_siKlf5	66560539	B1_Mur3:Alu:SINE	24632	4629.61644753	94621	96789.05	97612	99.16
8Cell_siKlf5	66560539	Lx8:L1:LINE	49141	2798.28717671	86184	89404.57	90383	98.92
8Cell_siKlf5	66560539	L1_Mus3:L1:LINE	48489	1587.18868644	76262	86841.32	89311	97.23
8Cell_siKlf5	66560539	PB1D7:Alu:SINE	24346	3813.06606014	70988	73598.65	74181	99.21
8Cell_siKlf5	66560539	L1_Mus1:L1:LINE	27252	1284.68237847	70795	78951.68	81660	96.68
8Cell_siKlf5	66560539	MTA_Mm:ERVL-MaLR:LTR	15623	2873.80430605	70622	113331.45	145172	78.07
8Cell_siKlf5	66560539	B1F1:Alu:SINE	19678	3129.66190233	68222	68807.16	69248	99.36
8Cell_siKlf5	66560539	Lx9:L1:LINE	49160	2119.7427738	63951	66335.35	67109	98.85
8Cell_siKlf5	66560539	MTC:ERVL-MaLR:LTR	27489	2115.65553664	62212	64172.57	65127	98.53
8Cell_siKlf5	66560539	RLTR1B-int:ERV1:LTR	798	465.497213914	61168	65849.60	66135	99.57
8Cell_siKlf5	66560539	Lx7:L1:LINE	40190	1763.60039452	60820	66957.37	68211	98.16
8Cell_siKlf5	66560539	L2a:L2:LINE	24277	2446.01346591	57612	59948.66	60259	99.48
8Cell_siKlf5	66560539	ORR1A2-int:ERVL-MaLR:LTR	2132	620.973571148	56678	60040.68	61353	97.86
8Cell_siKlf5	66560539	MIRb:MIR:SINE	42160	3083.73346615	56000	56916.20	57319	99.30
8Cell_siKlf5	66560539	MMETn-int:ERVK:LTR	980	407.371730038	53355	88355.12	96553	91.51
8Cell_siKlf5	66560539	B1F2:Alu:SINE	16513	2597.57444498	52741	53546.91	54124	98.93
8Cell_siKlf5	66560539	L1_Mur3:L1:LINE	27399	1294.35346151	49872	52408.33	53202	98.51
8Cell_siKlf5	66560539	L1Md_A:L1:LINE	16844	667.720114144	49631	97630.01	110892	88.04
8Cell_siKlf5	66560539	MT2B:ERVL:LTR	13977	1961.20949285	49172	50400.98	51327	98.20
8Cell_siKlf5	66560539	MIR:MIR:SINE	38978	2703.99740624	49130	50052.45	50405	99.30
8Cell_siKlf5	66560539	ORR1D1:ERVL-MaLR:LTR	21507	1749.98676998	48456	49289.01	49893	98.79
8Cell_siKlf5	66560539	ORR1A2:ERVL-MaLR:LTR	14843	1570.09224783	47574	49881.09	50821	98.15
8Cell_siKlf5	66560539	L2:L2:LINE	17614	1811.97001036	46201	46771.50	47072	99.36
8Cell_siKlf5	66560539	L1_Mus2:L1:LINE	21079	782.45706601	43139	48088.23	50821	94.62
8Cell_siKlf5	66560539	MT2_Mm:ERVL:LTR	2667	1380.22057631	38714	71519.11	86076	83.09
8Cell_siKlf5	66560539	URR1A:hAT-Charlie:DNA	17621	1774.692747	38206	38772.73	39097	99.17
8Cell_siKlf5	66560539	Lx:L1:LINE	24834	815.778039106	38072	41757.51	43322	96.39
8Cell_siKlf5	66560539	RLTR45:ERVK:LTR	1557	1004.12191143	37410	50030.36	57857	86.47
8Cell_siKlf5	66560539	ORR1B1:ERVL-MaLR:LTR	17313	1248.62349819	36695	38080.45	38731	98.32
8Cell_siKlf5	66560539	RMER6A:ERVK:LTR	3983	819.757644218	36588	38411.62	38774	99.07
8Cell_siKlf5	66560539	PB1D11:Alu:SINE	18484	1956.93031578	35835	36172.94	36424	99.31
8Cell_siKlf5	66560539	URR1B:hAT-Charlie:DNA	16889	1652.64756212	35590	36743.47	37046	99.18
8Cell_siKlf5	66560539	MMERVK10C-int:ERVK:LTR	3230	576.975749439	35423	60974.93	61397	99.31
8Cell_siKlf5	66560539	ORR1F:ERVL-MaLR:LTR	23086	1491.85511294	33622	34895.39	35393	98.59
8Cell_siKlf5	66560539	ORR1E:ERVL-MaLR:LTR	22742	1300.29514579	32652	33337.00	33865	98.44
8Cell_siKlf5	66560539	L1M4:L1:LINE	13935	1153.47364325	32464	33203.33	33548	98.97
8Cell_siKlf5	66560539	PB1:Alu:SINE	11784	1636.60723799	31012	31619.97	31881	99.18
8Cell_siKlf5	66560539	L1_Mur2:L1:LINE	20769	749.367775413	30083	33557.56	34693	96.73
8Cell_siKlf5	66560539	Lx5:L1:LINE	16339	746.224717514	29685	34309.73	35141	97.63
8Cell_siKlf5	66560539	Lx6:L1:LINE	18164	746.525594828	29611	32171.81	32728	98.30
8Cell_siKlf5	66560539	MERVL_2A-int:ERVL:LTR	3899	381.64538775	29569	36913.48	90597	40.74
8Cell_siKlf5	66560539	MTEa:ERVL-MaLR:LTR	20061	1226.07746275	29351	30239.01	30701	98.50
8Cell_siKlf5	66560539	L1M2:L1:LINE	18488	950.162252103	29271	30109.46	30486	98.76
8Cell_siKlf5	66560539	Lx8b:L1:LINE	24166	938.291388091	28850	30135.43	30542	98.67
8Cell_siKlf5	66560539	Lx5c:L1:LINE	16422	774.325269208	28742	30787.97	31345	98.22
8Cell_siKlf5	66560539	L1M5:L1:LINE	16596	1157.82961594	27516	27880.43	28153	99.03
8Cell_siKlf5	66560539	MTE2a:ERVL-MaLR:LTR	15148	1013.09556644	27446	28403.02	28783	98.68
8Cell_siKlf5	66560539	RMER19B:ERVK:LTR	5640	600.377154556	27225	28819.55	29175	98.78
8Cell_siKlf5	66560539	ORR1D2:ERVL-MaLR:LTR	15061	1029.64090768	26776	27668.66	28076	98.55
8Cell_siKlf5	66560539	ID4:ID:SINE	23970	1566.39073254	26237	26517.39	26721	99.24
8Cell_siKlf5	66560539	ORR1A0:ERVL-MaLR:LTR	2133	729.458583569	26047	30111.66	33637	89.52
8Cell_siKlf5	66560539	RLTR17B_Mm:ERVK:LTR	27369	1294.27386837	25970	26256.10	26387	99.50
8Cell_siKlf5	66560539	ID4_:ID:SINE	26384	1395.57640434	25086	25319.61	25507	99.27
8Cell_siKlf5	66560539	ORR1C2:ERVL-MaLR:LTR	12473	891.741678581	24989	25474.26	25781	98.81
8Cell_siKlf5	66560539	RMER15:ERVL:LTR	18077	1006.9656434	24976	26168.03	26448	98.94
8Cell_siKlf5	66560539	MIRc:MIR:SINE	23213	1439.13956426	24880	25038.37	25167	99.49
8Cell_siKlf5	66560539	ETnERV3-int:ERVK:LTR	560	262.703304578	23413	32134.03	31983	100.47
8Cell_siKlf5	66560539	L1VL2:L1:LINE	4697	299.708039049	22671	24149.07	24418	98.90
8Cell_siKlf5	66560539	ORR1A1:ERVL-MaLR:LTR	4414	631.759803563	22588	23927.64	25802	92.74
8Cell_siKlf5	66560539	MTE2b:ERVL-MaLR:LTR	14367	855.458112985	22537	22980.57	23289	98.68
8Cell_siKlf5	66560539	L2c:L2:LINE	12298	1018.70188816	21212	21889.88	22301	98.16
8Cell_siKlf5	66560539	MT2B2:ERVL:LTR	3655	694.305508374	21045	21863.75	22170	98.62
8Cell_siKlf5	66560539	ERVB4_2-LTR_MM:ERVK:LTR	144	427.404231497	20205	24181.89	32622	74.13
8Cell_siKlf5	66560539	Lx3_Mus:L1:LINE	12651	416.14618482	20132	21272.82	21568	98.63
8Cell_siKlf5	66560539	L1Md_F3:L1:LINE	16146	416.314327942	19821	23726.10	25887	91.65
8Cell_siKlf5	66560539	ORR1A4-int:ERVL-MaLR:LTR	1326	238.674378825	19655	20614.94	20783	99.19
8Cell_siKlf5	66560539	L2b:L2:LINE	13720	985.243283313	19604	19781.61	19910	99.36
8Cell_siKlf5	66560539	ORR1A4:ERVL-MaLR:LTR	7791	654.155877692	19488	20001.47	20342	98.33
8Cell_siKlf5	66560539	L1MB7:L1:LINE	6956	682.459746702	19441	20203.19	20485	98.62
8Cell_siKlf5	66560539	MT2A:ERVL:LTR	10140	622.566857329	19310	19705.20	19950	98.77
8Cell_siKlf5	66560539	RLTR13B1:ERVK:LTR	1029	402.808611989	19247	26521.53	34395	77.11
8Cell_siKlf5	66560539	RMER1B:Other:Other	7511	505.817353297	19009	19817.38	20113	98.53
8Cell_siKlf5	66560539	MT2B1:ERVL:LTR	7248	600.310883824	18828	19536.14	19874	98.30
8Cell_siKlf5	66560539	L1_Mus4:L1:LINE	11880	395.446928777	18511	19879.60	20878	95.22
8Cell_siKlf5	66560539	L1_Rod:L1:LINE	11315	506.543042841	18287	18811.70	19043	98.79
8Cell_siKlf5	66560539	ORR1B2:ERVL-MaLR:LTR	8528	658.667507603	18185	18913.49	19173	98.65
8Cell_siKlf5	66560539	Lx2:L1:LINE	18521	504.353346321	18114	19755.76	20325	97.20
8Cell_siKlf5	66560539	ORR1C1:ERVL-MaLR:LTR	7423	614.733723758	17922	18486.18	18761	98.54
8Cell_siKlf5	66560539	L1VL4:L1:LINE	6091	278.24031726	17913	19000.67	19268	98.61
8Cell_siKlf5	66560539	RMER10A:ERVL:LTR	4464	639.234446075	17811	19003.68	19432	97.80
8Cell_siKlf5	66560539	Lx4A:L1:LINE	10564	481.926328586	17586	19714.23	20414	96.57
8Cell_siKlf5	66560539	ERVB4_2-I_MM-int:ERVK:LTR	313	326.399039801	17575	36246.76	38908	93.16
8Cell_siKlf5	66560539	MMERGLN-int:ERV1:LTR	856	113.083862757	17346	31209.52	31435	99.28
8Cell_siKlf5	66560539	MIR3:MIR:SINE	16085	1036.43346004	17271	17377.34	17450	99.58
8Cell_siKlf5	66560539	RMER4B:ERVK:LTR	5158	503.809222502	17148	17554.25	17764	98.82
8Cell_siKlf5	66560539	MYSERV6-int:ERVK:LTR	3183	300.392406918	16328	17013.45	17200	98.92
8Cell_siKlf5	66560539	ORR1A3-int:ERVL-MaLR:LTR	2435	391.28429501	16060	19848.46	23660	83.89
8Cell_siKlf5	66560539	MT2C_Mm:ERVL:LTR	1982	432.402741998	15664	17310.02	17870	96.87
8Cell_siKlf5	66560539	ETnERV2-int:ERVK:LTR	1805	157.599740714	15544	16802.04	17117	98.16
8Cell_siKlf5	66560539	L1Md_F:L1:LINE	4016	188.022418262	15287	20078.26	23472	85.54
8Cell_siKlf5	66560539	MTEb:ERVL-MaLR:LTR	10811	645.052235395	15199	15547.83	15795	98.44
8Cell_siKlf5	66560539	MER2:TcMar-Tigger:DNA	10246	686.326716523	15095	15307.86	15454	99.05
8Cell_siKlf5	66560539	MTB:ERVL-MaLR:LTR	6419	493.961540073	15089	15655.83	16167	96.84
8Cell_siKlf5	66560539	Lx2B2:L1:LINE	11012	385.923572675	14810	16514.12	17049	96.86
8Cell_siKlf5	66560539	RMER5:ERV1:LTR	7418	537.95956731	14593	15259.55	15599	97.82
8Cell_siKlf5	66560539	L1_Mm:L1:LINE	5429	303.752161367	14229	21010.16	29073	72.27
8Cell_siKlf5	66560539	RCHARR1:hAT-Charlie:DNA	6811	457.931866929	14068	14359.84	14527	98.85
8Cell_siKlf5	66560539	ORR1B1-int:ERVL-MaLR:LTR	2965	273.011697815	13812	14732.41	15191	96.98
8Cell_siKlf5	66560539	MMVL30-int:ERV1:LTR	956	208.544743542	13795	20654.73	22201	93.04
8Cell_siKlf5	66560539	RLTR25B:ERVK:LTR	3674	436.056023199	13693	14158.02	14305	98.97
8Cell_siKlf5	66560539	MTC-int:ERVL-MaLR:LTR	3520	323.813758983	13652	14217.50	15062	94.39
8Cell_siKlf5	66560539	L1MC4:L1:LINE	5589	554.801895471	13399	13827.32	13954	99.09
8Cell_siKlf5	66560539	L1MB8:L1:LINE	6000	499.71027535	13367	13679.33	13839	98.85
8Cell_siKlf5	66560539	RLTR1B:ERV1:LTR	893	287.077238338	13226	14388.88	14947	96.27
8Cell_siKlf5	66560539	MMERVK9C_I-int:ERVK:LTR	1807	206.454134641	13164	14511.15	14749	98.39
8Cell_siKlf5	66560539	RMER17C:ERVK:LTR	6479	487.275634428	13048	13513.53	13710	98.57
8Cell_siKlf5	66560539	RLTR10-int:ERVK:LTR	2617	293.796084763	13017	18209.12	18590	97.95
8Cell_siKlf5	66560539	L3:CR1:LINE	9732	687.620880151	12946	13853.25	13948	99.32
8Cell_siKlf5	66560539	RLTR19-int:ERVK:LTR	2407	405.378650816	12800	17141.32	17237	99.44
8Cell_siKlf5	66560539	MLT1D:ERVL-MaLR:LTR	8368	534.192048033	12300	12749.83	12871	99.06
8Cell_siKlf5	66560539	L1MA4:L1:LINE	7467	434.974872284	12274	12533.53	12675	98.88
8Cell_siKlf5	66560539	L1MB3:L1:LINE	5343	457.564260816	12263	12434.79	12555	99.04
8Cell_siKlf5	66560539	MLT1B:ERVL-MaLR:LTR	9316	542.625199767	12237	12401.19	12536	98.92
8Cell_siKlf5	66560539	L1M3:L1:LINE	7043	429.30382072	11936	12175.76	12345	98.63
8Cell_siKlf5	66560539	MLTR14:ERV1:LTR	6798	461.664169113	11759	12013.47	12145	98.92
8Cell_siKlf5	66560539	Tigger7:TcMar-Tigger:DNA	5206	438.202323093	11737	11875.37	11994	99.01
8Cell_siKlf5	66560539	MER20:hAT-Charlie:DNA	5994	563.174659909	11611	11710.35	11806	99.19
8Cell_siKlf5	66560539	RMER6C:ERVK:LTR	4887	339.066652853	11606	12640.00	12894	98.03
8Cell_siKlf5	66560539	MLT1A0:ERVL-MaLR:LTR	10413	532.638503797	11419	11593.11	11692	99.15
8Cell_siKlf5	66560539	Lx3B:L1:LINE	5993	239.766710011	11392	12189.01	12456	97.86
8Cell_siKlf5	66560539	L1MD:L1:LINE	6361	418.686024462	11024	11215.81	11355	98.77
8Cell_siKlf5	66560539	Lx5b:L1:LINE	7975	281.805890848	10911	11959.92	12342	96.90
8Cell_siKlf5	66560539	MTB_Mm:ERVL-MaLR:LTR	4963	356.554115299	10894	11092.08	11231	98.76
8Cell_siKlf5	66560539	Lx10:L1:LINE	10010	410.67232432	10628	11081.67	11313	97.96
8Cell_siKlf5	66560539	RodERV21-int:ERV1:LTR	1856	225.899192806	10568	11209.87	11291	99.28
8Cell_siKlf5	66560539	RLTRETN_Mm:ERVK:LTR	1355	311.667979313	10504	13371.47	15026	88.99
8Cell_siKlf5	66560539	ORR1A3:ERVL-MaLR:LTR	4381	374.176265279	10496	11006.60	11229	98.02
8Cell_siKlf5	66560539	RMER1A:Other:Other	3854	292.580348762	10453	12655.73	12808	98.81
8Cell_siKlf5	66560539	RMER4A:ERVK:LTR	3287	319.887023432	10349	10687.52	10809	98.88
8Cell_siKlf5	66560539	L1MC1:L1:LINE	5571	367.945889121	10331	10584.19	10703	98.89
8Cell_siKlf5	66560539	L1ME1:L1:LINE	5261	389.905381434	10319	10522.75	10653	98.78
8Cell_siKlf5	66560539	MTE-int:ERVL-MaLR:LTR	4958	315.616798061	10263	10799.55	10998	98.20
8Cell_siKlf5	66560539	L1_Mur1:L1:LINE	7793	224.75960615	10196	10783.22	11134	96.85
8Cell_siKlf5	66560539	MTD-int:ERVL-MaLR:LTR	2521	211.341128329	10038	10495.98	10697	98.12
8Cell_siKlf5	66560539	RLTR6-int:ERV1:LTR	1220	134.862169765	10022	16044.98	16856	95.19
8Cell_siKlf5	66560539	BC1_Mm:scRNA:scRNA	6758	572.548064113	9926	10019.93	10082	99.38
8Cell_siKlf5	66560539	RLTR11A:ERVK:LTR	2655	344.141365857	9796	10054.73	10172	98.85
8Cell_siKlf5	66560539	L1MA6:L1:LINE	6985	355.814989679	9752	9945.23	10064	98.82
8Cell_siKlf5	66560539	Lx3A:L1:LINE	9223	235.491526788	9746	10398.75	10541	98.65
8Cell_siKlf5	66560539	MMERVK9E_I-int:ERVK:LTR	1568	132.41235246	9561	10314.78	10446	98.74
8Cell_siKlf5	66560539	RMER10B:ERVL:LTR	3002	353.282002892	9550	10162.34	10474	97.02
8Cell_siKlf5	66560539	RMER17B:ERVK:LTR	2898	256.10312818	9525	10364.56	10463	99.06
8Cell_siKlf5	66560539	L1MEc:L1:LINE	5378	342.99759862	9390	9549.30	9644	99.02
8Cell_siKlf5	66560539	L1MC3:L1:LINE	5288	331.945701563	9385	9543.79	9618	99.23
8Cell_siKlf5	66560539	Lx2B:L1:LINE	6191	252.69747531	9197	12042.79	12603	95.55
8Cell_siKlf5	66560539	MER5A:hAT-Charlie:DNA	8982	507.525209656	9171	9245.48	9308	99.33
8Cell_siKlf5	66560539	RLTR11A2:ERVK:LTR	2676	275.081103894	9087	9321.39	9417	98.98
8Cell_siKlf5	66560539	L1MB5:L1:LINE	3766	323.428283224	9066	9307.03	9416	98.84
8Cell_siKlf5	66560539	RMER17C-int:ERVK:LTR	1940	203.248289343	8954	9734.29	9830	99.03
8Cell_siKlf5	66560539	MurERV4-int:ERVK:LTR	1525	155.128295604	8781	9493.65	9568	99.22
8Cell_siKlf5	66560539	RLTR4_MM-int:ERV1:LTR	432	111.237837941	8603	27196.52	27696	98.20
8Cell_siKlf5	66560539	MLT1C:ERVL-MaLR:LTR	7791	388.233216154	8518	8620.35	8716	98.90
8Cell_siKlf5	66560539	Charlie1a:hAT-Charlie:DNA	2660	297.437629763	8439	8591.22	8703	98.72
8Cell_siKlf5	66560539	Lx4B:L1:LINE	5680	214.7763652	8421	9253.77	9603	96.36
8Cell_siKlf5	66560539	L1MC:L1:LINE	5426	345.134980023	8377	8540.90	8618	99.11
8Cell_siKlf5	66560539	Lx3C:L1:LINE	6475	221.41384345	8301	8871.93	9025	98.30
8Cell_siKlf5	66560539	RMER16-int:ERVK:LTR	2599	174.711563614	8155	9335.16	9516	98.10
8Cell_siKlf5	66560539	L1MC5:L1:LINE	3476	320.284769373	8072	8202.13	8293	98.90
8Cell_siKlf5	66560539	MusHAL1:L1:LINE	3890	197.865314681	8018	8689.24	8893	97.71
8Cell_siKlf5	66560539	MLT1A1:ERVL-MaLR:LTR	9015	416.705024279	7981	8084.80	8173	98.92
8Cell_siKlf5	66560539	MERV1_I-int:ERV1:LTR	1365	268.345305669	7930	8554.93	8599	99.49
8Cell_siKlf5	66560539	RLTR28:ERVL:LTR	1949	256.47023006	7745	7834.79	7916	98.97
8Cell_siKlf5	66560539	RMER15-int:ERVL:LTR	3100	215.828031773	7739	7976.19	8076	98.76
8Cell_siKlf5	66560539	RLTR13C2:ERVK:LTR	844	158.523457448	7686	8286.06	8462	97.92
8Cell_siKlf5	66560539	L1MEd:L1:LINE	3245	436.470350756	7578	8431.13	8487	99.34
8Cell_siKlf5	66560539	ID2:ID:SINE	5671	382.997507361	7455	7938.62	7969	99.62
8Cell_siKlf5	66560539	MuLV-int:ERV1:LTR	392	46.4448002344	7443	8563.31	9110	94.00
8Cell_siKlf5	66560539	MTEa-int:ERVL-MaLR:LTR	1368	156.738396078	7388	8774.92	8976	97.76
8Cell_siKlf5	66560539	RMER1C:Other:Other	6347	260.338621179	7376	7590.78	7696	98.63
8Cell_siKlf5	66560539	L1MCa:L1:LINE	3565	227.887216946	7350	7893.94	8139	96.99
8Cell_siKlf5	66560539	RLTR17:ERVK:LTR	1758	176.987875084	7260	7523.23	7653	98.30
8Cell_siKlf5	66560539	RLTR13B2:ERVK:LTR	314	157.107479955	7190	11347.96	11553	98.23
8Cell_siKlf5	66560539	MLTR25A:ERVK:LTR	2168	176.21462401	7141	8434.45	8535	98.82
8Cell_siKlf5	66560539	ETnERV-int:ERVK:LTR	906	186.843400421	7081	13267.13	21499	61.71
8Cell_siKlf5	66560539	RLTR15:ERVK:LTR	2437	231.194172366	7067	7172.19	7255	98.86
8Cell_siKlf5	66560539	MER89:ERV1:LTR	614	242.786745111	6996	8619.47	8611	100.10
8Cell_siKlf5	66560539	HAL1:L1:LINE	3550	293.080794047	6978	7069.58	7131	99.14
8Cell_siKlf5	66560539	RMER6D:ERVK:LTR	2411	201.645169341	6965	8699.03	8926	97.46
8Cell_siKlf5	66560539	ORR1G:ERVL-MaLR:LTR	4680	311.747031125	6931	7125.78	7495	95.07
8Cell_siKlf5	66560539	L1MC4a:L1:LINE	3077	265.899318755	6900	7000.56	7067	99.06
8Cell_siKlf5	66560539	RLTR13G:ERVK:LTR	877	211.756126522	6792	10491.41	11785	89.02
8Cell_siKlf5	66560539	L1MB2:L1:LINE	2927	242.48182916	6771	6968.29	7049	98.86
8Cell_siKlf5	66560539	MYSERV16_I-int:ERVK:LTR	2516	148.524813095	6758	7148.16	7302	97.89
8Cell_siKlf5	66560539	L1MB4:L1:LINE	2690	240.337812592	6726	6872.66	6966	98.66
8Cell_siKlf5	66560539	RLTR31D_MM:ERVK:LTR	8270	284.370801481	6662	6761.27	6861	98.55
8Cell_siKlf5	66560539	RLTR14-int:ERV1:LTR	1816	178.719076607	6633	6952.25	7044	98.70
8Cell_siKlf5	66560539	L1VL1:L1:LINE	1797	78.8811808172	6598	8840.42	9339	94.66
8Cell_siKlf5	66560539	L1MA5:L1:LINE	4952	260.219661202	6529	6679.28	6766	98.72
8Cell_siKlf5	66560539	RLTR10C:ERVK:LTR	1779	252.652603229	6512	9742.94	10017	97.26
8Cell_siKlf5	66560539	ORR1D1-int:ERVL-MaLR:LTR	1715	132.639605737	6480	6731.87	7540	89.28
8Cell_siKlf5	66560539	RMER19B2:ERVK:LTR	2296	156.090652392	6478	6653.50	6750	98.57
8Cell_siKlf5	66560539	RMER6B:ERVK:LTR	1360	190.09039894	6338	6523.92	6595	98.92
8Cell_siKlf5	66560539	MER21C:ERVL:LTR	2261	212.549624824	6295	6368.97	6413	99.31
8Cell_siKlf5	66560539	BGLII:ERVK:LTR	2269	197.439456859	6272	6522.62	6677	97.69
8Cell_siKlf5	66560539	RMER19A:ERVK:LTR	2095	162.560991842	6207	6442.68	6549	98.38
8Cell_siKlf5	66560539	RMER19C:ERVK:LTR	2729	179.758198405	6165	7077.33	7170	98.71
8Cell_siKlf5	66560539	MER58A:hAT-Charlie:DNA	3714	316.793765087	6128	6167.27	6224	99.09
8Cell_siKlf5	66560539	RLTR21:ERVK:LTR	3816	154.402623908	6096	6284.28	6341	99.11
8Cell_siKlf5	66560539	RMER17A2:ERVK:LTR	2598	142.501260537	6080	6217.01	6290	98.84
8Cell_siKlf5	66560539	RLTR42-int:ERVK:LTR	2473	187.889901683	6061	6184.14	6244	99.04
8Cell_siKlf5	66560539	MLTR11A:ERVK:LTR	2124	201.195931109	5989	6200.71	6266	98.96
8Cell_siKlf5	66560539	MER33:hAT-Charlie:DNA	2719	256.248259726	5973	6179.31	6229	99.20
8Cell_siKlf5	66560539	RLTR9E:ERVK:LTR	1318	173.028663941	5969	6479.79	6720	96.43
8Cell_siKlf5	66560539	MuRRS4-int:ERV1:LTR	2735	110.479432407	5899	6935.49	7099	97.70
8Cell_siKlf5	66560539	L1MEf:L1:LINE	3127	209.453805594	5832	5944.34	6001	99.06
8Cell_siKlf5	66560539	RLTR20A4:ERVK:LTR	11527	326.12336023	5808	5883.54	5928	99.25
8Cell_siKlf5	66560539	MLTR11B:ERVK:LTR	2985	207.731501197	5765	5844.82	5941	98.38
8Cell_siKlf5	66560539	RLTR25A:ERVK:LTR	1781	157.170967016	5755	7692.68	8235	93.41
8Cell_siKlf5	66560539	RLTR10:ERVK:LTR	2930	259.081906037	5708	8759.20	9061	96.67
8Cell_siKlf5	66560539	RMER3D-int:ERVK:LTR	2711	136.278614814	5690	6942.09	7134	97.31
8Cell_siKlf5	66560539	L1MA8:L1:LINE	3882	210.209945944	5659	5789.36	5856	98.86
8Cell_siKlf5	66560539	RLTR40:ERVK:LTR	2651	168.510801349	5651	5974.89	6030	99.09
8Cell_siKlf5	66560539	MER58B:hAT-Charlie:DNA	2843	269.955482372	5631	5681.91	5715	99.42
8Cell_siKlf5	66560539	IAPLTR1_Mm:ERVK:LTR	1492	284.48061154	5609	12373.22	14250	86.83
8Cell_siKlf5	66560539	LTRIS2:ERV1:LTR	1423	170.109434308	5575	6873.40	7070	97.22
8Cell_siKlf5	66560539	RLTR14:ERV1:LTR	2341	196.400597702	5556	5677.64	5775	98.31
8Cell_siKlf5	66560539	MER21B:ERVL:LTR	1618	192.349898114	5538	5658.87	5706	99.17
8Cell_siKlf5	66560539	RMER12:ERVK:LTR	3319	185.608317555	5518	5634.54	5682	99.16
8Cell_siKlf5	66560539	MLT1A:ERVL-MaLR:LTR	4950	264.903874756	5504	5600.03	5656	99.01
8Cell_siKlf5	66560539	RLTR13C3:ERVK:LTR	538	93.7191133482	5485	6845.08	7016	97.56
8Cell_siKlf5	66560539	L1MC5a:L1:LINE	2588	223.93566178	5432	5511.24	5566	99.02
8Cell_siKlf5	66560539	L1MEg:L1:LINE	3797	234.00076232	5424	5540.47	5600	98.94
8Cell_siKlf5	66560539	ID:ID:SINE	8022	291.719413301	5406	5472.83	5514	99.25
8Cell_siKlf5	66560539	ORR1C2-int:ERVL-MaLR:LTR	914	86.2961661173	5393	5652.61	6134	92.15
8Cell_siKlf5	66560539	L1MA4A:L1:LINE	2709	178.59198952	5381	5470.50	5514	99.21
8Cell_siKlf5	66560539	L1MD2:L1:LINE	3227	213.821535075	5276	5448.95	5504	99.00
8Cell_siKlf5	66560539	RLTR11B:ERVK:LTR	1049	141.267111358	5200	5296.10	5344	99.10
8Cell_siKlf5	66560539	L1M4b:L1:LINE	2190	171.213945191	5199	5309.02	5347	99.29
8Cell_siKlf5	66560539	ERVB4_1C-LTR_Mm:ERVK:LTR	961	159.994240651	5186	6935.15	8779	79.00
8Cell_siKlf5	66560539	ERVB4_1B-I_MM-int:ERVK:LTR	1368	93.4686982309	5182	5697.53	5838	97.59
8Cell_siKlf5	66560539	L1MDa:L1:LINE	3451	193.793987253	5182	5421.32	5585	97.07
8Cell_siKlf5	66560539	L1MA9:L1:LINE	4587	199.226066485	5176	5259.47	5309	99.07
8Cell_siKlf5	66560539	IAPLTR2a2_Mm:ERVK:LTR	1541	145.885001565	5047	5456.44	5649	96.59
8Cell_siKlf5	66560539	RLTR33:ERVK:LTR	1336	130.723897156	4978	5171.11	5240	98.69
8Cell_siKlf5	66560539	MER3:hAT-Charlie:DNA	2967	258.119643909	4957	4999.65	5041	99.18
8Cell_siKlf5	66560539	RLTR31B2:ERVK:LTR	1192	173.627675725	4927	5012.27	5130	97.71
8Cell_siKlf5	66560539	RLTR22_Mur:ERVK:LTR	2503	141.557980681	4786	5108.07	5179	98.63
8Cell_siKlf5	66560539	MER5B:hAT-Charlie:DNA	5140	286.719269089	4731	5011.14	5047	99.29
8Cell_siKlf5	66560539	RMER2:ERV1:LTR	2358	162.223981713	4652	5092.38	5245	97.09
8Cell_siKlf5	66560539	RLTR16:ERVK:LTR	1350	134.367775429	4489	4585.78	4651	98.60
8Cell_siKlf5	66560539	RMER13B:ERVK:LTR	2134	118.870656704	4456	4970.20	5011	99.19
8Cell_siKlf5	66560539	LTRIS_Mus:ERV1:LTR	919	111.819390384	4441	4676.47	4753	98.39
8Cell_siKlf5	66560539	MurERV4_19-int:ERVK:LTR	969	86.2887503177	4417	4552.87	4620	98.55
8Cell_siKlf5	66560539	MLT1J:ERVL-MaLR:LTR	2943	215.069358564	4409	4444.49	4477	99.27
8Cell_siKlf5	66560539	RMER12C:ERVK:LTR	4954	167.157117414	4392	4619.16	4710	98.07
8Cell_siKlf5	66560539	L1M4c:L1:LINE	2049	142.024669012	4367	4451.83	4487	99.22
8Cell_siKlf5	66560539	L1Md_Gf:L1:LINE	1080	95.5901224238	4367	11229.60	25543	43.96
8Cell_siKlf5	66560539	L1ME2:L1:LINE	2633	170.520279217	4327	4411.56	4449	99.16
8Cell_siKlf5	66560539	MT-int:ERVL-MaLR:LTR	438	526.507705572	4313	24452.54	59117	41.36
8Cell_siKlf5	66560539	ERVB2_1A-I_MM-int:ERVK:LTR	289	70.5340482814	4234	4743.71	4906	96.69
8Cell_siKlf5	66560539	RMER17C2:ERVK:LTR	3413	181.205957865	4201	4338.98	4442	97.68
8Cell_siKlf5	66560539	ORR1D2-int:ERVL-MaLR:LTR	1361	99.1848187972	4152	4413.29	4859	90.83
8Cell_siKlf5	66560539	RMER17A:ERVK:LTR	1819	131.940101855	4147	4342.21	4376	99.23
8Cell_siKlf5	66560539	L1MB1:L1:LINE	2524	152.249581491	4137	4534.75	4641	97.71
8Cell_siKlf5	66560539	RMER30:hAT-Charlie:DNA	3588	212.719023022	4111	4149.48	4175	99.39
8Cell_siKlf5	66560539	L1MC2:L1:LINE	2252	136.434016314	4030	4167.92	4233	98.46
8Cell_siKlf5	66560539	IAPLTR2_Mm:ERVK:LTR	1388	144.854508913	3935	5113.52	5349	95.60
8Cell_siKlf5	66560539	L1MA7:L1:LINE	3250	146.853414502	3935	4030.34	4085	98.66
8Cell_siKlf5	66560539	RLTR13D3A1:ERVK:LTR	613	82.0522819884	3926	4054.59	4091	99.11
8Cell_siKlf5	66560539	L1MD3:L1:LINE	2480	162.369112034	3905	3960.04	3996	99.10
8Cell_siKlf5	66560539	ORR1E-int:ERVL-MaLR:LTR	1446	89.7570509329	3904	4200.65	5095	82.45
8Cell_siKlf5	66560539	L1ME4b:L1:LINE	1818	164.824888346	3886	3921.43	3956	99.13
8Cell_siKlf5	66560539	RMER17D:ERVK:LTR	1166	115.502312305	3878	4234.50	4267	99.24
8Cell_siKlf5	66560539	MuRRS-int:ERV1:LTR	996	35.2482660742	3820	4626.10	4735	97.70
8Cell_siKlf5	66560539	MER31B:ERV1:LTR	558	115.350740895	3815	3827.22	3833	99.85
8Cell_siKlf5	66560539	L1MD1:L1:LINE	2268	138.562321849	3809	3907.43	4000	97.69
8Cell_siKlf5	66560539	RLTR51A_Mm:ERVK?:LTR	3523	160.66047243	3789	3920.73	4006	97.87
8Cell_siKlf5	66560539	MLT1F:ERVL-MaLR:LTR	1561	168.154011306	3768	3799.55	3825	99.33
8Cell_siKlf5	66560539	Charlie1:hAT-Charlie:DNA	977	120.505314207	3751	3875.77	3925	98.75
8Cell_siKlf5	66560539	MLT1F2:ERVL-MaLR:LTR	2297	146.091891086	3724	3778.19	3815	99.04
8Cell_siKlf5	66560539	BGLII_B:ERVK:LTR	960	109.718854232	3703	3811.81	3863	98.67
8Cell_siKlf5	66560539	RMER16_Mm:ERVK:LTR	435	87.5263850331	3696	3792.75	3834	98.92
8Cell_siKlf5	66560539	MTB-int:ERVL-MaLR:LTR	592	63.5142859991	3680	4219.98	10419	40.50
8Cell_siKlf5	66560539	ORR1C1-int:ERVL-MaLR:LTR	783	63.4985822197	3667	3884.24	3979	97.62
8Cell_siKlf5	66560539	RLTR20C2_MM:ERVK:LTR	3620	134.09748403	3662	3775.34	3851	98.04
8Cell_siKlf5	66560539	RLTR12B:ERVK:LTR	909	103.473903963	3645	3906.56	3979	98.18
8Cell_siKlf5	66560539	RLTR12C:ERVK:LTR	319	99.5054276187	3573	3801.71	3965	95.88
8Cell_siKlf5	66560539	RLTR31C_MM:ERVK:LTR	726	97.6863106176	3506	3568.09	3613	98.76
8Cell_siKlf5	66560539	ERVB7_1-LTR_MM:ERVK:LTR	770	141.825424706	3496	5300.20	6410	82.69
8Cell_siKlf5	66560539	RMER20C_Mm:ERVK:LTR	1595	110.347918172	3489	3973.82	4032	98.56
8Cell_siKlf5	66560539	RLTR12BD_Mm:ERVK:LTR	883	105.212018125	3474	3605.72	3650	98.79
8Cell_siKlf5	66560539	RLTR9D:ERVK:LTR	803	99.7809190081	3444	3623.95	3692	98.16
8Cell_siKlf5	66560539	RMER13A2:ERVK:LTR	1473	93.6485164994	3423	3525.35	3556	99.14
8Cell_siKlf5	66560539	IAPEY3-int:ERVK:LTR	2345	60.270922758	3422	3931.45	4025	97.68
8Cell_siKlf5	66560539	MTE2b-int:ERVL-MaLR:LTR	729	60.8394392506	3410	3513.26	3569	98.44
8Cell_siKlf5	66560539	IAPEY4_I-int:ERVK:LTR	521	53.4769892992	3376	6031.20	6526	92.42
8Cell_siKlf5	66560539	MERVK26-int:ERVK:LTR	1001	78.3948549757	3366	3574.37	3605	99.15
8Cell_siKlf5	66560539	Tigger1:TcMar-Tigger:DNA	1025	113.858121481	3355	3482.70	3511	99.19
8Cell_siKlf5	66560539	RLTR24:ERV1:LTR	1240	107.286156546	3345	3382.00	3405	99.32
8Cell_siKlf5	66560539	RLTR9A:ERVK:LTR	648	79.6991150282	3313	3557.78	3682	96.63
8Cell_siKlf5	66560539	RMER20A:ERVK:LTR	1559	103.088994956	3250	3595.49	3639	98.80
8Cell_siKlf5	66560539	MER5A1:hAT-Charlie:DNA	3905	196.891666864	3243	3293.36	3316	99.32
8Cell_siKlf5	66560539	ORR1B2-int:ERVL-MaLR:LTR	857	65.673768039	3241	3377.05	3737	90.37
8Cell_siKlf5	66560539	MLT1F1:ERVL-MaLR:LTR	1608	136.963936195	3209	3247.06	3282	98.94
8Cell_siKlf5	66560539	L1ME2z:L1:LINE	1533	126.761341195	3193	3447.01	3472	99.28
8Cell_siKlf5	66560539	RMER13A1:ERVK:LTR	1082	84.7655225832	3189	3314.23	3354	98.81
8Cell_siKlf5	66560539	RLTR18B:ERVK:LTR	989	95.2397242874	3168	3261.37	3311	98.50
8Cell_siKlf5	66560539	MLT1K:ERVL-MaLR:LTR	2759	154.58025302	3148	3267.50	3290	99.32
8Cell_siKlf5	66560539	RLTR11C_MM:ERVK:LTR	858	91.2444890673	3113	3159.80	3187	99.15
8Cell_siKlf5	66560539	MER68:ERVL:LTR	637	89.3181423154	3100	3165.58	3198	98.99
8Cell_siKlf5	66560539	ERVL-B4-int:ERVL:LTR	1384	67.7290177318	3070	3794.58	6468	58.67
8Cell_siKlf5	66560539	L3b:CR1:LINE	2304	155.645736922	3036	3107.45	3124	99.47
8Cell_siKlf5	66560539	Tigger5:TcMar-Tigger:DNA	1975	138.786391065	3034	3058.79	3087	99.09
8Cell_siKlf5	66560539	L1ME3Cz:L1:LINE	1051	109.908153004	3028	3056.03	3081	99.19
8Cell_siKlf5	66560539	MYSERV-int:ERVK:LTR	1435	79.0294747302	3028	3113.47	3149	98.87
8Cell_siKlf5	66560539	MER44B:TcMar-Tigger:DNA	1493	114.679047849	3021	3061.10	3076	99.52
8Cell_siKlf5	66560539	RMER20B:ERVK:LTR	1949	103.661438058	3021	3078.84	3119	98.71
8Cell_siKlf5	66560539	RMER6BA:ERVK:LTR	957	100.645308932	3016	3236.77	3290	98.38
8Cell_siKlf5	66560539	RLTR12D:ERVK:LTR	647	90.0805323826	3010	3040.85	3054	99.57
8Cell_siKlf5	66560539	RLTR17D_Mm:ERVK:LTR	1225	63.9953701727	2985	3064.14	3107	98.62
8Cell_siKlf5	66560539	RLTR41:ERV1:LTR	1121	82.7138445572	2975	3135.80	3293	95.23
8Cell_siKlf5	66560539	L1MA5A:L1:LINE	1231	89.5142828195	2974	3067.41	3096	99.08
8Cell_siKlf5	66560539	MLT1E2:ERVL-MaLR:LTR	1821	121.04239405	2964	3004.39	3033	99.06
8Cell_siKlf5	66560539	RMER17B2:ERVK:LTR	898	75.6295433969	2939	3464.89	3506	98.83
8Cell_siKlf5	66560539	RLTR18:ERVK:LTR	610	68.235285971	2914	3021.06	3080	98.09
8Cell_siKlf5	66560539	Charlie1b:hAT-Charlie:DNA	952	114.191533975	2908	3178.00	3168	100.32
8Cell_siKlf5	66560539	RLTR20C1_MM:ERVK:LTR	5561	151.339562275	2896	3055.54	3081	99.17
8Cell_siKlf5	66560539	Tigger17a:TcMar-Tigger:DNA	908	92.9776170368	2869	2919.58	2960	98.63
8Cell_siKlf5	66560539	MMERVK10D3_I-int:ERVK:LTR	458	29.1523873908	2858	3035.33	3060	99.19
8Cell_siKlf5	66560539	L1ME3A:L1:LINE	2086	122.915771384	2830	2874.66	2912	98.72
8Cell_siKlf5	66560539	Cheshire:hAT-Charlie:DNA	1091	101.975812265	2825	2863.75	2885	99.26
8Cell_siKlf5	66560539	ORR1D-int:ERVL-MaLR:LTR	878	72.6469407648	2787	3283.90	3344	98.20
8Cell_siKlf5	66560539	RLTR13E:ERVK:LTR	603	60.5643315562	2786	3013.93	3181	94.75
8Cell_siKlf5	66560539	RLTR12A:ERVK:LTR	829	75.1452513752	2782	2822.51	2855	98.86
8Cell_siKlf5	66560539	L1ME4a:L1:LINE	1560	116.336491433	2753	2769.95	2782	99.57
8Cell_siKlf5	66560539	Charlie8:hAT-Charlie:DNA	728	106.784897488	2708	2731.35	2746	99.47
8Cell_siKlf5	66560539	RMER21A:ERV1:LTR	622	82.8139085291	2698	2832.43	2874	98.55
8Cell_siKlf5	66560539	RLTR31M:ERVK:LTR	264	44.3590540574	2680	2700.16	2714	99.49
8Cell_siKlf5	66560539	L1ME3:L1:LINE	1527	107.365931847	2665	2698.03	2737	98.58
8Cell_siKlf5	66560539	MER44D:TcMar-Tigger:DNA	940	76.1151414695	2658	2731.22	2755	99.14
8Cell_siKlf5	66560539	BGLII_B2:ERVK:LTR	359	89.1955507647	2637	2971.87	3180	93.45
8Cell_siKlf5	66560539	Tigger5b:TcMar-Tigger:DNA	2473	134.998561134	2604	2638.59	2663	99.08
8Cell_siKlf5	66560539	RLTR20D:ERVK:LTR	777	77.3102574675	2573	2630.77	2674	98.38
8Cell_siKlf5	66560539	RLTR22_Mus:ERVK:LTR	1191	59.8525013713	2570	2718.86	2748	98.94
8Cell_siKlf5	66560539	RLTR23:ERV1:LTR	1524	90.1966534315	2553	2622.89	2676	98.02
8Cell_siKlf5	66560539	SRV_MM-int:ERVK:LTR	129	24.8758083481	2552	2688.76	2700	99.58
8Cell_siKlf5	66560539	MLT1H:ERVL-MaLR:LTR	2322	115.297999129	2529	2574.69	2594	99.26
8Cell_siKlf5	66560539	RMER21B:ERV1:LTR	1252	95.0686234409	2503	2538.08	2565	98.95
8Cell_siKlf5	66560539	Charlie5:hAT-Charlie:DNA	1547	127.924948841	2483	2510.75	2533	99.12
8Cell_siKlf5	66560539	MLTR31D_MM:ERVK:LTR	318	54.9809658629	2473	2625.10	2674	98.17
8Cell_siKlf5	66560539	RMER17D2:ERVK:LTR	1783	78.488019109	2443	2571.70	2616	98.31
8Cell_siKlf5	66560539	RLTR19:ERVK:LTR	944	89.9184667217	2441	2921.60	3014	96.93
8Cell_siKlf5	66560539	MTB_Mm-int:ERVL-MaLR:LTR	379	35.7251009554	2417	2515.84	2540	99.05
8Cell_siKlf5	66560539	MURVY-LTR:ERV1:LTR	1910	77.655747304	2326	2492.10	2517	99.01
8Cell_siKlf5	66560539	RLTR44-int:ERVK:LTR	653	39.1392675817	2289	2411.89	2456	98.20
8Cell_siKlf5	66560539	Lx2A1:L1:LINE	2739	72.6033029553	2286	2513.24	2598	96.74
8Cell_siKlf5	66560539	Charlie4a:hAT-Charlie:DNA	1121	105.989286012	2275	2287.51	2305	99.24
8Cell_siKlf5	66560539	RLTR12E:ERVK:LTR	615	64.0596772482	2266	2307.55	2323	99.33
8Cell_siKlf5	66560539	RLTR30D2_MM:ERV1:LTR	741	64.6230518596	2228	2278.76	2323	98.10
8Cell_siKlf5	66560539	MMAR1:TcMar-Mariner:DNA	309	48.7962102843	2210	2264.85	2280	99.34
8Cell_siKlf5	66560539	U2:snRNA:snRNA	921	181.452292097	2201	4321.87	4324	99.95
8Cell_siKlf5	66560539	RLTR14_RN:ERV1:LTR	1148	79.5127988822	2194	2263.55	2295	98.63
8Cell_siKlf5	66560539	RMER16:ERVK:LTR	471	59.2858185629	2163	2240.70	2287	97.98
8Cell_siKlf5	66560539	HAL1M8:L1:LINE	710	72.2880369013	2161	2181.72	2199	99.21
8Cell_siKlf5	66560539	RMER13A:ERVK:LTR	1010	65.2734919838	2147	2279.89	2307	98.82
8Cell_siKlf5	66560539	IAPLTR1a_Mm:ERVK:LTR	1786	104.526230378	2111	3542.00	4421	80.12
8Cell_siKlf5	66560539	IAP1-MM_I-int:ERVK:LTR	479	52.8718108361	2081	2132.91	2147	99.34
8Cell_siKlf5	66560539	RLTR10A:ERVK:LTR	800	68.4302731982	2079	2246.35	2324	96.66
8Cell_siKlf5	66560539	RLTR48A:ERV1:LTR	635	62.1947754791	2078	2524.96	2569	98.29
8Cell_siKlf5	66560539	Kanga1:TcMar-Tc2:DNA	321	46.252283869	2069	2080.24	2083	99.87
8Cell_siKlf5	66560539	IAPLTR2b:ERVK:LTR	1017	65.5723772349	2065	2223.33	2350	94.61
8Cell_siKlf5	66560539	ERVB7_2B-LTR_MM:ERVK:LTR	710	62.1163754845	2048	2460.33	2537	96.98
8Cell_siKlf5	66560539	RMER16A2:ERVK:LTR	273	94.8855864701	2045	3798.49	4345	87.42
8Cell_siKlf5	66560539	RLTR20B3:ERVK:LTR	974	64.8417885732	2033	2075.97	2102	98.76
8Cell_siKlf5	66560539	RLTR6_Mm:ERV1:LTR	237	61.8398437842	2013	3594.68	4040	88.98
8Cell_siKlf5	66560539	U6:snRNA:snRNA	1353	108.338590081	2003	2018.54	2037	99.09
8Cell_siKlf5	66560539	ERVB4_1B-LTR_MM:ERVK:LTR	648	58.157613139	1982	2265.95	2319	97.71
8Cell_siKlf5	66560539	RLTR34B_MM:ERVK:LTR	527	58.911980985	1982	2027.20	2045	99.13
8Cell_siKlf5	66560539	RMER12B:ERVK:LTR	1011	53.2440291224	1964	2103.48	2118	99.31
8Cell_siKlf5	66560539	MLT1L:ERVL-MaLR:LTR	1535	96.0472737386	1962	1981.91	2004	98.90
8Cell_siKlf5	66560539	RLTR20B2:ERVK:LTR	880	66.2543920074	1959	1988.83	2013	98.80
8Cell_siKlf5	66560539	U17:snRNA:snRNA	24	85.5985578508	1956	1956.47	1957	99.97
8Cell_siKlf5	66560539	RLTR16B_MM:ERVK:LTR	635	54.6723682269	1946	2030.96	2058	98.69
8Cell_siKlf5	66560539	RLTR20B1:ERVK:LTR	668	61.5130273093	1940	2386.28	2420	98.61
8Cell_siKlf5	66560539	MLT1G3:ERVL-MaLR:LTR	1075	77.36779611	1928	1953.91	1976	98.88
8Cell_siKlf5	66560539	RLTR20A3_MM:ERVK:LTR	880	67.6895250898	1920	1984.21	2004	99.01
8Cell_siKlf5	66560539	MMERGLN_LTR:ERV1:LTR	435	57.2276209424	1911	2339.08	2618	89.35
8Cell_siKlf5	66560539	L1M4a2:L1:LINE	736	62.7446246286	1890	1909.47	1927	99.09
8Cell_siKlf5	66560539	LTR16D:ERVL:LTR	185	61.4076293915	1876	1932.79	1935	99.89
8Cell_siKlf5	66560539	BGLII_Mur:ERVK:LTR	611	56.1220024617	1844	1872.18	1890	99.06
8Cell_siKlf5	66560539	RLTR13D6:ERVK:LTR	805	41.6470433229	1844	1957.39	1993	98.21
8Cell_siKlf5	66560539	RLTR13A1:ERVK:LTR	205	33.2915680788	1839	2151.55	2167	99.29
8Cell_siKlf5	66560539	MLT2B4:ERVL:LTR	1871	81.1064955246	1819	1841.15	1860	98.99
8Cell_siKlf5	66560539	LTR33:ERVL:LTR	1466	84.933580769	1814	1829.24	1845	99.15
8Cell_siKlf5	66560539	Tigger15a:TcMar-Tigger:DNA	704	86.4242937375	1801	1821.08	1825	99.79
8Cell_siKlf5	66560539	RLTR34C_MM:ERVK:LTR	402	49.7180550709	1789	1820.42	1838	99.04
8Cell_siKlf5	66560539	LTR10_RN:ERVK:LTR	546	56.6572000358	1786	1835.17	1862	98.56
8Cell_siKlf5	66560539	ERVL-E-int:ERVL:LTR	1044	59.3377517889	1756	1796.24	1804	99.57
8Cell_siKlf5	66560539	RLTR20B3A_MM:ERVK:LTR	843	50.0577835702	1737	1780.27	1810	98.36
8Cell_siKlf5	66560539	MLTR18D_MM:ERVK:LTR	620	45.8765552357	1733	1762.50	1780	99.02
8Cell_siKlf5	66560539	IAP-d-int:ERVK:LTR	1323	41.3210240876	1728	2075.32	2144	96.80
8Cell_siKlf5	66560539	RLTR4_Mm:ERV1:LTR	239	95.7986726812	1727	6023.47	6387	94.31
8Cell_siKlf5	66560539	MRLTR33:ERVK:LTR	624	67.5921683756	1723	1849.44	1883	98.22
8Cell_siKlf5	66560539	MLT2B3:ERVL:LTR	1483	69.9796438842	1720	1769.33	1790	98.85
8Cell_siKlf5	66560539	RLTR1A2_MM:ERV1:LTR	406	47.2023494104	1683	1747.46	1774	98.50
8Cell_siKlf5	66560539	HAL1ME:L1:LINE	900	71.5616647914	1659	1672.19	1682	99.42
8Cell_siKlf5	66560539	RLTR13D5:ERVK:LTR	745	52.8658208508	1659	2947.69	3173	92.90
8Cell_siKlf5	66560539	Charlie2b:hAT-Charlie:DNA	884	59.9352844702	1646	1691.58	1722	98.23
8Cell_siKlf5	66560539	RLTR49:ERVK:LTR	933	62.5309164932	1636	1690.54	1713	98.69
8Cell_siKlf5	66560539	RLTR30E_MM:ERV1:LTR	320	47.7365617909	1608	1627.20	1645	98.92
8Cell_siKlf5	66560539	IAPEy-int:ERVK:LTR	755	33.2409024673	1603	2220.52	2263	98.12
8Cell_siKlf5	66560539	RLTR31_Mur:ERVK:LTR	354	45.12651139	1591	2057.69	2234	92.11
8Cell_siKlf5	66560539	Tigger19a:TcMar-Tigger:DNA	771	78.434283591	1591	1604.33	1617	99.22
8Cell_siKlf5	66560539	RLTR10B2:ERVK:LTR	854	64.4309560406	1583	1671.84	1743	95.92
8Cell_siKlf5	66560539	RLTR20B5_MM:ERVK:LTR	868	58.6875020487	1577	1595.23	1608	99.21
8Cell_siKlf5	66560539	RLTR6B_Mm:ERV1:LTR	646	50.4063531088	1574	2254.34	2727	82.67
8Cell_siKlf5	66560539	MLT-int:ERVL-MaLR:LTR	846	52.9578058604	1564	1603.57	1623	98.80
8Cell_siKlf5	66560539	MLT2B1:ERVL:LTR	1637	65.0686278857	1549	1573.51	1604	98.10
8Cell_siKlf5	66560539	RLTR11D:ERVK:LTR	529	47.3105294982	1547	1590.38	1609	98.84
8Cell_siKlf5	66560539	MERV1_LTR:ERV1:LTR	615	45.6517815017	1534	1686.74	1704	98.99
8Cell_siKlf5	66560539	RLTR13B4:ERVK:LTR	412	29.7446557953	1521	1605.33	1633	98.31
8Cell_siKlf5	66560539	MER68B:ERVL:LTR	237	60.2777074593	1510	1519.06	1530	99.28
8Cell_siKlf5	66560539	MLTR73:ERV1:LTR	956	68.3466231946	1510	1533.44	1556	98.55
8Cell_siKlf5	66560539	Tigger13a:TcMar-Tigger:DNA	645	65.0722633756	1504	1523.07	1534	99.29
8Cell_siKlf5	66560539	MLT2B2:ERVL:LTR	1351	62.3959602054	1497	1505.88	1516	99.33
8Cell_siKlf5	66560539	MamGyp-int:Gypsy:LTR	28	17.5538757868	1487	1532.00	1532	100.00
8Cell_siKlf5	66560539	ERVB3_1-I_MM-int:ERVK:LTR	134	23.9107840107	1481	1541.57	1548	99.58
8Cell_siKlf5	66560539	RLTR13B3:ERVK:LTR	265	29.5679075957	1481	1841.85	1861	98.97
8Cell_siKlf5	66560539	Tigger6a:TcMar-Tigger:DNA	369	50.7998237111	1480	1515.33	1525	99.37
8Cell_siKlf5	66560539	IAPLTR2a:ERVK:LTR	627	48.7311341585	1478	1652.46	1774	93.15
8Cell_siKlf5	66560539	Charlie6:hAT-Charlie:DNA	148	34.7522722429	1477	1504.31	1508	99.76
8Cell_siKlf5	66560539	RLTR13C1:ERVK:LTR	309	26.3460494319	1475	1527.43	1547	98.73
8Cell_siKlf5	66560539	RLTR1C:ERV1:LTR	697	44.5641559762	1465	1624.20	1653	98.26
8Cell_siKlf5	66560539	MLTR18C_MM:ERVK:LTR	468	38.6297338914	1461	1521.15	1553	97.95
8Cell_siKlf5	66560539	MLT2D:ERVL:LTR	1567	69.5733545227	1459	1475.76	1493	98.85
8Cell_siKlf5	66560539	RLTR13D3:ERVK:LTR	339	29.7434712732	1458	1691.80	1681	100.64
8Cell_siKlf5	66560539	RLTR26_Mus:ERVK:LTR	1091	56.6990528342	1441	1696.82	1762	96.30
8Cell_siKlf5	66560539	RLTR44C:ERVK:LTR	198	34.7548786039	1439	1762.21	1797	98.06
8Cell_siKlf5	66560539	MER63C:hAT-Blackjack:DNA	414	31.5648818774	1425	1467.62	1494	98.23
8Cell_siKlf5	66560539	L1ME4c:L1:LINE	968	70.2997877019	1418	1443.65	1458	99.02
8Cell_siKlf5	66560539	RLTR27:ERVK:LTR	1621	43.1224200017	1409	1441.80	1474	97.82
8Cell_siKlf5	66560539	BGLII_Mus:ERVK:LTR	615	46.2688769651	1386	1412.90	1430	98.80
8Cell_siKlf5	66560539	MER53:hAT:DNA	1693	72.778476162	1383	1392.23	1398	99.59
8Cell_siKlf5	66560539	IAPEY_LTR:ERVK:LTR	1410	44.920672279	1381	1481.26	1546	95.81
8Cell_siKlf5	66560539	MER2B:TcMar-Tigger:DNA	1093	74.2505219225	1369	1388.54	1401	99.11
8Cell_siKlf5	66560539	RMER16B2:ERVK:LTR	329	39.4971126546	1364	1399.95	1437	97.42
8Cell_siKlf5	66560539	MER103C:hAT-Charlie:DNA	1072	72.6093515552	1350	1355.34	1367	99.15
8Cell_siKlf5	66560539	MLT1E1A:ERVL-MaLR:LTR	1154	60.1103091394	1341	1366.57	1384	98.74
8Cell_siKlf5	66560539	ERVB4_1-I_MM-int:ERVK:LTR	296	18.8829210107	1323	1408.54	1422	99.05
8Cell_siKlf5	66560539	LTR16A:ERVL:LTR	1472	67.0272416457	1314	1323.63	1344	98.48
8Cell_siKlf5	66560539	MER20B:hAT-Charlie:DNA	831	58.0321657299	1314	1329.86	1350	98.51
8Cell_siKlf5	66560539	RMER17A-int:ERVK:LTR	409	33.029998239	1302	1327.31	1340	99.05
8Cell_siKlf5	66560539	MLT1G:ERVL-MaLR:LTR	896	59.9996725852	1296	1300.62	1305	99.66
8Cell_siKlf5	66560539	L1ME3G:L1:LINE	1161	61.6050919877	1294	1323.24	1336	99.05
8Cell_siKlf5	66560539	LTRIS_Mm:ERV1:LTR	555	45.4688198661	1277	1592.49	1630	97.70
8Cell_siKlf5	66560539	Charlie7:hAT-Charlie:DNA	844	50.7927037084	1269	1306.10	1319	99.02
8Cell_siKlf5	66560539	LTR72_RN:ERV1:LTR	1000	52.7511648594	1268	1443.46	1487	97.07
8Cell_siKlf5	66560539	RMER16C:ERVK:LTR	190	26.6065305593	1250	1278.93	1295	98.76
8Cell_siKlf5	66560539	MER63D:hAT-Blackjack:DNA	1034	51.0433247276	1244	1255.05	1267	99.06
8Cell_siKlf5	66560539	MLTR31FA_MM:ERVK:LTR	525	39.8718659552	1244	1263.72	1281	98.65
8Cell_siKlf5	66560539	MTEb-int:ERVL-MaLR:LTR	635	33.7165963419	1242	1279.05	1303	98.16
8Cell_siKlf5	66560539	Tigger10:TcMar-Tigger:DNA	242	35.9168865002	1242	1257.33	1267	99.24
8Cell_siKlf5	66560539	RLTR19B:ERVK:LTR	224	29.4470486086	1225	1253.44	1268	98.85
8Cell_siKlf5	66560539	MER58C:hAT-Charlie:DNA	436	73.0329546413	1224	1227.89	1231	99.75
8Cell_siKlf5	66560539	RLTR8:ERVK:LTR	241	39.032890696	1223	1334.55	1352	98.71
8Cell_siKlf5	66560539	MER77:ERVL:LTR	570	44.8820196588	1217	1234.67	1242	99.41
8Cell_siKlf5	66560539	RLTR18-int:ERVK:LTR	506	38.3485321586	1217	1296.20	1317	98.42
8Cell_siKlf5	66560539	MLTR18_MM:ERVK:LTR	427	36.3402337156	1205	1228.45	1241	98.99
8Cell_siKlf5	66560539	MLT1G1:ERVL-MaLR:LTR	1080	62.4218169497	1190	1432.16	1442	99.32
8Cell_siKlf5	66560539	MER44A:TcMar-Tigger:DNA	661	50.7648757689	1188	1208.35	1213	99.62
8Cell_siKlf5	66560539	RLTR34D_MM:ERVK:LTR	410	36.0341919555	1178	1212.24	1252	96.82
8Cell_siKlf5	66560539	RLTR51B_Mm:ERVK?:LTR	662	50.3824573296	1177	1202.94	1229	97.88
8Cell_siKlf5	66560539	MLTR12:ERV1:LTR	477	43.3582763546	1175	1182.18	1192	99.18
8Cell_siKlf5	66560539	MLT1I:ERVL-MaLR:LTR	1777	62.8033757179	1172	1192.19	1212	98.37
8Cell_siKlf5	66560539	RLTR28B:ERVL:LTR	428	37.6507305949	1172	1185.33	1202	98.61
8Cell_siKlf5	66560539	MTE2a-int:ERVL-MaLR:LTR	795	27.9520709894	1167	1212.40	1241	97.70
8Cell_siKlf5	66560539	Charlie12:hAT-Charlie:DNA	902	51.5085256634	1163	1183.26	1192	99.27
8Cell_siKlf5	66560539	RLTR1D:ERV1:LTR	305	33.0689351434	1163	1284.40	1312	97.90
8Cell_siKlf5	66560539	MLT1H1:ERVL-MaLR:LTR	1001	50.5888796559	1158	1175.17	1197	98.18
8Cell_siKlf5	66560539	ORR1F-int:ERVL-MaLR:LTR	395	28.8381800791	1154	1226.83	1792	68.46
8Cell_siKlf5	66560539	RLTR50B:ERVK:LTR	334	28.3970685203	1153	1222.00	1238	98.71
8Cell_siKlf5	66560539	IAPLTR3-int:ERVK:LTR	1773	17.9829222348	1149	1383.24	1440	96.06
8Cell_siKlf5	66560539	IAPEY2_LTR:ERVK:LTR	1062	40.3359704072	1145	1199.81	1257	95.45
8Cell_siKlf5	66560539	MARNA:TcMar-Mariner:DNA	562	60.6428515348	1137	1140.17	1147	99.40
8Cell_siKlf5	66560539	MER31A:ERV1:LTR	707	46.0335308048	1132	1138.37	1150	98.99
8Cell_siKlf5	66560539	RLTR48B:ERV1:LTR	110	26.6177438546	1127	1143.46	1160	98.57
8Cell_siKlf5	66560539	ERVB7_2-LTR_MM:ERVK:LTR	425	34.2934557358	1126	1250.29	1301	96.10
8Cell_siKlf5	66560539	RMER6-int:ERVK:LTR	607	26.629123768	1123	1175.62	1210	97.16
8Cell_siKlf5	66560539	RLTR9A3:ERVK:LTR	774	38.1350153654	1120	1151.87	1174	98.11
8Cell_siKlf5	66560539	Lx2A:L1:LINE	1364	27.4933884675	1119	1183.80	1287	91.98
8Cell_siKlf5	66560539	L1M3e:L1:LINE	652	44.8515794748	1111	1161.46	1176	98.76
8Cell_siKlf5	66560539	MER77B:ERVL:LTR	505	45.0235811533	1111	1126.14	1136	99.13
8Cell_siKlf5	66560539	IAP1-MM_LTR:ERVK:LTR	420	33.1648104511	1108	1297.37	1391	93.27
8Cell_siKlf5	66560539	5S:rRNA:rRNA	1038	73.2411606937	1101	1147.27	1155	99.33
8Cell_siKlf5	66560539	RLTR31B_Mm:ERVK:LTR	349	32.814732302	1099	1193.41	1208	98.79
8Cell_siKlf5	66560539	RLTR20A2:ERVK:LTR	368	35.0297708612	1094	1208.24	1219	99.12
8Cell_siKlf5	66560539	LTR48:ERV1:LTR	651	46.600491369	1090	1112.96	1128	98.67
8Cell_siKlf5	66560539	AmnSINE1:Deu:SINE	1311	70.1015863159	1082	1094.02	1099	99.55
8Cell_siKlf5	66560539	LTR50:ERVL:LTR	549	64.7114978639	1077	1220.50	1226	99.55
8Cell_siKlf5	66560539	L1ME3B:L1:LINE	735	46.0451363684	1071	1084.56	1097	98.87
8Cell_siKlf5	66560539	MURVY-int:ERV1:LTR	544	14.8757320757	1068	1435.71	1468	97.80
8Cell_siKlf5	66560539	MamSINE1:tRNA:SINE	410	47.7798056746	1067	1068.00	1069	99.91
8Cell_siKlf5	66560539	LFSINE_Vert:tRNA:SINE	1208	55.6584357496	1058	1061.61	1068	99.40
8Cell_siKlf5	66560539	MLTR18B_MM:ERVK:LTR	468	41.020539714	1056	1549.24	1558	99.44
8Cell_siKlf5	66560539	MER46C:TcMar-Tigger:DNA	788	54.6468690047	1054	1065.30	1080	98.64
8Cell_siKlf5	66560539	MLTR31F_MM:ERVK:LTR	403	32.2614723255	1053	1071.36	1083	98.93
8Cell_siKlf5	66560539	L1M4a1:L1:LINE	607	41.4579480241	1052	1066.08	1074	99.26
8Cell_siKlf5	66560539	MLTR31A_MM:ERVK:LTR	352	28.2626590443	1045	1072.07	1096	97.82
8Cell_siKlf5	66560539	RLTR20A2B_MM:ERVK:LTR	438	34.2410840712	1045	1050.14	1053	99.73
8Cell_siKlf5	66560539	MLT1E3:ERVL-MaLR:LTR	1020	49.2166311268	1039	1055.66	1064	99.22
8Cell_siKlf5	66560539	LTR16C:ERVL:LTR	1352	48.9015936592	1033	1037.18	1047	99.06
8Cell_siKlf5	66560539	RLTR19A:ERVK:LTR	153	36.070904931	1024	1042.67	1056	98.74
8Cell_siKlf5	66560539	RLTR13A3:ERVK:LTR	243	19.9919701305	1023	1198.18	1237	96.86
8Cell_siKlf5	66560539	RLTR26C_MM:ERVK:LTR	454	35.2017993292	1018	1030.88	1069	96.43
8Cell_siKlf5	66560539	Tigger17c:TcMar-Tigger:DNA	649	43.6494836792	1009	1022.97	1033	99.03
8Cell_siKlf5	66560539	RLTR13A:ERVK:LTR	211	20.3476012041	1005	1365.26	1448	94.29
8Cell_siKlf5	66560539	U1:snRNA:snRNA	329	131.072663686	1001	2642.49	2535	104.24
8Cell_siKlf5	66560539	LTRIS4A:ERV1:LTR	228	25.4102175592	1000	1061.28	1068	99.37
8Cell_siKlf5	66560539	MLT1H2:ERVL-MaLR:LTR	1034	47.6337736621	983	992.38	1008	98.45
8Cell_siKlf5	66560539	4.5SRNA:scRNA:scRNA	1517	79.738636857	975	1281.32	1293	99.10
8Cell_siKlf5	66560539	RLTR1D2_MM:ERV1:LTR	192	29.6570988637	972	1254.55	1263	99.33
8Cell_siKlf5	66560539	MER102b:hAT-Charlie:DNA	507	47.8283372286	969	987.43	1000	98.74
8Cell_siKlf5	66560539	RLTR30:ERV1:LTR	390	33.3769665727	956	972.90	986	98.67
8Cell_siKlf5	66560539	L1MEb:L1:LINE	352	35.5747282268	955	965.05	981	98.37
8Cell_siKlf5	66560539	MER102a:hAT-Charlie:DNA	386	44.5521429995	930	939.56	951	98.80
8Cell_siKlf5	66560539	LTR41:ERVL:LTR	506	41.8498920297	929	939.97	958	98.12
8Cell_siKlf5	66560539	RLTR53_Mm:ERVK:LTR	481	37.2131162575	929	949.16	961	98.77
8Cell_siKlf5	66560539	MLT2C1:ERVL:LTR	872	45.6781726156	922	931.80	939	99.23
8Cell_siKlf5	66560539	RLTR16C_MM:ERVK:LTR	360	26.694796376	911	929.45	941	98.77
8Cell_siKlf5	66560539	RLTR20C:ERVK:LTR	263	28.5287590514	907	912.52	917	99.51
8Cell_siKlf5	66560539	LTR40b:ERVL:LTR	577	34.5286146548	897	905.04	910	99.46
8Cell_siKlf5	66560539	L1M1:L1:LINE	881	47.2037640576	896	914.16	926	98.72
8Cell_siKlf5	66560539	MamRep605:LTR?:LTR?	629	38.8094920609	896	914.10	919	99.47
8Cell_siKlf5	66560539	L4_A_Mam:RTE-X:LINE	630	43.2054888183	891	900.61	907	99.30
8Cell_siKlf5	66560539	RMER16A3:ERVK:LTR	699	32.0659309967	890	1000.66	1038	96.40
8Cell_siKlf5	66560539	MLTR31C_MM:ERVK:LTR	227	23.0186103886	889	913.44	921	99.18
8Cell_siKlf5	66560539	MLTR25C:ERVK:LTR	504	21.8299408924	886	917.25	921	99.59
8Cell_siKlf5	66560539	BGLII_A:ERVK:LTR	292	37.8958818147	883	1099.75	1121	98.10
8Cell_siKlf5	66560539	L1MA10:L1:LINE	866	40.2352818158	879	907.53	1052	86.27
8Cell_siKlf5	66560539	RLTR12G:ERVK:LTR	238	24.4081326764	877	896.43	905	99.05
8Cell_siKlf5	66560539	RLTR30B_MM:ERV1:LTR	283	27.8391037892	872	890.78	902	98.76
8Cell_siKlf5	66560539	RLTR19C:ERVK:LTR	248	25.3949313902	870	880.48	887	99.27
8Cell_siKlf5	66560539	RLTR9D2:ERVK:LTR	194	25.576806408	867	889.01	927	95.90
8Cell_siKlf5	66560539	RLTR26B_MM:ERVK:LTR	507	30.4255512772	854	874.13	887	98.55
8Cell_siKlf5	66560539	MLT1J2:ERVL-MaLR:LTR	1110	50.588443325	852	862.19	867	99.44
8Cell_siKlf5	66560539	RLTR24B_MM:ERV1:LTR	1018	33.8082373577	849	869.41	882	98.57
8Cell_siKlf5	66560539	Charlie2a:hAT-Charlie:DNA	505	33.2844860192	845	860.74	875	98.37
8Cell_siKlf5	66560539	MLT1J1:ERVL-MaLR:LTR	1135	51.5196518174	844	859.41	865	99.35
8Cell_siKlf5	66560539	MER34A:ERV1:LTR	694	37.3273205262	832	842.46	855	98.53
8Cell_siKlf5	66560539	MER74A:ERVL:LTR	731	39.2589806936	828	836.20	841	99.43
8Cell_siKlf5	66560539	RLTR41C:ERV1:LTR	157	22.0771685235	823	831.08	835	99.53
8Cell_siKlf5	66560539	LTR78:ERV1:LTR	583	36.9478762552	817	853.69	865	98.69
8Cell_siKlf5	66560539	RLTR10B:ERVK:LTR	477	27.1439491293	812	874.17	905	96.59
8Cell_siKlf5	66560539	RLTR10D:ERVK:LTR	491	30.6193760938	803	930.47	962	96.72
8Cell_siKlf5	66560539	Charlie4z:hAT-Charlie:DNA	431	45.7959575829	797	799.00	799	100.00
8Cell_siKlf5	66560539	MLT1E:ERVL-MaLR:LTR	534	32.6497893147	797	810.48	818	99.08
8Cell_siKlf5	66560539	L1M:L1:LINE	459	40.629428877	790	948.33	996	95.21
8Cell_siKlf5	66560539	ERVB2_1-I_MM-int:ERVK:LTR	83	5.46470976364	789	824.95	830	99.39
8Cell_siKlf5	66560539	U3:snRNA:snRNA	97	39.0442811032	786	1129.25	1131	99.85
8Cell_siKlf5	66560539	Tigger9b:TcMar-Tigger:DNA	360	30.4601759535	783	793.80	801	99.10
8Cell_siKlf5	66560539	RLTR13D4:ERVK:LTR	205	19.4747697168	782	811.01	820	98.90
8Cell_siKlf5	66560539	LTR67B:ERVL:LTR	632	45.7075376232	776	1024.21	1051	97.45
8Cell_siKlf5	66560539	RLTR10F:ERVK:LTR	482	31.3923251223	772	812.36	822	98.83
8Cell_siKlf5	66560539	Tigger18a:TcMar-Tigger:DNA	240	29.1383153482	770	785.69	790	99.45
8Cell_siKlf5	66560539	ERVL-int:ERVL:LTR	721	25.9340787035	768	798.44	937	85.21
8Cell_siKlf5	66560539	RLTR13D1:ERVK:LTR	255	17.0823606526	768	789.26	794	99.40
8Cell_siKlf5	66560539	RLTR13D2:ERVK:LTR	270	16.0275208388	768	786.78	798	98.59
8Cell_siKlf5	66560539	HAL1b:L1:LINE	763	37.2402092601	765	778.86	783	99.47
8Cell_siKlf5	66560539	IAPA_MM-int:ERVK:LTR	126	37.6769145282	765	1891.30	5135	36.83
8Cell_siKlf5	66560539	Charlie24:hAT-Charlie:DNA	374	26.1567976398	764	773.93	783	98.84
8Cell_siKlf5	66560539	MLT2C2:ERVL:LTR	651	30.1998851748	764	781.71	797	98.08
8Cell_siKlf5	66560539	Looper:PiggyBac:DNA	209	26.7023382263	762	769.47	771	99.80
8Cell_siKlf5	66560539	MLT1M:ERVL-MaLR:LTR	212	32.7502436078	760	763.12	767	99.49
8Cell_siKlf5	66560539	RLTR35B_MM:ERVL:LTR	492	26.3826547453	757	772.26	786	98.25
8Cell_siKlf5	66560539	MER47B:TcMar-Tigger:DNA	509	35.2701925043	755	766.12	775	98.85
8Cell_siKlf5	66560539	CR1_Mam:CR1:LINE	257	30.3706062848	751	757.85	763	99.33
8Cell_siKlf5	66560539	L1MEi:L1:LINE	478	28.1380580075	751	764.69	777	98.42
8Cell_siKlf5	66560539	MLTR18A_MM:ERVK:LTR	299	25.0494114633	748	786.04	798	98.50
8Cell_siKlf5	66560539	MER63A:hAT-Blackjack:DNA	635	37.5830566104	745	755.36	770	98.10
8Cell_siKlf5	66560539	Arthur1:hAT-Tip100:DNA	920	33.370210133	744	770.97	789	97.72
8Cell_siKlf5	66560539	MER92-int:ERV1:LTR	324	23.1569215786	734	743.16	749	99.22
8Cell_siKlf5	66560539	RLTR13A2:ERVK:LTR	151	22.4388256322	734	1519.07	1663	91.35
8Cell_siKlf5	66560539	RLTR20B4_MM:ERVK:LTR	416	25.930898102	726	764.23	775	98.61
8Cell_siKlf5	66560539	MER119:hAT-Charlie:DNA	404	31.2866588443	723	730.08	737	99.06
8Cell_siKlf5	66560539	MER68-int:ERVL:LTR	77	24.894981688	721	773.77	787	98.32
8Cell_siKlf5	66560539	MLT2F:ERVL:LTR	574	33.0194008784	712	743.49	752	98.87
8Cell_siKlf5	66560539	MER102c:hAT-Charlie:DNA	363	29.6207273911	711	713.50	717	99.51
8Cell_siKlf5	66560539	LTR31:ERV1:LTR	187	23.7981687237	709	718.67	724	99.26
8Cell_siKlf5	66560539	Charlie15b:hAT-Charlie:DNA	272	32.2721126036	702	710.80	721	98.58
8Cell_siKlf5	66560539	MER34:ERV1:LTR	737	37.9946276353	699	724.42	730	99.24
8Cell_siKlf5	66560539	Plat_L3:CR1:LINE	579	36.0761845324	685	696.02	701	99.29
8Cell_siKlf5	66560539	LTR41B:ERVL:LTR	290	32.4175044527	683	686.82	690	99.54
8Cell_siKlf5	66560539	LTR16E1:ERVL:LTR	514	36.1627702075	680	697.98	704	99.14
8Cell_siKlf5	66560539	MLT1E1:ERVL-MaLR:LTR	576	30.360993977	680	699.12	712	98.19
8Cell_siKlf5	66560539	L1MCb:L1:LINE	713	25.1487631017	659	677.85	691	98.10
8Cell_siKlf5	66560539	RLTR12H:ERVK:LTR	188	16.5397598924	657	671.79	688	97.64
8Cell_siKlf5	66560539	MER104:TcMar-Tc2:DNA	295	33.9134930825	650	656.63	666	98.59
8Cell_siKlf5	66560539	MLT1N2:ERVL-MaLR:LTR	692	43.5436013093	650	719.03	724	99.31
8Cell_siKlf5	66560539	LTR40c:ERVL:LTR	248	24.9555397461	645	650.15	656	99.11
8Cell_siKlf5	66560539	L1M2c:L1:LINE	321	22.8229994658	642	652.44	659	99.00
8Cell_siKlf5	66560539	MER113:hAT-Charlie:DNA	643	33.191705265	637	641.07	645	99.39
8Cell_siKlf5	66560539	MER67C:ERV1:LTR	620	26.7548226051	634	643.07	648	99.24
8Cell_siKlf5	66560539	RLTR26D_MM:ERVK:LTR	247	18.3984839681	629	646.29	661	97.77
8Cell_siKlf5	66560539	BLACKJACK:hAT-Blackjack:DNA	716	24.7851951507	626	637.44	645	98.83
8Cell_siKlf5	66560539	RLTR10E:ERVK:LTR	227	20.7115888888	623	726.09	766	94.79
8Cell_siKlf5	66560539	LTR65:ERV1:LTR	162	23.5456567873	622	625.34	632	98.95
8Cell_siKlf5	66560539	IAPLTR4:ERVK:LTR	663	30.9326956097	613	856.97	862	99.42
8Cell_siKlf5	66560539	LTR33A:ERVL:LTR	504	27.1578568556	611	620.36	628	98.78
8Cell_siKlf5	66560539	L1MDb:L1:LINE	583	29.3016328863	606	620.79	626	99.17
8Cell_siKlf5	66560539	ERV3-16A3_I-int:ERVL:LTR	908	30.0540688879	604	614.95	623	98.71
8Cell_siKlf5	66560539	RLTR31_Mm:ERVK:LTR	145	16.9209642156	604	615.08	630	97.63
8Cell_siKlf5	66560539	LTR40a:ERVL:LTR	709	27.6694431212	603	615.48	628	98.01
8Cell_siKlf5	66560539	RLTR41A2:ERV1:LTR	440	23.2617722513	599	643.04	649	99.08
8Cell_siKlf5	66560539	IAPEY3_LTR:ERVK:LTR	553	24.9324584302	597	636.26	659	96.55
8Cell_siKlf5	66560539	MER45B:hAT-Tip100:DNA	688	24.6854342947	594	596.25	604	98.72
8Cell_siKlf5	66560539	RLTR44E:ERVK:LTR	122	14.7972005654	591	614.83	626	98.22
8Cell_siKlf5	66560539	MER63B:hAT-Blackjack:DNA	701	32.4633140704	578	580.58	582	99.76
8Cell_siKlf5	66560539	L1ME3C:L1:LINE	326	24.3481801305	575	577.09	581	99.33
8Cell_siKlf5	66560539	MLT1F-int:ERVL-MaLR:LTR	417	20.0543796487	572	581.11	584	99.50
8Cell_siKlf5	66560539	MLTR13:ERVK:LTR	205	15.3223753868	571	615.37	620	99.25
8Cell_siKlf5	66560539	Tigger2b:TcMar-Tigger:DNA	176	20.3140031502	567	575.07	583	98.64
8Cell_siKlf5	66560539	L1ME3F:L1:LINE	308	21.8669711107	559	571.08	579	98.63
8Cell_siKlf5	66560539	L1MCc:L1:LINE	529	26.0248811201	548	561.69	567	99.06
8Cell_siKlf5	66560539	ERVB7_3-LTR_MM:ERVK:LTR	319	17.3013779391	546	576.94	592	97.46
8Cell_siKlf5	66560539	MER57D:ERV1:LTR	300	26.1518162453	544	561.97	563	99.82
8Cell_siKlf5	66560539	MamRep137:TcMar-Tigger:DNA	339	26.465836166	542	544.60	548	99.38
8Cell_siKlf5	66560539	MamTip2:hAT-Tip100:DNA	892	31.0869032977	542	551.69	555	99.40
8Cell_siKlf5	66560539	RLTR17C_Mm:ERVK:LTR	218	15.847657659	539	549.98	553	99.45
8Cell_siKlf5	66560539	MER74B:ERVL:LTR	324	21.9495405805	535	540.59	551	98.11
8Cell_siKlf5	66560539	Charlie9:hAT-Charlie:DNA	232	27.2725555488	528	532.40	534	99.70
8Cell_siKlf5	66560539	L1ME3D:L1:LINE	323	24.2510992308	526	529.71	536	98.83
8Cell_siKlf5	66560539	MLT1H-int:ERVL-MaLR:LTR	379	23.9666965463	526	530.80	532	99.77
8Cell_siKlf5	66560539	Kanga2_a:TcMar-Tc2:DNA	356	26.047485492	525	527.18	530	99.47
8Cell_siKlf5	66560539	LTR37A:ERV1:LTR	549	29.6591838036	525	547.64	553	99.03
8Cell_siKlf5	66560539	RLTR30D_MM:ERV1:LTR	268	20.4652744728	523	537.03	552	97.29
8Cell_siKlf5	66560539	Charlie17b:hAT-Charlie:DNA	130	23.7560988873	521	522.23	524	99.66
8Cell_siKlf5	66560539	MER52-int:ERV1:LTR	206	17.5625641466	519	535.51	549	97.54
8Cell_siKlf5	66560539	MER94:hAT-Blackjack:DNA	466	29.1450236257	518	525.73	530	99.19
8Cell_siKlf5	66560539	RLTR20A:ERVK:LTR	361	22.3657679021	517	524.14	534	98.15
8Cell_siKlf5	66560539	L1M2a:L1:LINE	208	16.9362030516	516	521.86	528	98.84
8Cell_siKlf5	66560539	LTRIS3:ERV1:LTR	165	17.415999545	515	525.73	535	98.27
8Cell_siKlf5	66560539	RLTR31A_Mm:ERVK:LTR	209	13.1493698831	508	531.26	543	97.84
8Cell_siKlf5	66560539	MER105:DNA:DNA	171	23.3647823806	506	511.16	512	99.84
8Cell_siKlf5	66560539	MER90a:ERV1:LTR	581	24.6465820611	505	517.98	541	95.74
8Cell_siKlf5	66560539	MMERVK10D3_LTR:ERVK:LTR	174	12.7920730164	501	519.05	537	96.66
8Cell_siKlf5	66560539	RLTR26:ERVK:LTR	408	16.2474565036	501	526.82	561	93.91
8Cell_siKlf5	66560539	LTRIS4:ERV1:LTR	147	14.5730182142	498	532.83	546	97.59
8Cell_siKlf5	66560539	L1MEa:L1:LINE	169	17.2853282808	490	503.87	506	99.58
8Cell_siKlf5	66560539	Tigger6b:TcMar-Tigger:DNA	217	18.9126673617	487	489.30	496	98.65
8Cell_siKlf5	66560539	MLT1O:ERVL-MaLR:LTR	538	29.1108196374	485	506.67	517	98.00
8Cell_siKlf5	66560539	MER112:hAT-Charlie:DNA	358	22.6757626986	484	488.82	496	98.55
8Cell_siKlf5	66560539	LTR82A:ERVL:LTR	341	19.7329230892	482	484.73	488	99.33
8Cell_siKlf5	66560539	LTR87:ERVL?:LTR	214	24.3617179687	481	482.06	485	99.39
8Cell_siKlf5	66560539	RLTR9B:ERVK:LTR	206	16.4887857572	481	500.95	512	97.84
8Cell_siKlf5	66560539	L4_B_Mam:RTE-X:LINE	361	22.0518778486	478	481.89	485	99.36
8Cell_siKlf5	66560539	MER45A:hAT-Tip100:DNA	769	28.58109036	469	470.00	472	99.58
8Cell_siKlf5	66560539	Tigger17:TcMar-Tigger:DNA	315	22.3539608978	468	473.60	481	98.46
8Cell_siKlf5	66560539	LTR33A_:ERVL:LTR	474	24.7351509096	467	469.77	472	99.53
8Cell_siKlf5	66560539	Zaphod:hAT-Tip100:DNA	728	21.3686703378	465	474.93	487	97.52
8Cell_siKlf5	66560539	LTR16B1:ERVL:LTR	299	17.4272476084	462	470.00	474	99.16
8Cell_siKlf5	66560539	MER115:hAT-Tip100:DNA	521	22.6843847101	462	482.18	489	98.61
8Cell_siKlf5	66560539	Ricksha_c:MULE-MuDR:DNA	405	18.6139299903	462	466.03	471	98.95
8Cell_siKlf5	66560539	LTRIS4B:ERV1:LTR	71	8.92058216275	457	460.54	462	99.68
8Cell_siKlf5	66560539	MER70B:ERVL:LTR	254	16.2564318406	455	459.80	461	99.74
8Cell_siKlf5	66560539	MER57C2:ERV1:LTR	415	23.0594484729	451	458.12	461	99.37
8Cell_siKlf5	66560539	MLT1J-int:ERVL-MaLR:LTR	506	21.3595749363	441	449.21	451	99.60
8Cell_siKlf5	66560539	RLTR13D3A:ERVK:LTR	162	9.62543804374	438	483.41	492	98.25
8Cell_siKlf5	66560539	MER34A1:ERV1:LTR	541	18.5903820703	437	439.74	443	99.26
8Cell_siKlf5	66560539	LTR33C:ERVL:LTR	232	17.38374901	432	438.98	450	97.55
8Cell_siKlf5	66560539	MER117:hAT-Charlie:DNA	745	31.0775608211	432	434.00	437	99.31
8Cell_siKlf5	66560539	MER44C:TcMar-Tigger:DNA	185	14.3075486001	432	439.13	440	99.80
8Cell_siKlf5	66560539	MER54A:ERVL:LTR	273	18.4905800091	431	449.13	454	98.93
8Cell_siKlf5	66560539	ERVB5_2-LTR_MM:ERVK:LTR	520	14.9406796067	429	456.32	464	98.34
8Cell_siKlf5	66560539	LTR79:ERVL:LTR	380	21.6648696091	428	431.50	433	99.65
8Cell_siKlf5	66560539	RLTR13F:ERVK:LTR	98	8.49639576368	428	445.57	454	98.14
8Cell_siKlf5	66560539	Tigger16a:TcMar-Tigger:DNA	290	22.6284496117	428	429.27	431	99.60
8Cell_siKlf5	66560539	MER67B:ERV1:LTR	220	16.1860948269	426	427.92	430	99.52
8Cell_siKlf5	66560539	ERVB3_1-LTR_MM:ERVK:LTR	158	13.9323827412	424	432.76	440	98.35
8Cell_siKlf5	66560539	MER81:hAT-Blackjack:DNA	512	28.3141614627	413	415.14	418	99.32
8Cell_siKlf5	66560539	MER90:ERV1:LTR	245	16.2535028755	412	413.95	419	98.79
8Cell_siKlf5	66560539	Charlie29a:hAT-Charlie:DNA	324	21.0637580544	410	414.91	418	99.26
8Cell_siKlf5	66560539	LTR48B:ERV1:LTR	302	18.2481061094	410	420.08	423	99.31
8Cell_siKlf5	66560539	HERVL40-int:ERVL:LTR	204	16.8405119097	409	426.99	435	98.16
8Cell_siKlf5	66560539	Arthur1B:hAT-Tip100:DNA	597	22.5981004103	404	413.41	420	98.43
8Cell_siKlf5	66560539	tRNA-Ala-GCY_:tRNA:tRNA	2580	22.8918755519	404	405.56	406	99.89
8Cell_siKlf5	66560539	ERVB5_1-I_MM-int:ERVK:LTR	292	11.5434020758	399	428.54	434	98.74
8Cell_siKlf5	66560539	L1M7:L1:LINE	207	17.164921078	394	399.50	403	99.13
8Cell_siKlf5	66560539	L4_C_Mam:RTE-X:LINE	590	23.8057425973	392	398.17	403	98.80
8Cell_siKlf5	66560539	Charlie15a:hAT-Charlie:DNA	217	19.85929571	391	395.16	399	99.04
8Cell_siKlf5	66560539	IAPLTR4_I:ERVK:LTR	183	10.3017567567	391	431.51	436	98.97
8Cell_siKlf5	66560539	LTR16B2:ERVL:LTR	384	18.1809023153	389	392.06	394	99.51
8Cell_siKlf5	66560539	RLTR9F:ERVK:LTR	411	14.5939006133	381	401.59	408	98.43
8Cell_siKlf5	66560539	MER45R:hAT-Tip100:DNA	375	18.0194955465	378	380.84	382	99.70
8Cell_siKlf5	66560539	LTR37-int:ERV1:LTR	239	16.2713368942	376	378.18	384	98.48
8Cell_siKlf5	66560539	LTR104_Mam:Gypsy:LTR	254	23.2712045256	367	367.49	368	99.86
8Cell_siKlf5	66560539	RMER16B:ERVK:LTR	84	11.7046261147	365	369.16	373	98.97
8Cell_siKlf5	66560539	RLTR5_Mm:ERV1:LTR	601	9.32825587452	364	407.65	420	97.06
8Cell_siKlf5	66560539	L1M8:L1:LINE	201	14.3473819149	363	366.78	372	98.60
8Cell_siKlf5	66560539	LTR78B:ERV1:LTR	405	23.2809014263	360	378.68	383	98.87
8Cell_siKlf5	66560539	U5:snRNA:snRNA	85	19.9524980813	360	364.20	367	99.24
8Cell_siKlf5	66560539	MLT1D-int:ERVL-MaLR:LTR	176	10.1031410743	359	369.07	374	98.68
8Cell_siKlf5	66560539	MamRep434:TcMar-Tigger:DNA	518	19.2283277566	358	358.59	360	99.61
8Cell_siKlf5	66560539	Tigger9a:TcMar-Tigger:DNA	200	18.5791819129	358	365.64	373	98.03
8Cell_siKlf5	66560539	Charlie19a:hAT-Charlie:DNA	240	20.4434026518	352	354.49	355	99.86
8Cell_siKlf5	66560539	Charlie18a:hAT-Charlie:DNA	242	19.1762999974	349	351.89	354	99.40
8Cell_siKlf5	66560539	RLTR20A1:ERVK:LTR	98	9.44243402637	347	350.61	356	98.49
8Cell_siKlf5	66560539	Kanga1c:TcMar-Tc2:DNA	184	15.463243441	344	346.37	349	99.25
8Cell_siKlf5	66560539	MLT1-int:ERVL-MaLR:LTR	285	13.7868290983	340	350.75	352	99.65
8Cell_siKlf5	66560539	MLT2B5:ERVL:LTR	442	16.8414396944	339	345.36	350	98.68
8Cell_siKlf5	66560539	RLTR9C:ERVK:LTR	477	13.8498044801	336	409.05	422	96.93
8Cell_siKlf5	66560539	MER106A:hAT-Charlie:DNA	115	12.4309565497	335	340.73	344	99.05
8Cell_siKlf5	66560539	LTR16A2:ERVL:LTR	416	19.4100629625	331	336.16	340	98.87
8Cell_siKlf5	66560539	LTR85a:Gypsy?:LTR	234	14.4243994941	330	331.42	333	99.52
8Cell_siKlf5	66560539	Tigger16b:TcMar-Tigger:DNA	197	18.7251994876	330	333.82	337	99.06
8Cell_siKlf5	66560539	Tigger20a:TcMar-Tigger:DNA	188	17.2099575777	330	334.00	337	99.11
8Cell_siKlf5	66560539	Charlie13a:hAT-Charlie:DNA	184	14.4348218613	328	331.52	336	98.67
8Cell_siKlf5	66560539	Charlie13b:hAT-Charlie:DNA	114	13.7473373962	328	333.00	338	98.52
8Cell_siKlf5	66560539	ERV3-16A3_LTR:ERVL:LTR	279	16.6594442838	328	332.76	338	98.45
8Cell_siKlf5	66560539	LTR16E2:ERVL:LTR	423	17.3701844862	326	332.23	336	98.88
8Cell_siKlf5	66560539	LTR16A1:ERVL:LTR	654	19.0200637693	324	327.42	331	98.92
8Cell_siKlf5	66560539	LTRIS5:ERV1:LTR	85	9.26214118612	320	329.40	341	96.60
8Cell_siKlf5	66560539	RLTR48C:ERV1:LTR	149	12.0096566242	320	330.08	332	99.42
8Cell_siKlf5	66560539	MER96B:hAT-Tip100:DNA	410	16.2616059264	317	318.62	322	98.95
8Cell_siKlf5	66560539	MLT1A0-int:ERVL-MaLR:LTR	206	11.6964037092	317	321.36	322	99.80
8Cell_siKlf5	66560539	Zaphod2:hAT-Tip100:DNA	169	9.56096857489	316	331.56	339	97.81
8Cell_siKlf5	66560539	Zaphod3:hAT-Tip100:DNA	454	14.9146973681	316	320.30	325	98.55
8Cell_siKlf5	66560539	LTR103b_Mam:ERV1?:LTR	57	15.7014997	314	314.00	314	100.00
8Cell_siKlf5	66560539	UCON29:PiggyBac?:DNA	141	17.5285128219	313	313.67	314	99.89
8Cell_siKlf5	66560539	LTR81B:Gypsy:LTR	204	12.2079813339	309	310.20	311	99.74
8Cell_siKlf5	66560539	MER54B:ERVL:LTR	114	10.9919933766	306	310.64	312	99.56
8Cell_siKlf5	66560539	hAT-N1_Mam:hAT?:DNA	185	16.1435045372	305	309.30	311	99.45
8Cell_siKlf5	66560539	MamRep1151:LTR?:LTR?	249	12.8435612091	302	306.20	314	97.51
8Cell_siKlf5	66560539	MamRep1527:LTR:LTR	372	13.7625524152	302	302.37	303	99.79
8Cell_siKlf5	66560539	RLTR53B_Mm:ERVK:LTR	160	11.9930297038	302	310.45	319	97.32
8Cell_siKlf5	66560539	Charlie10:hAT-Charlie:DNA	371	15.1830743705	301	302.50	303	99.83
8Cell_siKlf5	66560539	MER121:TcMar?:DNA	588	17.185266496	300	304.16	309	98.43
8Cell_siKlf5	66560539	L1M3c:L1:LINE	337	11.2882413837	299	303.78	311	97.68
8Cell_siKlf5	66560539	LTR16B:ERVL:LTR	260	15.0765030176	298	302.59	306	98.88
8Cell_siKlf5	66560539	RLTR47:ERVK:LTR	209	9.93880002796	298	311.96	320	97.49
8Cell_siKlf5	66560539	MER34B-int:ERV1:LTR	81	12.8814456635	297	337.00	337	100.00
8Cell_siKlf5	66560539	IAPLTR3:ERVK:LTR	959	9.30005561024	296	312.90	323	96.87
8Cell_siKlf5	66560539	Tigger8:TcMar-Tigger:DNA	121	14.160176859	296	298.42	299	99.81
8Cell_siKlf5	66560539	L1ME3E:L1:LINE	327	13.324569445	295	298.14	303	98.39
8Cell_siKlf5	66560539	RLTR44A:ERVK:LTR	259	10.8667581481	295	301.88	308	98.01
8Cell_siKlf5	66560539	IAPEY3C_LTR:ERVK:LTR	475	12.5082721763	294	304.85	311	98.02
8Cell_siKlf5	66560539	RLTR9A2:ERVK:LTR	227	9.80452444724	291	297.11	302	98.38
8Cell_siKlf5	66560539	Charlie25:hAT-Charlie:DNA	301	14.3094833413	290	291.82	294	99.26
8Cell_siKlf5	66560539	ORSL:hAT-Tip100:DNA	281	14.924317597	289	289.50	292	99.14
8Cell_siKlf5	66560539	L1M3de:L1:LINE	157	11.8566667031	287	293.94	300	97.98
8Cell_siKlf5	66560539	LTR73:ERV1:LTR	137	9.99149667636	287	293.40	299	98.13
8Cell_siKlf5	66560539	RLTR9B2:ERVK:LTR	178	9.35424631959	287	294.92	302	97.66
8Cell_siKlf5	66560539	MLTR32C_MM:ERVK:LTR	127	6.50034454278	283	289.26	290	99.74
8Cell_siKlf5	66560539	Eulor5A:DNA?:DNA?	80	11.1417336326	282	282.00	282	100.00
8Cell_siKlf5	66560539	Kanga1b:TcMar-Tc2:DNA	121	11.5512212524	282	309.06	315	98.12
8Cell_siKlf5	66560539	MLT1B-int:ERVL-MaLR:LTR	165	8.82667484641	282	284.97	289	98.61
8Cell_siKlf5	66560539	Charlie16a:hAT-Charlie:DNA	197	15.0336159565	280	282.97	285	99.29
8Cell_siKlf5	66560539	L1P5:L1:LINE	166	10.0605718805	278	284.16	289	98.32
8Cell_siKlf5	66560539	L1ME5:L1:LINE	146	7.64428833674	277	282.59	287	98.46
8Cell_siKlf5	66560539	LTR84b:ERVL:LTR	187	12.9976996057	275	278.33	279	99.76
8Cell_siKlf5	66560539	ERVB7_4-LTR_MM:ERVK:LTR	166	8.88709730044	271	289.78	297	97.57
8Cell_siKlf5	66560539	MER21-int:ERVL:LTR	105	12.3104596453	268	273.80	275	99.56
8Cell_siKlf5	66560539	RLTR44B:ERVK:LTR	275	10.1888584004	265	298.22	308	96.82
8Cell_siKlf5	66560539	AmnSINE2:Deu:SINE	391	16.3845704295	264	269.06	271	99.29
8Cell_siKlf5	66560539	RLTR42:ERVK:LTR	266	11.5195663761	264	271.87	279	97.45
8Cell_siKlf5	66560539	MER131:SINE?:SINE?	274	16.8577362455	263	263.00	263	100.00
8Cell_siKlf5	66560539	MER124:DNA?:DNA?	252	14.9930978392	262	263.81	264	99.93
8Cell_siKlf5	66560539	LTR33B:ERVL:LTR	268	13.6245355276	261	261.78	266	98.41
8Cell_siKlf5	66560539	ERVB5_1-LTR_MM:ERVK:LTR	143	8.13145893854	259	264.79	268	98.80
8Cell_siKlf5	66560539	RLTR12B2:ERVK:LTR	95	8.19965802865	258	268.56	272	98.73
8Cell_siKlf5	66560539	MER91B:hAT-Tip100:DNA	229	15.6929704539	256	258.47	262	98.65
8Cell_siKlf5	66560539	L1MEj:L1:LINE	178	12.4253076064	248	248.45	249	99.78
8Cell_siKlf5	66560539	MER106B:hAT-Charlie:DNA	242	14.0118245532	247	252.24	257	98.15
8Cell_siKlf5	66560539	MLTR31E_MM:ERVK:LTR	164	10.3524664841	247	250.90	254	98.78
8Cell_siKlf5	66560539	MER92B:ERV1:LTR	238	10.3258191901	245	247.00	248	99.60
8Cell_siKlf5	66560539	MER31-int:ERV1:LTR	149	8.34553623501	244	249.52	253	98.62
8Cell_siKlf5	66560539	X8_LINE:CR1:LINE	158	14.6682867172	244	244.98	246	99.58
8Cell_siKlf5	66560539	HERV16-int:ERVL:LTR	277	12.4884000562	242	244.35	246	99.33
8Cell_siKlf5	66560539	RLTR41B:ERV1:LTR	98	7.33897700908	242	245.00	248	98.79
8Cell_siKlf5	66560539	RLTR43C:ERVK:LTR	264	10.1467285315	242	243.93	246	99.16
8Cell_siKlf5	66560539	RLTR13D:ERVK:LTR	45	3.34535110016	241	247.78	253	97.94
8Cell_siKlf5	66560539	LTR45C:ERV1:LTR	24	15.6127852615	239	240.00	240	100.00
8Cell_siKlf5	66560539	Charlie4:hAT-Charlie:DNA	161	10.8004180812	237	262.74	267	98.41
8Cell_siKlf5	66560539	MLT1C-int:ERVL-MaLR:LTR	122	6.67524905464	235	239.92	242	99.14
8Cell_siKlf5	66560539	U14:snRNA:snRNA	4	15.0713201934	235	235.45	236	99.77
8Cell_siKlf5	66560539	Charlie23a:hAT-Charlie:DNA	157	13.0170111983	233	234.11	235	99.62
8Cell_siKlf5	66560539	LTR40A1:ERVL:LTR	114	6.66803413099	233	233.00	233	100.00
8Cell_siKlf5	66560539	MER58D:hAT-Charlie:DNA	292	12.455897788	232	234.21	237	98.82
8Cell_siKlf5	66560539	MER57-int:ERV1:LTR	202	12.7512618667	230	231.31	233	99.27
8Cell_siKlf5	66560539	MER91A:hAT-Tip100:DNA	370	14.5746518444	229	229.26	231	99.25
8Cell_siKlf5	66560539	U4:snRNA:snRNA	108	12.0470325374	228	229.22	230	99.66
8Cell_siKlf5	66560539	IAPEY4_LTR:ERVK:LTR	95	11.3788819959	225	388.89	418	93.03
8Cell_siKlf5	66560539	RLTR50A:ERVK:LTR	85	7.58641114483	225	230.65	237	97.32
8Cell_siKlf5	66560539	RLTR1F_Mm:ERVK:LTR	83	5.55844546943	220	226.15	227	99.63
8Cell_siKlf5	66560539	LTR82B:ERVL:LTR	290	10.0187483093	218	223.82	229	97.74
8Cell_siKlf5	66560539	Helitron1Nb_Mam:Helitron:RC	92	9.48196291186	216	216.00	216	100.00
8Cell_siKlf5	66560539	RLTR9A3B:ERVK:LTR	346	8.13798480929	212	219.57	220	99.81
8Cell_siKlf5	66560539	MER76:ERVL:LTR	247	11.1543253164	211	217.13	218	99.60
8Cell_siKlf5	66560539	LTR37B:ERV1:LTR	386	11.6412083985	208	211.31	213	99.20
8Cell_siKlf5	66560539	MER99:hAT?:DNA	198	9.97251698254	205	205.18	206	99.60
8Cell_siKlf5	66560539	MER45C:hAT-Tip100:DNA	290	9.12110986623	201	208.01	211	98.58
8Cell_siKlf5	66560539	MER47A:TcMar-Tigger:DNA	127	8.30211013633	200	204.89	210	97.56
8Cell_siKlf5	66560539	Charlie20a:hAT-Charlie:DNA	161	11.5908894997	199	201.07	203	99.05
8Cell_siKlf5	66560539	IAPEY5_I-int:ERVK:LTR	184	6.11468402798	195	210.14	219	95.95
8Cell_siKlf5	66560539	MADE2:TcMar-Mariner:DNA	208	12.5515256485	195	195.00	195	100.00
8Cell_siKlf5	66560539	LTR102_Mam:ERVL:LTR	215	10.3843153336	192	192.87	194	99.42
8Cell_siKlf5	66560539	Tigger14a:TcMar-Tigger:DNA	225	10.8618450144	191	192.16	194	99.05
8Cell_siKlf5	66560539	L1M6:L1:LINE	329	12.2146327814	188	193.59	198	97.77
8Cell_siKlf5	66560539	LTR83:ERVL:LTR	161	9.87726992841	188	188.82	191	98.86
8Cell_siKlf5	66560539	RLTR10D2:ERVK:LTR	225	8.62061803432	187	197.05	211	93.39
8Cell_siKlf5	66560539	LTR53:ERVL:LTR	226	9.98696263653	186	188.59	190	99.26
8Cell_siKlf5	66560539	MER5C:hAT-Charlie:DNA	242	10.8428393976	186	188.77	197	95.82
8Cell_siKlf5	66560539	MLT1F2-int:ERVL-MaLR:LTR	68	4.01052822168	186	188.96	190	99.45
8Cell_siKlf5	66560539	MER113A:hAT-Charlie:DNA	140	10.2437250002	185	188.05	191	98.45
8Cell_siKlf5	66560539	Charlie22a:hAT-Charlie:DNA	163	9.50408579018	184	187.13	189	99.01
8Cell_siKlf5	66560539	Tigger11a:TcMar-Tigger:DNA	75	7.88594630876	183	183.00	184	99.46
8Cell_siKlf5	66560539	BGLII_C:ERVK:LTR	74	7.04319678759	178	179.00	179	100.00
8Cell_siKlf5	66560539	MER67D:ERV1:LTR	468	8.84807135872	178	191.76	195	98.34
8Cell_siKlf5	66560539	RLTR19A2:ERVK:LTR	94	6.56702520322	177	181.51	184	98.65
8Cell_siKlf5	66560539	U8:snRNA:snRNA	5	11.9420029386	176	176.00	176	100.00
8Cell_siKlf5	66560539	RLTR6C_Mm:ERV1:LTR	102	6.46773371859	174	224.04	237	94.53
8Cell_siKlf5	66560539	Kanga11a:TcMar-Tc2:DNA	187	9.05756572581	173	178.15	179	99.53
8Cell_siKlf5	66560539	ERVB4_3-I_MM-int:ERVK:LTR	99	5.33091037916	172	210.46	216	97.44
8Cell_siKlf5	66560539	MER66-int:ERV1:LTR	23	9.11729196743	172	172.00	172	100.00
8Cell_siKlf5	66560539	Chap1_Mam:hAT-Charlie:DNA	153	8.27446991251	171	172.66	175	98.66
8Cell_siKlf5	66560539	LTR101_Mam:ERVL:LTR	157	8.38438741851	171	177.31	180	98.51
8Cell_siKlf5	66560539	MER126:DNA:DNA	118	10.5956655376	171	172.70	175	98.68
8Cell_siKlf5	66560539	RLTR47_MM:ERV1:LTR	45	7.42249925425	171	209.29	237	88.31
8Cell_siKlf5	66560539	X7B_LINE:CR1:LINE	162	7.35248169378	170	176.65	179	98.69
8Cell_siKlf5	66560539	Tigger12:TcMar-Tigger:DNA	155	8.73330371947	169	169.00	169	100.00
8Cell_siKlf5	66560539	Charlie17:hAT-Charlie:DNA	134	6.54784590139	168	170.54	174	98.01
8Cell_siKlf5	66560539	Kanga1d:TcMar-Tc2:DNA	131	9.19562636307	168	169.70	172	98.66
8Cell_siKlf5	66560539	MamRep38:hAT:DNA	212	9.35851350313	166	183.21	194	94.44
8Cell_siKlf5	66560539	LTR81A:Gypsy:LTR	180	10.4992937856	165	165.50	166	99.70
8Cell_siKlf5	66560539	MamTip3:hAT-Tip100:DNA	180	9.52094148821	165	165.86	169	98.14
8Cell_siKlf5	66560539	RLTR9A3A:ERVK:LTR	222	6.39519257569	164	171.69	180	95.38
8Cell_siKlf5	66560539	Charlie21a:hAT-Charlie:DNA	174	9.07888542205	162	164.93	175	94.25
8Cell_siKlf5	66560539	L1MEh:L1:LINE	202	10.1511447475	161	161.00	161	100.00
8Cell_siKlf5	66560539	IAPEY5_LTR:ERVK:LTR	237	5.95542412494	160	170.60	193	88.39
8Cell_siKlf5	66560539	LTR89:ERVL?:LTR	146	8.62150259963	160	160.13	165	97.05
8Cell_siKlf5	66560539	Helitron3Na_Mam:Helitron:RC	191	8.99432348566	157	157.72	160	98.58
8Cell_siKlf5	66560539	RLTR44D:ERVK:LTR	100	5.98476877482	155	161.29	166	97.16
8Cell_siKlf5	66560539	LTR105_Mam:ERVL:LTR	124	9.28895883694	153	153.50	154	99.68
8Cell_siKlf5	66560539	MamGypLTR3a:Gypsy:LTR	161	7.97168241246	153	157.47	159	99.04
8Cell_siKlf5	66560539	MER127:TcMar-Tigger:DNA	119	9.01716390832	153	154.00	154	100.00
8Cell_siKlf5	66560539	MER5C1:hAT-Charlie:DNA	75	8.51355492582	151	151.00	151	100.00
8Cell_siKlf5	66560539	MER73:ERVL:LTR	135	5.1415304189	151	151.60	155	97.81
8Cell_siKlf5	66560539	LTR88c:Gypsy?:LTR	118	5.33907968889	150	152.45	157	97.10
8Cell_siKlf5	66560539	UCON23:hAT?:DNA	22	5.97454068056	150	150.00	150	100.00
8Cell_siKlf5	66560539	MLT1F1-int:ERVL-MaLR:LTR	89	4.92897215565	149	149.00	149	100.00
8Cell_siKlf5	66560539	MLT1H1-int:ERVL-MaLR:LTR	49	4.73414282715	149	149.35	150	99.57
8Cell_siKlf5	66560539	RNERVK23-int:ERVK:LTR	45	4.10543830826	144	145.08	147	98.69
8Cell_siKlf5	66560539	RLTR46B:ERVK:LTR	73	5.77737739101	143	161.18	164	98.28
8Cell_siKlf5	66560539	MER110A:ERV1:LTR	196	7.96275811456	140	140.41	141	99.58
8Cell_siKlf5	66560539	Charlie26a:hAT-Charlie:DNA	98	7.15186767045	139	139.46	140	99.62
8Cell_siKlf5	66560539	L1PB4:L1:LINE	144	5.70833336267	139	142.38	144	98.88
8Cell_siKlf5	66560539	MamRep4096:hAT?:DNA	180	8.33095158958	139	139.38	141	98.85
8Cell_siKlf5	66560539	MER70A:ERVL:LTR	184	6.13403991178	137	146.95	147	99.97
8Cell_siKlf5	66560539	RMER16B3:ERVK:LTR	101	5.01360274098	137	140.00	144	97.22
8Cell_siKlf5	66560539	Tigger12c:TcMar-Tigger:DNA	97	7.66365877886	137	137.00	137	100.00
8Cell_siKlf5	66560539	MLT1G3-int:ERVL-MaLR:LTR	58	4.76913215141	134	138.49	139	99.64
8Cell_siKlf5	66560539	ORSL-2b:hAT-Tip100:DNA	210	7.82677252776	134	137.45	140	98.18
8Cell_siKlf5	66560539	Kanga1a:TcMar-Tc2:DNA	191	7.50888646993	128	128.04	130	98.49
8Cell_siKlf5	66560539	LTR28B:ERV1:LTR	144	8.44129713151	128	133.00	133	100.00
8Cell_siKlf5	66560539	RLTR30D_RN:ERV1:LTR	64	4.17740651376	128	131.03	134	97.79
8Cell_siKlf5	66560539	Charlie7a:hAT-Charlie:DNA	102	7.4154915803	127	128.35	129	99.50
8Cell_siKlf5	66560539	X3_LINE:RTE-BovB:LINE	260	7.78477362571	127	132.97	138	96.36
8Cell_siKlf5	66560539	LTR53B:ERVL:LTR	83	5.06388797586	125	125.00	125	100.00
8Cell_siKlf5	66560539	RLTR46A2:ERVK:LTR	58	4.13138570825	125	128.86	132	97.62
8Cell_siKlf5	66560539	Tigger17b:TcMar-Tigger:DNA	72	5.12328962635	124	130.81	132	99.10
8Cell_siKlf5	66560539	MamRep1879:hAT-Tip100?:DNA	105	6.53065672631	123	124.10	125	99.28
8Cell_siKlf5	66560539	MER135:DNA:DNA	287	8.92455589526	122	122.41	123	99.52
8Cell_siKlf5	66560539	Tigger12A:TcMar-Tigger:DNA	86	6.63710831686	122	122.00	123	99.19
8Cell_siKlf5	66560539	ERVB4_3-LTR_MM:ERVK:LTR	137	4.38070226567	119	123.46	127	97.22
8Cell_siKlf5	66560539	RLTR1:ERV1:LTR	62	3.05796172061	119	119.00	119	100.00
8Cell_siKlf5	66560539	MLT1E2-int:ERVL-MaLR:LTR	35	3.46893536459	117	118.45	123	96.30
8Cell_siKlf5	66560539	Ricksha_0:MULE-MuDR:DNA	82	4.93250996155	116	116.69	117	99.74
8Cell_siKlf5	66560539	X7A_LINE:CR1:LINE	159	6.66399981154	116	117.00	117	100.00
8Cell_siKlf5	66560539	HAL1_SS:L1:LINE	79	4.38867573497	114	114.00	114	100.00
8Cell_siKlf5	66560539	LTR88b:Gypsy?:LTR	178	6.99000875985	114	114.50	115	99.57
8Cell_siKlf5	66560539	LTRIS6:ERV1:LTR	149	5.36086821317	114	114.00	116	98.28
8Cell_siKlf5	66560539	Ricksha:MuDR:DNA	85	5.18813367526	114	118.29	119	99.40
8Cell_siKlf5	66560539	Charlie10a:hAT-Charlie:DNA	61	5.44272941854	111	113.05	116	97.46
8Cell_siKlf5	66560539	Arthur1A:hAT-Tip100:DNA	148	5.98818823062	108	109.99	110	99.99
8Cell_siKlf5	66560539	MamGypLTR1b:Gypsy:LTR	141	6.05074079077	108	111.26	119	93.49
8Cell_siKlf5	66560539	L1MEg1:L1:LINE	92	4.25229120628	105	106.00	106	100.00
8Cell_siKlf5	66560539	LTR106_Mam:LTR:LTR	164	6.16229207918	103	106.93	108	99.01
8Cell_siKlf5	66560539	L1M3d:L1:LINE	171	5.85476390126	102	124.94	126	99.16
8Cell_siKlf5	66560539	LTR45:ERV1:LTR	31	3.49473318553	102	103.21	104	99.24
8Cell_siKlf5	66560539	MER57E1:ERV1:LTR	210	6.3462925831	102	102.00	102	100.00
8Cell_siKlf5	66560539	X7C_LINE:CR1:LINE	155	6.39272119006	101	101.00	101	100.00
8Cell_siKlf5	66560539	ORSL-2a:hAT-Tip100:DNA	69	4.17354571703	100	100.00	101	99.01
8Cell_siKlf5	66560539	MER67A:ERV1:LTR	176	5.30506472242	99	99.46	101	98.48
8Cell_siKlf5	66560539	LTR84a:ERVL:LTR	136	5.06097214132	98	98.35	99	99.34
8Cell_siKlf5	66560539	L1M3b:L1:LINE	169	4.50069657413	97	103.39	106	97.54
8Cell_siKlf5	66560539	RLTR30C_MM:ERV1:LTR	124	3.35925443958	97	99.84	101	98.85
8Cell_siKlf5	66560539	L1MEg2:L1:LINE	112	4.63446282011	93	93.00	93	100.00
8Cell_siKlf5	66560539	LTR90A:LTR:LTR	99	5.52237352938	92	92.00	92	100.00
8Cell_siKlf5	66560539	L5:RTE-X:LINE	122	4.52305304425	91	92.25	93	99.19
8Cell_siKlf5	66560539	RLTR3_Mm:ERVK:LTR	31	4.17110549133	91	98.93	99	99.92
8Cell_siKlf5	66560539	LTR75:ERVL:LTR	94	3.10205805447	90	92.82	94	98.75
8Cell_siKlf5	66560539	MER50B:ERV1:LTR	14	3.75766108956	90	90.00	90	100.00
8Cell_siKlf5	66560539	LTR86C:ERVL:LTR	75	3.30536114588	89	89.59	90	99.55
8Cell_siKlf5	66560539	LTR16D1:ERVL:LTR	90	4.58638013776	88	88.67	89	99.63
8Cell_siKlf5	66560539	MamTip1:hAT-Tip100:DNA	82	6.47575863762	88	89.94	90	99.93
8Cell_siKlf5	66560539	Eulor9A:DNA:DNA	60	4.57725254364	86	86.43	87	99.34
8Cell_siKlf5	66560539	MLT1A1-int:ERVL-MaLR:LTR	130	3.85396733315	86	87.04	89	97.80
8Cell_siKlf5	66560539	MARINER1_EC:TcMar-Tigger:DNA	2	2.44656262057	85	85.42	87	98.18
8Cell_siKlf5	66560539	MER96:hAT-Tip100:DNA	104	4.89214356075	85	86.00	87	98.85
8Cell_siKlf5	66560539	MER50:ERV1:LTR	13	3.22441730133	84	84.00	84	100.00
8Cell_siKlf5	66560539	MLT1I-int:ERVL-MaLR:LTR	57	3.91229938416	84	84.00	85	98.82
8Cell_siKlf5	66560539	MLT2E:ERVL:LTR	126	3.44194860794	84	84.00	84	100.00
8Cell_siKlf5	66560539	MLT1A-int:ERVL-MaLR:LTR	123	3.39221779744	83	83.20	85	97.88
8Cell_siKlf5	66560539	U13_:snRNA:snRNA	19	5.72719722553	83	83.00	83	100.00
8Cell_siKlf5	66560539	LTR86B1:ERVL:LTR	49	6.5798748133	82	82.00	82	100.00
8Cell_siKlf5	66560539	LTR85b:Gypsy?:LTR	106	5.02185030393	80	82.00	84	97.62
8Cell_siKlf5	66560539	U13:snRNA:snRNA	13	3.23587206992	80	80.00	80	100.00
8Cell_siKlf5	66560539	LTR55:ERVL?:LTR	160	6.3593824519	79	94.00	94	100.00
8Cell_siKlf5	66560539	Charlie11:hAT-Charlie:DNA	52	2.46165853237	78	78.00	78	100.00
8Cell_siKlf5	66560539	MER65-int:ERV1:LTR	49	4.44402619193	76	77.00	77	100.00
8Cell_siKlf5	66560539	HY1:scRNA:scRNA	38	4.7591982672	75	75.79	78	97.17
8Cell_siKlf5	66560539	MER34-int:ERV1:LTR	66	3.25422043133	75	77.40	79	97.98
8Cell_siKlf5	66560539	ORR1G-int:ERVL-MaLR:LTR	70	2.85767464285	75	81.71	84	97.27
8Cell_siKlf5	66560539	MER4B-int:ERV1:LTR	52	3.34018323103	74	74.00	74	100.00
8Cell_siKlf5	66560539	LTR52:ERVL:LTR	230	5.50869819921	73	74.00	75	98.67
8Cell_siKlf5	66560539	LTR69:ERVL:LTR	74	3.63380502223	73	73.00	73	100.00
8Cell_siKlf5	66560539	LTR75B:ERVL:LTR	69	3.68042512075	73	73.00	73	100.00
8Cell_siKlf5	66560539	LTR80A:ERVL:LTR	112	4.14436343676	72	72.02	79	91.17
8Cell_siKlf5	66560539	MER88:ERVL:LTR	58	3.42501624362	71	73.50	76	96.71
8Cell_siKlf5	66560539	RLTR1E_MM:ERV1:LTR	86	3.7292347871	71	72.50	73	99.32
8Cell_siKlf5	66560539	Arthur1C:hAT-Tip100:DNA	155	3.12443028639	68	69.84	72	97.00
8Cell_siKlf5	66560539	tRNA-His-CAY:tRNA:tRNA	1	4.61744231881	67	67.00	67	100.00
8Cell_siKlf5	66560539	LTR81:Gypsy:LTR	70	4.17121429668	66	66.00	66	100.00
8Cell_siKlf5	66560539	HERVL74-int:ERVL:LTR	149	4.12914447878	64	67.50	68	99.26
8Cell_siKlf5	66560539	LTR85c:Gypsy?:LTR	119	4.42858132699	64	64.67	65	99.49
8Cell_siKlf5	66560539	MER94B:hAT-Blackjack:DNA	86	4.71099703234	64	64.00	64	100.00
8Cell_siKlf5	66560539	Helitron2Na_Mam:Helitron?:RC?	74	3.56986687136	63	64.43	65	99.13
8Cell_siKlf5	66560539	LTR86A1:ERVL:LTR	92	3.68003617293	62	63.83	66	96.71
8Cell_siKlf5	66560539	MamGypLTR1a:Gypsy:LTR	137	4.16899147505	62	62.00	62	100.00
8Cell_siKlf5	66560539	MamGypLTR1c:Gypsy:LTR	145	3.86727083328	62	64.00	66	96.97
8Cell_siKlf5	66560539	MLT1H2-int:ERVL-MaLR:LTR	53	2.84451759903	62	68.00	68	100.00
8Cell_siKlf5	66560539	X6B_LINE:CR1:LINE	274	3.59474441521	62	63.45	64	99.14
8Cell_siKlf5	66560539	Mam_R4:Dong-R4:LINE	138	3.04215314075	60	60.48	61	99.14
8Cell_siKlf5	66560539	Charlie10b:hAT-Charlie:DNA	48	3.89363742078	59	59.80	60	99.66
8Cell_siKlf5	66560539	MER97b:hAT-Tip100:DNA	55	2.04173840406	59	59.23	61	97.11
8Cell_siKlf5	66560539	Eulor6B:DNA?:DNA?	56	3.23017962281	58	58.00	58	100.00
8Cell_siKlf5	66560539	MER74C:ERVL:LTR	114	3.30705967166	58	59.58	61	97.67
8Cell_siKlf5	66560539	MMTV-int:ERVK:LTR	35	1.46772409986	58	80.77	84	96.16
8Cell_siKlf5	66560539	Charlie14a:hAT-Charlie:DNA	72	2.50392157745	57	59.21	61	97.06
8Cell_siKlf5	66560539	LTR107_Mam:LTR:LTR	93	3.79539629942	57	58.00	59	98.31
8Cell_siKlf5	66560539	Ricksha_a:MULE-MuDR:DNA	30	1.85725304521	57	57.00	57	100.00
8Cell_siKlf5	66560539	MER51-int:ERV1:LTR	7	1.98692922033	56	57.00	57	100.00
8Cell_siKlf5	66560539	L1M3f:L1:LINE	100	2.59429517839	55	55.50	57	97.37
8Cell_siKlf5	66560539	LTR80B:ERVL:LTR	116	3.48205964148	55	55.00	55	100.00
8Cell_siKlf5	66560539	MamGypLTR2b:Gypsy:LTR	109	2.7448549961	55	55.00	55	100.00
8Cell_siKlf5	66560539	LTR68:ERV1:LTR	106	3.57469655278	54	54.00	55	98.18
8Cell_siKlf5	66560539	MamRep1894:hAT:DNA	36	2.68609792075	54	54.00	54	100.00
8Cell_siKlf5	66560539	MER129:LTR?:LTR?	63	3.24522558461	54	54.00	54	100.00
8Cell_siKlf5	66560539	RLTR46A:ERVK:LTR	71	2.62425259209	54	64.16	67	95.76
8Cell_siKlf5	66560539	Charlie17a:hAT-Charlie:DNA	63	2.5973974184	51	53.98	56	96.40
8Cell_siKlf5	66560539	LTR90B:LTR:LTR	91	3.77014614259	50	50.00	50	100.00
8Cell_siKlf5	66560539	Ricksha:MULE-MuDR:DNA	60	1.71990877209	49	49.97	51	97.99
8Cell_siKlf5	66560539	tRNA-Ala-GCA:tRNA:tRNA	749	3.57593280383	48	48.00	48	100.00
8Cell_siKlf5	66560539	Eulor2B:DNA?:DNA?	42	3.17735439122	47	47.00	47	100.00
8Cell_siKlf5	66560539	LTR81C:Gypsy:LTR	99	3.3871022	47	47.00	47	100.00
8Cell_siKlf5	66560539	MER92D:ERV1:LTR	70	2.47605061401	47	47.00	47	100.00
8Cell_siKlf5	66560539	MER97c:hAT-Tip100:DNA	64	2.13987779829	47	48.00	49	97.96
8Cell_siKlf5	66560539	MLT1J1-int:ERVL-MaLR:LTR	67	2.3472270103	47	47.03	49	95.97
8Cell_siKlf5	66560539	X5B_LINE:CR1:LINE	79	3.37868364598	47	47.00	47	100.00
8Cell_siKlf5	66560539	Eulor12:DNA?:DNA?	35	2.97337690532	46	46.00	46	100.00
8Cell_siKlf5	66560539	LTR16D2:ERVL:LTR	65	2.72204545932	46	46.44	47	98.80
8Cell_siKlf5	66560539	LTR91:ERVL:LTR	57	2.62440014399	46	46.00	46	100.00
8Cell_siKlf5	66560539	X6A_LINE:CR1:LINE	145	2.7994675784	46	46.00	46	100.00
8Cell_siKlf5	66560539	MER113B:hAT-Charlie:DNA	72	2.37871179567	45	45.00	45	100.00
8Cell_siKlf5	66560539	MER70-int:ERVL:LTR	56	1.82476662952	45	45.00	45	100.00
8Cell_siKlf5	66560539	MER92C:ERV1:LTR	72	2.50524213329	45	45.00	45	100.00
8Cell_siKlf5	66560539	MER110:ERV1:LTR	147	2.97792045162	43	44.50	45	98.89
8Cell_siKlf5	66560539	MER125:DNA:DNA	111	3.38666671926	43	43.00	43	100.00
8Cell_siKlf5	66560539	MER65D:ERV1:LTR	101	2.77000891655	43	43.00	43	100.00
8Cell_siKlf5	66560539	FAM:Alu:SINE	117	2.72190269807	42	43.00	44	97.73
8Cell_siKlf5	66560539	LTR108e_Mam:ERVL:LTR	36	2.69854627206	41	41.50	42	98.81
8Cell_siKlf5	66560539	MER68C:ERVL:LTR	60	2.60598039055	41	42.00	42	100.00
8Cell_siKlf5	66560539	MamGypLTR3:Gypsy:LTR	105	2.61956894873	40	40.00	40	100.00
8Cell_siKlf5	66560539	Eulor6D:DNA?:DNA?	47	2.24385961511	39	39.00	39	100.00
8Cell_siKlf5	66560539	MER87:ERV1:LTR	46	2.36948765216	39	40.61	41	99.05
8Cell_siKlf5	66560539	LTR108b_Mam:ERVL:LTR	19	2.82350195841	37	37.00	37	100.00
8Cell_siKlf5	66560539	LTR109A2:ERV1:LTR	37	2.41702534284	37	37.00	37	100.00
8Cell_siKlf5	66560539	MER123:DNA:DNA	41	2.8625327202	37	37.00	37	100.00
8Cell_siKlf5	66560539	RLTR19D:ERVK:LTR	64	2.443513018	36	38.74	40	96.84
8Cell_siKlf5	66560539	tRNA-Leu-CTY:tRNA:tRNA	8	3.24888452286	36	36.00	36	100.00
8Cell_siKlf5	66560539	Helitron1Na_Mam:Helitron:RC	62	1.53542360859	35	36.99	37	99.98
8Cell_siKlf5	66560539	RLTR12F:ERVK:LTR	60	2.39217652811	35	38.00	38	99.99
8Cell_siKlf5	66560539	tRNA-Tyr-TAC:tRNA:tRNA	20	3.08652373976	33	33.00	33	100.00
8Cell_siKlf5	66560539	MER72B:ERV1:LTR	74	1.45294510095	32	32.00	32	100.00
8Cell_siKlf5	66560539	L1M3a:L1:LINE	120	2.00095220719	30	32.00	33	96.97
8Cell_siKlf5	66560539	LTR77:ERV1:LTR	38	1.68176195838	30	30.00	30	100.00
8Cell_siKlf5	66560539	X9_LINE:L1?:LINE	52	2.12463161809	30	30.00	30	100.00
8Cell_siKlf5	66560539	DNA1_Mam:TcMar:DNA	45	1.97634914316	29	29.00	29	100.00
8Cell_siKlf5	66560539	MER134:DNA?:DNA?	53	1.77226020316	29	29.00	29	100.00
8Cell_siKlf5	66560539	RLTR9A4:ERVK:LTR	35	1.18296372111	29	29.00	29	100.00
8Cell_siKlf5	66560539	X1_LINE:CR1:LINE	40	2.29347900128	29	29.00	29	100.00
8Cell_siKlf5	66560539	LTR39:ERV1:LTR	11	1.10411986971	28	28.00	28	100.00
8Cell_siKlf5	66560539	LTR86A2:ERVL:LTR	79	2.48721627678	28	28.00	28	100.00
8Cell_siKlf5	66560539	MamGypLTR2c:Gypsy:LTR	110	2.05780343858	28	28.00	28	100.00
8Cell_siKlf5	66560539	Ricksha_a:MuDR:DNA	11	1.20413871024	28	28.00	28	100.00
8Cell_siKlf5	66560539	RLTR46:ERVK:LTR	46	1.42048874402	28	29.00	31	93.55
8Cell_siKlf5	66560539	tRNA-Ser-AGY:tRNA:tRNA	15	2.05235742299	28	28.00	28	100.00
8Cell_siKlf5	66560539	LTR108a_Mam:ERVL:LTR	39	1.68305214729	27	27.50	28	98.21
8Cell_siKlf5	66560539	LTR32:ERVL:LTR	9	1.13196789477	27	27.12	28	96.87
8Cell_siKlf5	66560539	MER110-int:ERV1:LTR	38	1.96966017357	27	27.00	27	100.00
8Cell_siKlf5	66560539	tRNA-Ser-TCY:tRNA:tRNA	12	2.27503696115	27	27.00	27	100.00
8Cell_siKlf5	66560539	MER95:ERV1:LTR	54	1.09421417326	26	26.00	26	100.00
8Cell_siKlf5	66560539	MERX:TcMar-Tigger:DNA	64	1.74584151485	26	26.00	26	100.00
8Cell_siKlf5	66560539	MER57E2:ERV1:LTR	62	1.25673297437	25	25.50	26	98.08
8Cell_siKlf5	66560539	nhAT5a_ML:hAT-Charlie:DNA	4	0.819868034474	25	25.00	25	100.00
8Cell_siKlf5	66560539	X2_LINE:CR1:LINE	32	1.6559419986	25	25.00	25	100.00
8Cell_siKlf5	66560539	Eulor11:DNA:DNA	49	1.3874978032	24	24.00	24	100.00
8Cell_siKlf5	66560539	MER92A:ERV1:LTR	37	1.36289633412	24	29.00	29	100.00
8Cell_siKlf5	66560539	tRNA-Ala-GCG:tRNA:tRNA	194	1.67352652036	24	24.00	24	100.00
8Cell_siKlf5	66560539	LTR9A1:ERV1:LTR	11	1.37230140926	23	23.00	23	100.00
8Cell_siKlf5	66560539	MLT1N2-int:ERVL-MaLR:LTR	3	0.443012931238	23	23.00	23	100.00
8Cell_siKlf5	66560539	tRNA-Ile-ATA:tRNA:tRNA	26	1.75815132521	23	23.00	23	100.00
8Cell_siKlf5	66560539	Eulor8:TcMar?:DNA	110	1.15384926763	22	22.50	23	97.83
8Cell_siKlf5	66560539	MamGypLTR1d:Gypsy:LTR	116	2.05208555368	22	22.50	23	97.83
8Cell_siKlf5	66560539	LTR103_Mam:ERV1?:LTR	58	1.48801970508	21	21.00	21	100.00
8Cell_siKlf5	66560539	LTR88a:Gypsy?:LTR	64	1.66181798779	21	22.99	23	99.95
8Cell_siKlf5	66560539	MER50-int:ERV1:LTR	14	1.43238800043	21	21.00	21	100.00
8Cell_siKlf5	66560539	Eulor2A:DNA?:DNA?	41	1.27070121446	20	20.00	20	100.00
8Cell_siKlf5	66560539	Eulor9C:DNA:DNA	71	1.84522014549	20	20.00	20	100.00
8Cell_siKlf5	66560539	Eulor6E:DNA?:DNA?	18	1.45524310446	19	19.00	19	100.00
8Cell_siKlf5	66560539	ERVB4_1-LTR_MM:ERVK:LTR	21	1.24974643936	18	18.00	18	100.00
8Cell_siKlf5	66560539	LTR28:ERV1:LTR	10	1.1283542006	17	17.00	17	100.00
8Cell_siKlf5	66560539	MLT1G1-int:ERVL-MaLR:LTR	51	0.896807019797	17	17.08	19	89.87
8Cell_siKlf5	66560539	RMER3D3:ERVK:LTR	8	0.640116755826	17	17.00	17	100.00
8Cell_siKlf5	66560539	Cheshire_Mars:hAT-Charlie:DNA	3	0.602484365084	16	16.00	16	100.00
8Cell_siKlf5	66560539	HY4:scRNA:scRNA	3	0.852420811263	16	16.00	16	100.00
8Cell_siKlf5	66560539	L1M2b:L1:LINE	16	1.02290497352	16	16.00	16	100.00
8Cell_siKlf5	66560539	LTR52-int:ERVL:LTR	50	1.28865240648	16	16.00	16	100.00
8Cell_siKlf5	66560539	MER101B:ERV1:LTR	21	0.537768833951	16	16.00	16	100.00
8Cell_siKlf5	66560539	MER89-int:ERV1:LTR	98	1.29067652863	16	20.00	20	100.00
8Cell_siKlf5	66560539	MER97a:hAT-Tip100:DNA	53	1.00872856397	16	16.00	16	100.00
8Cell_siKlf5	66560539	Tigger1a_Art:TcMar-Tigger:DNA	37	1.42233927138	16	20.00	20	100.00
8Cell_siKlf5	66560539	LTR9:ERV1:LTR	13	1.06272863262	15	15.00	15	100.00
8Cell_siKlf5	66560539	MER91C:hAT-Tip100:DNA	110	1.12627129667	15	15.50	16	96.88
8Cell_siKlf5	66560539	tRNA-Val-GTY:tRNA:tRNA	18	1.47764102455	15	15.00	15	100.00
8Cell_siKlf5	66560539	Cheshire_Mars_:hAT-Charlie:DNA	6	0.814183054396	14	14.00	14	100.00
8Cell_siKlf5	66560539	LTR34:ERV1:LTR	8	0.488053134536	14	14.00	14	100.00
8Cell_siKlf5	66560539	tRNA-Ser-TCG:tRNA:tRNA	5	1.05695897075	14	14.00	14	100.00
8Cell_siKlf5	66560539	UCON13:Penelope?:LINE?	42	0.745262649966	14	14.00	14	100.00
8Cell_siKlf5	66560539	X5A_LINE:CR1:LINE	69	0.837990389452	13	13.00	13	100.00
8Cell_siKlf5	66560539	HY3:scRNA:scRNA	15	0.763740277197	12	12.00	12	100.00
8Cell_siKlf5	66560539	LTR108c_Mam:ERVL:LTR	15	0.357712304726	12	12.00	12	100.00
8Cell_siKlf5	66560539	MLT1L-int:ERVL-MaLR:LTR	13	1.23643121967	12	18.00	18	100.00
8Cell_siKlf5	66560539	Ricksha_0:MuDR:DNA	29	0.527154975386	12	12.00	12	100.00
8Cell_siKlf5	66560539	RNLTR23:ERVK:LTR	5	1.1296671866	12	12.00	12	100.00
8Cell_siKlf5	66560539	tRNA-Ile-ATT:tRNA:tRNA	40	0.762109824959	12	12.00	12	100.00
8Cell_siKlf5	66560539	LTR29:ERV1:LTR	34	0.774345469659	11	11.00	11	100.00
8Cell_siKlf5	66560539	tRNA-Lys-AAG:tRNA:tRNA	184	0.774819893624	11	11.00	11	100.00
8Cell_siKlf5	66560539	C573_MM:Other:Other	1738	1.62617705861	10	19.81	22	90.02
8Cell_siKlf5	66560539	Eulor2C:DNA?:DNA?	24	0.656579979838	10	10.00	10	100.00
8Cell_siKlf5	66560539	Eulor5B:DNA?:DNA?	37	0.840691979759	10	10.00	10	100.00
8Cell_siKlf5	66560539	L1M6B:L1:LINE	43	0.77410042095	10	10.00	10	100.00
8Cell_siKlf5	66560539	LTR86B2:ERVL:LTR	36	0.753148668196	10	10.00	10	100.00
8Cell_siKlf5	66560539	MamRep488:hAT-Tip100:DNA	29	0.446444518005	10	10.00	10	100.00
8Cell_siKlf5	66560539	MER96B:hAT:DNA	8	0.680514673976	10	10.00	10	100.00
8Cell_siKlf5	66560539	MER133B:DNA?:DNA?	22	0.720295585517	9	9.00	9	100.00
8Cell_siKlf5	66560539	tRNA-Asn-AAC:tRNA:tRNA	27	12.7486266387	9	192.00	192	100.00
8Cell_siKlf5	66560539	MLT1G-int:ERVL-MaLR:LTR	39	0.674954841041	8	8.00	8	100.00
8Cell_siKlf5	66560539	Eulor1:DNA:DNA	56	0.670558998352	7	7.00	7	100.00
8Cell_siKlf5	66560539	MER97d:hAT-Tip100:DNA	28	0.543680086677	7	7.00	7	100.00
8Cell_siKlf5	66560539	tRNA-Leu-CTA:tRNA:tRNA	3	0.467648371047	7	7.00	7	100.00
8Cell_siKlf5	66560539	tRNA-Leu-TTA:tRNA:tRNA	18	0.602470029215	7	7.00	7	100.00
8Cell_siKlf5	66560539	tRNA-Leu-TTG:tRNA:tRNA	24	0.548094742464	7	7.00	7	100.00
8Cell_siKlf5	66560539	L1M2a1:L1:LINE	11	0.570528486019	6	6.00	6	100.00
8Cell_siKlf5	66560539	LTR108d_Mam:ERVL:LTR	30	0.715776065341	6	7.98	8	99.71
8Cell_siKlf5	66560539	LTR59:ERV1:LTR	8	0.411980624461	6	6.00	6	100.00
8Cell_siKlf5	66560539	LTR9D:ERV1:LTR	11	0.527154975386	6	6.00	6	100.00
8Cell_siKlf5	66560539	MLT1E3-int:ERVL-MaLR:LTR	12	0.215139620026	6	6.00	6	100.00
8Cell_siKlf5	66560539	tRNA-Ser-TCA_:tRNA:tRNA	3	0.421231312108	6	6.00	6	100.00
8Cell_siKlf5	66560539	UCON14:DNA?:DNA?	66	0.56103588078	6	6.00	6	100.00
8Cell_siKlf5	66560539	Eulor3:DNA?:DNA?	28	0.379391838346	5	5.00	5	100.00
8Cell_siKlf5	66560539	MamRep1161:TcMar:DNA	7	0.310411504101	5	5.00	5	100.00
8Cell_siKlf5	66560539	MER132:TcMar-Pogo:DNA	21	0.3309232775	5	5.00	5	100.00
8Cell_siKlf5	66560539	MER66B:ERV1:LTR	7	0.441344293831	5	5.00	5	100.00
8Cell_siKlf5	66560539	MLT1E1A-int:ERVL-MaLR:LTR	28	0.310896994774	5	7.00	7	100.00
8Cell_siKlf5	66560539	Ricksha_b:MULE-MuDR:DNA	6	0.157153941407	5	5.00	5	100.00
8Cell_siKlf5	66560539	Ricksha_c:MuDR:DNA	26	0.434835087982	5	5.00	5	100.00
8Cell_siKlf5	66560539	RMER3D1:ERVK:LTR	1	0.455270206015	5	5.00	5	100.00
8Cell_siKlf5	66560539	tRNA-Cys-TGY:tRNA:tRNA	89	0.569445835209	5	5.00	5	100.00
8Cell_siKlf5	66560539	tRNA-Leu-CTA_:tRNA:tRNA	4	0.334461004919	5	5.00	5	100.00
8Cell_siKlf5	66560539	tRNA-Ser-TCA(m):tRNA:tRNA	4	0.529011154877	5	5.00	5	100.00
8Cell_siKlf5	66560539	MLT1E1-int:ERVL-MaLR:LTR	8	0.332376248494	4	4.00	4	100.00
8Cell_siKlf5	66560539	tRNA-SeC(e)-TGA:tRNA:tRNA	3	0.385228635859	4	4.00	4	100.00
8Cell_siKlf5	66560539	UCON7:DNA?:DNA?	99	0.400637781294	4	4.00	4	100.00
8Cell_siKlf5	66560539	MER66C:ERV1:LTR	19	0.275815959986	3	3.00	3	100.00
8Cell_siKlf5	66560539	MER76-int:ERVL:LTR	16	0.148442748004	3	3.00	3	100.00
8Cell_siKlf5	66560539	tRNA-His-CAY_:tRNA:tRNA	16	0.347612192593	3	3.00	3	100.00
8Cell_siKlf5	66560539	tRNA-Leu-CTG:tRNA:tRNA	16	0.859947394529	3	9.00	9	100.00
8Cell_siKlf5	66560539	Eulor10:DNA?:DNA?	29	0.200318890647	2	2.00	2	100.00
8Cell_siKlf5	66560539	HUERS-P3b-int:ERV1:LTR	3	0.198992275477	2	2.00	2	100.00
8Cell_siKlf5	66560539	LTR36:ERV1:LTR	5	0.201663312732	2	2.00	2	100.00
8Cell_siKlf5	66560539	MER83B-int:ERV1:LTR	9	0.0858509531343	2	2.00	2	100.00
8Cell_siKlf5	66560539	MLT1E-int:ERVL-MaLR:LTR	9	0.165536612464	2	2.88	5	57.52
8Cell_siKlf5	66560539	MLT1K-int:ERVL-MaLR:LTR	8	0.198992275477	2	2.00	2	100.00
8Cell_siKlf5	66560539	tRNA-Met-i:tRNA:tRNA	19	0.176751962335	2	2.00	2	100.00
8Cell_siKlf5	66560539	tRNA-Val-GTG:tRNA:tRNA	25	0.236121499392	2	2.00	2	100.00
8Cell_siKlf5	66560539	UCON21:DNA?:DNA?	23	0.200318890647	2	2.00	2	100.00
8Cell_siKlf5	66560539	X7D_LINE:CR1:LINE	10	0.200318890647	2	2.00	2	100.00
8Cell_siKlf5	66560539	Eulor6A:DNA?:DNA?	21	0.100159445323	1	1.00	1	100.00
8Cell_siKlf5	66560539	FordPrefect_a:hAT-Tip100:DNA	60	0.0825489933984	1	1.00	1	100.00
8Cell_siKlf5	66560539	LTR58:ERV1:LTR	9	0.100159445323	1	1.00	1	100.00
8Cell_siKlf5	66560539	MER72:ERV1:LTR	9	0.100159445323	1	1.00	1	100.00
8Cell_siKlf5	66560539	MLT1J2-int:ERVL-MaLR:LTR	27	0.100159445323	1	1.00	1	100.00
8Cell_siKlf5	66560539	tRNA-Thr-ACY:tRNA:tRNA	14	0.161547492457	1	1.00	1	100.00
8Cell_siKlf5	66560539	Charlie1b_Mars:hAT-Charlie:DNA	2	0	0	0.00	0	NA
8Cell_siKlf5	66560539	Eulor6C:DNA?:DNA?	15	0	0	0.00	0	NA
8Cell_siKlf5	66560539	Eulor7:DNA?:DNA?	4	0	0	0.00	0	NA
8Cell_siKlf5	66560539	Eulor9B:DNA:DNA	14	0	0	0.00	0	NA
8Cell_siKlf5	66560539	HERVL32-int:ERVL:LTR	1	0	0	0.00	0	NA
8Cell_siKlf5	66560539	HY5:scRNA:scRNA	1	0	0	0.00	0	NA
8Cell_siKlf5	66560539	LTR23-int:ERV1:LTR	11	0	0	0.00	0	NA
8Cell_siKlf5	66560539	LTR27C:ERV1:LTR	7	0	0	0.00	0	NA
8Cell_siKlf5	66560539	LTR44:ERV1:LTR	3	0	0	0.00	0	NA
8Cell_siKlf5	66560539	LTR64:ERV1:LTR	8	0	0	0.00	0	NA
8Cell_siKlf5	66560539	LTR75_1:ERV1:LTR	9	0	0	0.00	0	NA
8Cell_siKlf5	66560539	MamRep137:TcMar?:DNA	4	0	0	0.00	0	NA
8Cell_siKlf5	66560539	MER133A:DNA?:DNA?	35	0	0	0.00	0	NA
8Cell_siKlf5	66560539	MER136:DNA:DNA	23	0	0	0.00	0	NA
8Cell_siKlf5	66560539	MER47C:TcMar-Tigger:DNA	14	0	0	0.00	0	NA
8Cell_siKlf5	66560539	MER49:ERV1:LTR	7	0	0	0.00	0	NA
8Cell_siKlf5	66560539	MER4CL34:ERV1:LTR	6	0	0	0.00	0	NA
8Cell_siKlf5	66560539	MER57E3:ERV1:LTR	4	0	0	0.00	0	NA
8Cell_siKlf5	66560539	MER66A:ERV1:LTR	5	0	0	0.00	0	NA
8Cell_siKlf5	66560539	MER83A-int:ERV1:LTR	1	0	0	0.00	0	NA
8Cell_siKlf5	66560539	MLT1O-int:ERVL-MaLR:LTR	2	0	0	0.00	0	NA
8Cell_siKlf5	66560539	Ricksha_b:MuDR:DNA	2	0	0	0.00	0	NA
8Cell_siKlf5	66560539	RLTR43A:ERVK:LTR	3	0	0	0.00	0	NA
8Cell_siKlf5	66560539	RLTR43B:ERVK:LTR	1	0	0	0.00	0	NA
8Cell_siKlf5	66560539	RMER3D2:ERVK:LTR	3	0	0	0.00	0	NA
8Cell_siKlf5	66560539	RMER3D4:ERVK:LTR	2	0	0	0.00	0	NA
8Cell_siKlf5	66560539	Tigger1a_Mars:TcMar-Tigger:DNA	2	0	0	0.00	0	NA
8Cell_siKlf5	66560539	tRNA-Ala-GCY:tRNA:tRNA	12	0	0	0.00	0	NA
8Cell_siKlf5	66560539	tRNA-Arg-AGA:tRNA:tRNA	30	0	0	0.00	0	NA
8Cell_siKlf5	66560539	tRNA-Arg-AGG:tRNA:tRNA	18	0	0	0.00	0	NA
8Cell_siKlf5	66560539	tRNA-Arg-CGA_:tRNA:tRNA	2	0	0	0.00	0	NA
8Cell_siKlf5	66560539	tRNA-Arg-CGA:tRNA:tRNA	3	0	0	0.00	0	NA
8Cell_siKlf5	66560539	tRNA-Arg-CGG:tRNA:tRNA	3	0	0	0.00	0	NA
8Cell_siKlf5	66560539	tRNA-Arg-CGY_:tRNA:tRNA	21	0	0	0.00	0	NA
8Cell_siKlf5	66560539	tRNA-Asp-GAY:tRNA:tRNA	33	0	0	0.00	0	NA
8Cell_siKlf5	66560539	tRNA-Gln-CAA:tRNA:tRNA	14	0	0	0.00	0	NA
8Cell_siKlf5	66560539	tRNA-Gln-CAA_:tRNA:tRNA	4	0	0	0.00	0	NA
8Cell_siKlf5	66560539	tRNA-Gln-CAG:tRNA:tRNA	25	0	0	0.00	0	NA
8Cell_siKlf5	66560539	tRNA-Glu-GAA:tRNA:tRNA	9	0	0	0.00	0	NA
8Cell_siKlf5	66560539	tRNA-Glu-GAG_:tRNA:tRNA	39	0	0	0.00	0	NA
8Cell_siKlf5	66560539	tRNA-Glu-GAG:tRNA:tRNA	6	0	0	0.00	0	NA
8Cell_siKlf5	66560539	tRNA-Gly-GGA:tRNA:tRNA	86	0	0	0.00	0	NA
8Cell_siKlf5	66560539	tRNA-Gly-GGG:tRNA:tRNA	24	0	0	0.00	0	NA
8Cell_siKlf5	66560539	tRNA-Gly-GGY:tRNA:tRNA	52	0	0	0.00	0	NA
8Cell_siKlf5	66560539	tRNA-Leu-TTA(m):tRNA:tRNA	1	0	0	0.00	0	NA
8Cell_siKlf5	66560539	tRNA-Lys-AAA:tRNA:tRNA	22	0	0	0.00	0	NA
8Cell_siKlf5	66560539	tRNA-Met:tRNA:tRNA	21	0	0	0.00	0	NA
8Cell_siKlf5	66560539	tRNA-Met_:tRNA:tRNA	46	0.185042034676	0	1.85	2	92.37
8Cell_siKlf5	66560539	tRNA-Phe-TTY:tRNA:tRNA	47	0	0	0.00	0	NA
8Cell_siKlf5	66560539	tRNA-Pro-CCA:tRNA:tRNA	10	0	0	0.00	0	NA
8Cell_siKlf5	66560539	tRNA-Pro-CCG:tRNA:tRNA	4	0	0	0.00	0	NA
8Cell_siKlf5	66560539	tRNA-Pro-CCY:tRNA:tRNA	29	0	0	0.00	0	NA
8Cell_siKlf5	66560539	tRNA-Ser-TCA:tRNA:tRNA	1	0	0	0.00	0	NA
8Cell_siKlf5	66560539	tRNA-Thr-ACA:tRNA:tRNA	17	0	0	0.00	0	NA
8Cell_siKlf5	66560539	tRNA-Thr-ACG_:tRNA:tRNA	20	0	0	0.00	0	NA
8Cell_siKlf5	66560539	tRNA-Thr-ACG:tRNA:tRNA	3	0	0	0.00	0	NA
8Cell_siKlf5	66560539	tRNA-Thr-ACY_:tRNA:tRNA	15	0	0	0.00	0	NA
8Cell_siKlf5	66560539	tRNA-Trp-TGG:tRNA:tRNA	16	0	0	0.00	0	NA
8Cell_siKlf5	66560539	tRNA-Tyr-TAT:tRNA:tRNA	3	0	0	0.00	0	NA
8Cell_siKlf5	66560539	tRNA-Val-GTA:tRNA:tRNA	13	0	0	0.00	0	NA
8Cell_siKlf5	66560539	U7:snRNA:snRNA	49	0	0	0.00	0	NA
