Sample	aligned_libsize	Subfamily:Family:Class	copies	fpkm	uniq_counts	tot_counts	tot_reads	score
8Cell_Ctrl	65852528	LSU-rRNA_Hsa:rRNA:rRNA	480	40131.2037283	1794798	1807571.61	1807624	100.00
8Cell_Ctrl	65852528	B3:B2:SINE	148427	25796.6366773	620207	631416.24	636735	99.16
8Cell_Ctrl	65852528	B2_Mm2:B2:SINE	90007	19273.7050161	437491	444706.16	448617	99.13
8Cell_Ctrl	65852528	MERVL-int:ERVL:LTR	2600	3069.47199573	387675	821278.26	828223	99.16
8Cell_Ctrl	65852528	ID_B1:B4:SINE	110827	17594.8437405	386209	390485.29	393722	99.18
8Cell_Ctrl	65852528	B1_Mus1:Alu:SINE	95081	19609.2337893	381949	391390.59	395105	99.06
8Cell_Ctrl	65852528	RLTR45-int:ERVK:LTR	1317	6313.35464973	381516	662302.11	671336	98.65
8Cell_Ctrl	65852528	RSINE1:B4:SINE	115806	16684.8417772	343283	350011.74	352920	99.18
8Cell_Ctrl	65852528	B1_Mus2:Alu:SINE	70891	16672.5145679	300473	312742.43	316182	98.91
8Cell_Ctrl	65852528	B4A:B4:SINE	107073	11661.9602466	278366	282807.17	285359	99.11
8Cell_Ctrl	65852528	B3A:B2:SINE	92925	12154.0286594	275423	280833.69	283957	98.90
8Cell_Ctrl	65852528	7SLRNA:srpRNA:srpRNA	437	40821.2860952	262972	1238947.32	1238954	100.00
8Cell_Ctrl	65852528	FordPrefect:hAT-Tip100:DNA	291	10164.3576678	232309	232311.98	232313	100.00
8Cell_Ctrl	65852528	B2_Mm1a:B2:SINE	18346	12086.6739406	223049	248392.17	252232	98.48
8Cell_Ctrl	65852528	B2_Mm1t:B2:SINE	23218	9801.5167887	196746	213176.40	217803	97.88
8Cell_Ctrl	65852528	PB1D10:Alu:SINE	65054	9559.97076862	177421	179240.68	180590	99.25
8Cell_Ctrl	65852528	7SK:RNA:RNA	691	6033.32196521	166842	202232.15	202250	99.99
8Cell_Ctrl	65852528	B1_Mm:Alu:SINE	42910	9666.73679823	165757	176247.01	178237	98.88
8Cell_Ctrl	65852528	B1_Mur4:Alu:SINE	41031	7594.36102051	157490	159762.52	161258	99.07
8Cell_Ctrl	65852528	B1_Mur1:Alu:SINE	38058	7464.9062258	154462	158445.63	160002	99.03
8Cell_Ctrl	65852528	ORR1A0-int:ERVL-MaLR:LTR	456	1278.02503702	147595	186501.30	190012	98.15
8Cell_Ctrl	65852528	B4:B4:SINE	64020	6120.02263219	140222	141939.73	143374	99.00
8Cell_Ctrl	65852528	B1_Mur2:Alu:SINE	31869	6526.32685678	138085	139523.84	140671	99.18
8Cell_Ctrl	65852528	PB1D9:Alu:SINE	28939	6617.56845315	131496	133287.39	134513	99.09
8Cell_Ctrl	65852528	B1F:Alu:SINE	45170	6549.92644407	129652	131388.94	132511	99.15
8Cell_Ctrl	65852528	L1Md_F2:L1:LINE	64898	2123.36790371	121193	137959.95	146557	94.13
8Cell_Ctrl	65852528	MTD:ERVL-MaLR:LTR	51544	4012.44006277	111365	114092.03	115581	98.71
8Cell_Ctrl	65852528	B1_Mur3:Alu:SINE	24632	5288.70755553	109194	111465.44	112410	99.16
8Cell_Ctrl	65852528	IAPEz-int:ERVK:LTR	7319	1651.58450598	96579	267852.54	269280	99.47
8Cell_Ctrl	65852528	L1Md_T:L1:LINE	23688	1059.63596626	94914	183992.06	202348	90.93
8Cell_Ctrl	65852528	Lx8:L1:LINE	49141	3015.5136116	93005	96613.01	97642	98.95
8Cell_Ctrl	65852528	ORR1A1-int:ERVL-MaLR:LTR	859	816.663905773	92057	105363.49	114263	92.21
8Cell_Ctrl	65852528	MTA_Mm-int:ERVL-MaLR:LTR	3027	3152.95809284	89923	315035.62	337568	93.33
8Cell_Ctrl	65852528	SSU-rRNA_Hsa:rRNA:rRNA	45	368.067469491	83858	87695.00	87695	100.00
8Cell_Ctrl	65852528	PB1D7:Alu:SINE	24346	4425.25125028	82720	85987.40	86663	99.22
8Cell_Ctrl	65852528	L1_Mus3:L1:LINE	48489	1624.97955847	74761	84480.38	86899	97.22
8Cell_Ctrl	65852528	B1F1:Alu:SINE	19678	3464.9197389	74740	75353.10	75859	99.33
8Cell_Ctrl	65852528	L1_Mus1:L1:LINE	27252	1320.66496277	69500	76810.35	79068	97.14
8Cell_Ctrl	65852528	MTC:ERVL-MaLR:LTR	27489	2299.83889602	69344	71283.45	72366	98.50
8Cell_Ctrl	65852528	MTA_Mm:ERVL-MaLR:LTR	15623	2756.27062777	68976	105397.74	132533	79.53
8Cell_Ctrl	65852528	Lx9:L1:LINE	49160	2176.73867082	65891	68485.60	69206	98.96
8Cell_Ctrl	65852528	MIRb:MIR:SINE	42160	3548.85610168	65009	66010.69	66421	99.38
8Cell_Ctrl	65852528	Lx7:L1:LINE	40190	1852.13810259	63961	70749.90	72185	98.01
8Cell_Ctrl	65852528	L2a:L2:LINE	24277	2659.04983774	62244	64364.20	64729	99.44
8Cell_Ctrl	65852528	B1F2:Alu:SINE	16513	2940.43349648	60448	61392.95	62006	99.01
8Cell_Ctrl	65852528	ORR1A2-int:ERVL-MaLR:LTR	2132	653.024701442	59712	62841.64	64076	98.07
8Cell_Ctrl	65852528	RLTR1B-int:ERV1:LTR	798	458.027299314	57851	62044.82	62280	99.62
8Cell_Ctrl	65852528	MIR:MIR:SINE	38978	3123.00416235	57276	58419.75	58848	99.27
8Cell_Ctrl	65852528	ORR1D1:ERVL-MaLR:LTR	21507	1941.020038	54773	55723.62	56357	98.88
8Cell_Ctrl	65852528	ORR1A2:ERVL-MaLR:LTR	14843	1774.03771607	54206	56594.10	57511	98.41
8Cell_Ctrl	65852528	MT2B:ERVL:LTR	13977	2168.75239165	53768	55204.56	56199	98.23
8Cell_Ctrl	65852528	L2:L2:LINE	17614	2007.93585373	51345	51973.64	52341	99.30
8Cell_Ctrl	65852528	MMETn-int:ERVK:LTR	980	387.561010894	50916	83406.00	91493	91.16
8Cell_Ctrl	65852528	L1_Mur3:L1:LINE	27399	1277.03079244	48495	50994.41	51931	98.20
8Cell_Ctrl	65852528	L1Md_A:L1:LINE	16844	675.194292426	47652	94226.65	105985	88.91
8Cell_Ctrl	65852528	URR1A:hAT-Charlie:DNA	17621	1984.51514229	43310	43900.48	44198	99.33
8Cell_Ctrl	65852528	PB1D11:Alu:SINE	18484	2310.60413727	42727	43099.04	43387	99.34
8Cell_Ctrl	65852528	ORR1B1:ERVL-MaLR:LTR	17313	1401.40172215	42079	43421.28	44144	98.36
8Cell_Ctrl	65852528	L1_Mus2:L1:LINE	21079	798.85327169	41498	46388.51	48729	95.20
8Cell_Ctrl	65852528	RMER6A:ERVK:LTR	3983	893.667834234	41114	43183.98	43587	99.08
8Cell_Ctrl	65852528	URR1B:hAT-Charlie:DNA	16889	1831.05205264	40102	41356.40	41714	99.14
8Cell_Ctrl	65852528	ORR1F:ERVL-MaLR:LTR	23086	1670.95048406	37660	39078.19	39593	98.70
8Cell_Ctrl	65852528	ORR1E:ERVL-MaLR:LTR	22742	1482.00735748	37295	38048.41	38704	98.31
8Cell_Ctrl	65852528	Lx:L1:LINE	24834	819.9975165	37003	40802.62	42614	95.75
8Cell_Ctrl	65852528	MMERVK10C-int:ERVK:LTR	3230	608.602112165	36704	61813.97	62315	99.20
8Cell_Ctrl	65852528	MT2_Mm:ERVL:LTR	2667	1327.30747077	36212	66334.46	80051	82.87
8Cell_Ctrl	65852528	L1M4:L1:LINE	13935	1257.60632648	35323	35997.70	36326	99.10
8Cell_Ctrl	65852528	PB1:Alu:SINE	11784	1870.6028272	35234	36057.30	36363	99.16
8Cell_Ctrl	65852528	RLTR45:ERVK:LTR	1557	951.026099626	34899	46871.64	55205	84.90
8Cell_Ctrl	65852528	MTEa:ERVL-MaLR:LTR	20061	1378.05488429	33182	34147.98	34687	98.45
8Cell_Ctrl	65852528	L1M2:L1:LINE	18488	1016.73261204	31154	31949.70	32385	98.66
8Cell_Ctrl	65852528	MTE2a:ERVL-MaLR:LTR	15148	1154.72603392	31138	32104.06	32556	98.61
8Cell_Ctrl	65852528	MERVL_2A-int:ERVL:LTR	3899	389.393992995	30455	36744.29	88277	41.62
8Cell_Ctrl	65852528	Lx5:L1:LINE	16339	780.710775308	30351	35140.02	36027	97.54
8Cell_Ctrl	65852528	Lx6:L1:LINE	18164	784.178083793	30296	33045.98	33624	98.28
8Cell_Ctrl	65852528	ORR1D2:ERVL-MaLR:LTR	15061	1153.44777482	30212	31120.95	31506	98.78
8Cell_Ctrl	65852528	RMER19B:ERVK:LTR	5640	645.208359714	29864	31376.76	31731	98.88
8Cell_Ctrl	65852528	ID4:ID:SINE	23970	1781.42935323	29862	30176.79	30372	99.36
8Cell_Ctrl	65852528	L1M5:L1:LINE	16596	1247.2451855	29560	29957.10	30246	99.04
8Cell_Ctrl	65852528	Lx8b:L1:LINE	24166	959.278296031	29411	30534.10	30938	98.69
8Cell_Ctrl	65852528	ID4_:ID:SINE	26384	1602.9768885	29331	29578.60	29742	99.45
8Cell_Ctrl	65852528	L1_Mur2:L1:LINE	20769	755.786928352	28793	32455.20	33701	96.30
8Cell_Ctrl	65852528	MIRc:MIR:SINE	23213	1645.89613113	28783	28951.72	29114	99.44
8Cell_Ctrl	65852528	ORR1C2:ERVL-MaLR:LTR	12473	1013.02352503	28756	29389.93	29754	98.78
8Cell_Ctrl	65852528	Lx5c:L1:LINE	16422	794.809205272	28673	30748.53	31304	98.23
8Cell_Ctrl	65852528	RMER15:ERVL:LTR	18077	1145.31871248	27884	29596.91	29933	98.88
8Cell_Ctrl	65852528	RLTR17B_Mm:ERVK:LTR	27369	1366.17615442	27261	27582.68	27732	99.46
8Cell_Ctrl	65852528	ORR1A0:ERVL-MaLR:LTR	2133	765.45985229	26561	30319.22	33371	90.85
8Cell_Ctrl	65852528	MTE2b:ERVL-MaLR:LTR	14367	953.638124273	24959	25471.95	25819	98.66
8Cell_Ctrl	65852528	L2c:L2:LINE	12298	1128.3091914	24235	24984.64	25416	98.30
8Cell_Ctrl	65852528	ORR1A1:ERVL-MaLR:LTR	4414	672.356592063	23779	25036.07	26666	93.89
8Cell_Ctrl	65852528	MT2B2:ERVL:LTR	3655	781.16317413	23427	23990.54	24359	98.49
8Cell_Ctrl	65852528	ETnERV3-int:ERVK:LTR	560	274.406051739	22976	30679.05	30489	100.62
8Cell_Ctrl	65852528	L1MB7:L1:LINE	6956	786.724909995	22650	23358.10	23643	98.80
8Cell_Ctrl	65852528	ERVB4_2-LTR_MM:ERVK:LTR	144	505.328952153	22291	27285.95	35866	76.08
8Cell_Ctrl	65852528	ORR1A4:ERVL-MaLR:LTR	7791	741.541771918	22037	22589.00	22961	98.38
8Cell_Ctrl	65852528	L1VL2:L1:LINE	4697	311.834782009	21995	23532.52	23824	98.78
8Cell_Ctrl	65852528	L2b:L2:LINE	13720	1091.278394	21573	21824.68	22006	99.18
8Cell_Ctrl	65852528	ORR1B2:ERVL-MaLR:LTR	8528	737.163834387	21383	22099.33	22378	98.75
8Cell_Ctrl	65852528	RMER1B:Other:Other	7511	564.064445433	21255	22207.72	22555	98.46
8Cell_Ctrl	65852528	MT2A:ERVL:LTR	10140	664.286969178	20832	21287.75	21553	98.77
8Cell_Ctrl	65852528	RMER10A:ERVL:LTR	4464	705.147062785	20711	21956.37	22405	98.00
8Cell_Ctrl	65852528	MT2B1:ERVL:LTR	7248	643.012078	20548	21269.62	21621	98.37
8Cell_Ctrl	65852528	ORR1C1:ERVL-MaLR:LTR	7423	690.648044846	20146	20645.03	20924	98.67
8Cell_Ctrl	65852528	ORR1A4-int:ERVL-MaLR:LTR	1326	247.097473168	20045	20876.38	21071	99.08
8Cell_Ctrl	65852528	ERVB4_2-I_MM-int:ERVK:LTR	313	408.039398386	19995	43820.75	46343	94.56
8Cell_Ctrl	65852528	RLTR13B1:ERVK:LTR	1029	411.744131214	19759	27015.64	34772	77.69
8Cell_Ctrl	65852528	Lx3_Mus:L1:LINE	12651	425.959956783	19302	20487.73	20787	98.56
8Cell_Ctrl	65852528	MIR3:MIR:SINE	16085	1162.84514615	19242	19346.79	19435	99.55
8Cell_Ctrl	65852528	RMER4B:ERVK:LTR	5158	553.146757601	19107	19478.09	19719	98.78
8Cell_Ctrl	65852528	L1Md_F3:L1:LINE	16146	428.073946303	18956	22186.46	24252	91.48
8Cell_Ctrl	65852528	Lx4A:L1:LINE	10564	518.897056699	18869	21439.41	22236	96.42
8Cell_Ctrl	65852528	L1_Rod:L1:LINE	11315	526.153803983	18310	18848.17	19100	98.68
8Cell_Ctrl	65852528	L1_Mus4:L1:LINE	11880	408.635321736	17804	19228.53	20431	94.11
8Cell_Ctrl	65852528	L1_Mm:L1:LINE	5429	366.067436742	17640	24573.40	31386	78.29
8Cell_Ctrl	65852528	MTB:ERVL-MaLR:LTR	6419	563.841681399	17606	18294.70	18765	97.49
8Cell_Ctrl	65852528	Lx2:L1:LINE	18521	511.945322032	17399	19073.60	19683	96.90
8Cell_Ctrl	65852528	MER2:TcMar-Tigger:DNA	10246	767.264704502	17221	17464.86	17614	99.15
8Cell_Ctrl	65852528	MYSERV6-int:ERVK:LTR	3183	315.875568327	16939	17629.01	17820	98.93
8Cell_Ctrl	65852528	MTEb:ERVL-MaLR:LTR	10811	704.154062642	16640	16991.65	17247	98.52
8Cell_Ctrl	65852528	RMER5:ERV1:LTR	7418	607.73553772	16590	17336.69	17664	98.15
8Cell_Ctrl	65852528	ORR1A3-int:ERVL-MaLR:LTR	2435	390.967517982	16390	19940.16	23543	84.70
8Cell_Ctrl	65852528	MMERGLN-int:ERV1:LTR	856	106.00980125	15973	27176.15	27384	99.24
8Cell_Ctrl	65852528	L1VL4:L1:LINE	6091	269.165826587	15926	16981.63	17281	98.27
8Cell_Ctrl	65852528	MT2C_Mm:ERVL:LTR	1982	429.337681756	15902	17464.96	18115	96.41
8Cell_Ctrl	65852528	RCHARR1:hAT-Charlie:DNA	6811	509.398680494	15790	16138.61	16346	98.73
8Cell_Ctrl	65852528	ORR1B1-int:ERVL-MaLR:LTR	2965	309.445449079	15631	16638.20	17122	97.17
8Cell_Ctrl	65852528	Lx2B2:L1:LINE	11012	394.655363862	15254	16903.05	17548	96.32
8Cell_Ctrl	65852528	RMER17C:ERVK:LTR	6479	559.95568899	15211	15729.77	15945	98.65
8Cell_Ctrl	65852528	L1MB8:L1:LINE	6000	556.92294411	15198	15490.11	15649	98.98
8Cell_Ctrl	65852528	L3:CR1:LINE	9732	765.360605287	14506	15425.95	15547	99.22
8Cell_Ctrl	65852528	ETnERV2-int:ERVK:LTR	1805	163.356816554	14412	15425.21	15679	98.38
8Cell_Ctrl	65852528	L1MC4:L1:LINE	5589	577.791506634	14349	14848.56	14965	99.22
8Cell_Ctrl	65852528	MTC-int:ERVL-MaLR:LTR	3520	340.313392389	14231	14826.62	15584	95.14
8Cell_Ctrl	65852528	L1MB3:L1:LINE	5343	518.84842854	14074	14272.50	14393	99.16
8Cell_Ctrl	65852528	MLT1B:ERVL-MaLR:LTR	9316	597.04288955	13936	14096.82	14262	98.84
8Cell_Ctrl	65852528	RLTR10-int:ERVK:LTR	2617	312.650895673	13870	18965.31	19364	97.94
8Cell_Ctrl	65852528	MER20:hAT-Charlie:DNA	5994	658.775230743	13561	13670.83	13749	99.43
8Cell_Ctrl	65852528	MLTR14:ERV1:LTR	6798	527.207987285	13526	13780.76	13921	98.99
8Cell_Ctrl	65852528	MLT1D:ERVL-MaLR:LTR	8368	572.452060094	13371	13766.35	13922	98.88
8Cell_Ctrl	65852528	RLTR25B:ERVK:LTR	3674	444.803851018	13364	13835.41	14006	98.78
8Cell_Ctrl	65852528	L1Md_F:L1:LINE	4016	171.112159349	13290	17656.68	21118	83.61
8Cell_Ctrl	65852528	RLTR1B:ERV1:LTR	893	282.13528205	13209	14333.70	14867	96.41
8Cell_Ctrl	65852528	MLT1A0:ERVL-MaLR:LTR	10413	599.596519384	13132	13296.33	13422	99.06
8Cell_Ctrl	65852528	Tigger7:TcMar-Tigger:DNA	5206	485.186192327	12893	13057.50	13189	99.00
8Cell_Ctrl	65852528	L1M3:L1:LINE	7043	476.672009514	12863	13165.54	13335	98.73
8Cell_Ctrl	65852528	L1MA4:L1:LINE	7467	448.229216913	12829	13045.61	13183	98.96
8Cell_Ctrl	65852528	RMER6C:ERVK:LTR	4887	379.853117969	12439	13801.77	14119	97.75
8Cell_Ctrl	65852528	MMERVK9C_I-int:ERVK:LTR	1807	191.990977292	12241	13481.40	13700	98.40
8Cell_Ctrl	65852528	ORR1A3:ERVL-MaLR:LTR	4381	434.553106598	12206	12680.36	12912	98.21
8Cell_Ctrl	65852528	MTB_Mm:ERVL-MaLR:LTR	4963	394.829559004	12159	12414.03	12583	98.66
8Cell_Ctrl	65852528	RLTR19-int:ERVK:LTR	2407	367.214118833	12117	15503.99	15591	99.44
8Cell_Ctrl	65852528	RMER4A:ERVK:LTR	3287	358.564955593	11963	12310.19	12444	98.92
8Cell_Ctrl	65852528	RMER10B:ERVL:LTR	3002	424.043854514	11880	12594.95	12905	97.60
8Cell_Ctrl	65852528	MMVL30-int:ERV1:LTR	956	176.176521242	11651	18151.83	19517	93.01
8Cell_Ctrl	65852528	Lx3B:L1:LINE	5993	264.711724091	11570	12582.99	12781	98.45
8Cell_Ctrl	65852528	L1MC1:L1:LINE	5571	412.659415557	11527	11803.46	11931	98.93
8Cell_Ctrl	65852528	L1ME1:L1:LINE	5261	423.110509914	11504	11700.79	11823	98.97
8Cell_Ctrl	65852528	BC1_Mm:scRNA:scRNA	6758	662.990432658	11492	11622.74	11692	99.41
8Cell_Ctrl	65852528	Lx10:L1:LINE	10010	436.922376405	11472	11946.26	12202	97.90
8Cell_Ctrl	65852528	MTE-int:ERVL-MaLR:LTR	4958	344.56012318	11321	11806.38	11995	98.43
8Cell_Ctrl	65852528	L1MD:L1:LINE	6361	436.510397838	11287	11542.95	11712	98.56
8Cell_Ctrl	65852528	Lx5b:L1:LINE	7975	297.597673616	11127	12262.70	12689	96.64
8Cell_Ctrl	65852528	MTD-int:ERVL-MaLR:LTR	2521	233.933394243	11111	11575.43	11747	98.54
8Cell_Ctrl	65852528	RMER1A:Other:Other	3854	313.606342571	11020	13236.71	13412	98.69
8Cell_Ctrl	65852528	RLTR11A:ERVK:LTR	2655	374.239280476	10730	10979.40	11097	98.94
8Cell_Ctrl	65852528	RMER17B:ERVK:LTR	2898	277.950049367	10662	11495.94	11623	98.91
8Cell_Ctrl	65852528	L1MB5:L1:LINE	3766	367.829388256	10554	10791.81	10922	98.81
8Cell_Ctrl	65852528	L1MA6:L1:LINE	6985	376.687319362	10340	10549.73	10680	98.78
8Cell_Ctrl	65852528	L1MC3:L1:LINE	5288	357.112070004	10312	10453.64	10530	99.27
8Cell_Ctrl	65852528	RLTR11A2:ERVK:LTR	2676	304.35752787	10286	10515.50	10620	99.02
8Cell_Ctrl	65852528	MER5A:hAT-Charlie:DNA	8982	560.79844624	10162	10226.74	10281	99.47
8Cell_Ctrl	65852528	L1MEc:L1:LINE	5378	361.93352001	9963	10118.80	10219	99.02
8Cell_Ctrl	65852528	RMER17C-int:ERVK:LTR	1940	220.779540923	9944	10727.57	10862	98.76
8Cell_Ctrl	65852528	Lx3A:L1:LINE	9223	240.208295245	9823	10600.57	10742	98.68
8Cell_Ctrl	65852528	RLTRETN_Mm:ERVK:LTR	1355	310.839013508	9822	12509.83	13913	89.91
8Cell_Ctrl	65852528	MLT1C:ERVL-MaLR:LTR	7791	441.539313671	9786	9907.19	10025	98.82
8Cell_Ctrl	65852528	RLTR6-int:ERV1:LTR	1220	136.250028911	9754	15034.30	15731	95.57
8Cell_Ctrl	65852528	RodERV21-int:ERV1:LTR	1856	215.35402348	9706	10310.80	10399	99.15
8Cell_Ctrl	65852528	MMERVK9E_I-int:ERVK:LTR	1568	135.893122196	9668	10371.26	10530	98.49
8Cell_Ctrl	65852528	Charlie1a:hAT-Charlie:DNA	2660	336.837591523	9620	9823.81	9942	98.81
8Cell_Ctrl	65852528	L1MC:L1:LINE	5426	375.359626713	9436	9643.87	9787	98.54
8Cell_Ctrl	65852528	Lx2B:L1:LINE	6191	292.730302419	9414	13514.15	14129	95.65
8Cell_Ctrl	65852528	Lx4B:L1:LINE	5680	238.355310489	9186	10019.43	10456	95.82
8Cell_Ctrl	65852528	L1MC5:L1:LINE	3476	352.779262689	8835	8989.10	9089	98.90
8Cell_Ctrl	65852528	MLT1A1:ERVL-MaLR:LTR	9015	459.172796284	8623	8733.08	8817	99.05
8Cell_Ctrl	65852528	MurERV4-int:ERVK:LTR	1525	162.643208608	8616	9301.44	9371	99.26
8Cell_Ctrl	65852528	L1_Mur1:L1:LINE	7793	211.492839798	8500	8969.04	9356	95.86
8Cell_Ctrl	65852528	MusHAL1:L1:LINE	3890	197.346051591	8338	8878.20	9034	98.28
8Cell_Ctrl	65852528	L1MCa:L1:LINE	3565	260.954412772	8241	8792.45	9007	97.62
8Cell_Ctrl	65852528	RLTR28:ERVL:LTR	1949	255.127307712	8227	8347.84	8438	98.93
8Cell_Ctrl	65852528	MLTR25A:ERVK:LTR	2168	199.164765596	8194	9121.28	9212	99.02
8Cell_Ctrl	65852528	MuLV-int:ERV1:LTR	392	52.900638223	8169	9265.40	9744	95.09
8Cell_Ctrl	65852528	ID2:ID:SINE	5671	426.066997605	8144	8617.01	8670	99.39
8Cell_Ctrl	65852528	RLTR4_MM-int:ERV1:LTR	432	101.706958526	8075	23982.70	24463	98.04
8Cell_Ctrl	65852528	RMER1C:Other:Other	6347	278.699781009	8066	8279.72	8374	98.87
8Cell_Ctrl	65852528	L1MEd:L1:LINE	3245	512.546453726	8042	8749.21	8794	99.49
8Cell_Ctrl	65852528	RLTR17:ERVK:LTR	1758	194.15241039	8003	8245.28	8365	98.57
8Cell_Ctrl	65852528	Lx3C:L1:LINE	6475	224.434073643	7997	8541.08	8665	98.57
8Cell_Ctrl	65852528	RLTR13C2:ERVK:LTR	844	163.803629095	7997	8600.96	8743	98.38
8Cell_Ctrl	65852528	MERV1_I-int:ERV1:LTR	1365	263.589984291	7972	8541.67	8575	99.61
8Cell_Ctrl	65852528	RMER15-int:ERVL:LTR	3100	227.811855999	7966	8223.67	8332	98.70
8Cell_Ctrl	65852528	RLTR15:ERVK:LTR	2437	257.939389646	7943	8034.27	8108	99.09
8Cell_Ctrl	65852528	RMER16-int:ERVK:LTR	2599	170.949670681	7929	8972.01	9136	98.21
8Cell_Ctrl	65852528	ORR1G:ERVL-MaLR:LTR	4680	350.77235305	7879	8118.88	8604	94.36
8Cell_Ctrl	65852528	MTEa-int:ERVL-MaLR:LTR	1368	162.686321097	7866	9576.48	9825	97.47
8Cell_Ctrl	65852528	HAL1:L1:LINE	3550	326.969253017	7854	7958.77	8033	99.08
8Cell_Ctrl	65852528	L1MC4a:L1:LINE	3077	293.805923357	7574	7696.96	7763	99.15
8Cell_Ctrl	65852528	L1MB2:L1:LINE	2927	265.922017171	7383	7568.41	7650	98.93
8Cell_Ctrl	65852528	RMER19B2:ERVK:LTR	2296	172.886731853	7351	7565.52	7683	98.47
8Cell_Ctrl	65852528	L1MA5:L1:LINE	4952	279.412124186	7219	7361.56	7435	99.01
8Cell_Ctrl	65852528	ORR1D1-int:ERVL-MaLR:LTR	1715	146.764196572	7139	7410.44	8154	90.88
8Cell_Ctrl	65852528	MYSERV16_I-int:ERVK:LTR	2516	156.397032901	7105	7498.44	7662	97.87
8Cell_Ctrl	65852528	RLTR31D_MM:ERVK:LTR	8270	315.990332736	7094	7226.52	7321	98.71
8Cell_Ctrl	65852528	RMER6B:ERVK:LTR	1360	201.165657102	7079	7274.80	7369	98.72
8Cell_Ctrl	65852528	MER21C:ERVL:LTR	2261	236.657994273	7056	7159.49	7228	99.05
8Cell_Ctrl	65852528	L1MB4:L1:LINE	2690	249.01761139	6926	7037.76	7134	98.65
8Cell_Ctrl	65852528	RLTR10C:ERVK:LTR	1779	252.216979863	6860	10059.21	10308	97.59
8Cell_Ctrl	65852528	MER33:hAT-Charlie:DNA	2719	294.653496674	6837	7090.81	7126	99.51
8Cell_Ctrl	65852528	MLTR11A:ERVK:LTR	2124	219.106385199	6814	7191.75	7249	99.21
8Cell_Ctrl	65852528	BGLII:ERVK:LTR	2269	209.581669835	6799	7032.35	7190	97.81
8Cell_Ctrl	65852528	RLTR13B2:ERVK:LTR	314	151.400499823	6787	10434.12	10568	98.73
8Cell_Ctrl	65852528	RLTR20A4:ERVK:LTR	11527	370.450508632	6776	6844.09	6917	98.95
8Cell_Ctrl	65852528	RLTR42-int:ERVK:LTR	2473	216.724184241	6759	6893.59	6948	99.22
8Cell_Ctrl	65852528	MER58A:hAT-Charlie:DNA	3714	345.607348046	6716	6777.98	6860	98.80
8Cell_Ctrl	65852528	ID:ID:SINE	8022	363.673953889	6680	6757.40	6794	99.46
8Cell_Ctrl	65852528	MER21B:ERVL:LTR	1618	227.484814897	6674	6810.93	6863	99.24
8Cell_Ctrl	65852528	RLTR13G:ERVK:LTR	877	203.37777534	6574	9802.71	10871	90.17
8Cell_Ctrl	65852528	RMER19C:ERVK:LTR	2729	186.899488666	6534	7319.46	7406	98.83
8Cell_Ctrl	65852528	RMER6D:ERVK:LTR	2411	179.089791896	6524	7969.93	8140	97.91
8Cell_Ctrl	65852528	RLTR40:ERVK:LTR	2651	196.888913346	6514	6912.82	6964	99.27
8Cell_Ctrl	65852528	RMER19A:ERVK:LTR	2095	166.591787444	6450	6680.06	6779	98.54
8Cell_Ctrl	65852528	RMER3D-int:ERVK:LTR	2711	146.393779871	6440	7694.92	7889	97.54
8Cell_Ctrl	65852528	RMER17A2:ERVK:LTR	2598	149.523283472	6427	6571.61	6635	99.04
8Cell_Ctrl	65852528	RLTR21:ERVK:LTR	3816	162.262167957	6393	6570.70	6642	98.93
8Cell_Ctrl	65852528	RLTR25A:ERVK:LTR	1781	174.133909219	6371	8567.40	9084	94.31
8Cell_Ctrl	65852528	L1MEf:L1:LINE	3127	229.136705451	6354	6443.83	6498	99.17
8Cell_Ctrl	65852528	MER58B:hAT-Charlie:DNA	2843	306.091570259	6351	6395.45	6429	99.48
8Cell_Ctrl	65852528	MLT1A:ERVL-MaLR:LTR	4950	300.162833873	6334	6445.67	6515	98.94
8Cell_Ctrl	65852528	RLTR14-int:ERV1:LTR	1816	175.121686147	6294	6634.84	6696	99.09
8Cell_Ctrl	65852528	L1VL1:L1:LINE	1797	78.8039082919	6246	7911.86	8375	94.47
8Cell_Ctrl	65852528	RLTR14:ERV1:LTR	2341	220.430660266	6216	6333.57	6437	98.39
8Cell_Ctrl	65852528	RMER12:ERVK:LTR	3319	203.170240268	6198	6361.08	6419	99.10
8Cell_Ctrl	65852528	ETnERV-int:ERVK:LTR	906	167.985528037	6166	12667.67	19940	63.53
8Cell_Ctrl	65852528	RLTR10:ERVK:LTR	2930	263.641389663	5952	8844.89	9098	97.22
8Cell_Ctrl	65852528	RLTR11B:ERVK:LTR	1049	163.249850408	5913	5993.26	6042	99.19
8Cell_Ctrl	65852528	MER3:hAT-Charlie:DNA	2967	310.305488371	5880	5946.13	5994	99.20
8Cell_Ctrl	65852528	MLTR11B:ERVK:LTR	2985	212.876265187	5849	5942.44	6047	98.27
8Cell_Ctrl	65852528	L1MA4A:L1:LINE	2709	190.413392932	5829	5976.28	6025	99.19
8Cell_Ctrl	65852528	L1MA8:L1:LINE	3882	211.687041926	5829	5961.38	6018	99.06
8Cell_Ctrl	65852528	LTRIS2:ERV1:LTR	1423	183.125859162	5829	7126.86	7295	97.70
8Cell_Ctrl	65852528	L1MD2:L1:LINE	3227	225.268062448	5806	5970.95	6031	99.00
8Cell_Ctrl	65852528	L1MEg:L1:LINE	3797	254.340629322	5774	5928.65	5990	98.98
8Cell_Ctrl	65852528	RLTR9E:ERVK:LTR	1318	166.730238008	5737	6213.59	6391	97.22
8Cell_Ctrl	65852528	L1MC5a:L1:LINE	2588	237.982012627	5682	5766.38	5825	98.99
8Cell_Ctrl	65852528	IAPLTR1_Mm:ERVK:LTR	1492	299.035746151	5670	12925.60	14772	87.50
8Cell_Ctrl	65852528	L1M4b:L1:LINE	2190	180.134153929	5670	5793.35	5833	99.32
8Cell_Ctrl	65852528	RLTR33:ERVK:LTR	1336	144.051696517	5528	5728.52	5786	99.01
8Cell_Ctrl	65852528	L1MDa:L1:LINE	3451	206.333109374	5448	5734.80	5879	97.55
8Cell_Ctrl	65852528	L1MA9:L1:LINE	4587	203.541519543	5431	5509.68	5548	99.31
8Cell_Ctrl	65852528	MER5B:hAT-Charlie:DNA	5140	303.614312914	5365	5695.42	5728	99.43
8Cell_Ctrl	65852528	ERVB4_1B-I_MM-int:ERVK:LTR	1368	87.5948788866	5294	5754.88	5885	97.79
8Cell_Ctrl	65852528	RLTR13C3:ERVK:LTR	538	91.1393138813	5269	6479.33	6601	98.16
8Cell_Ctrl	65852528	ORR1C2-int:ERVL-MaLR:LTR	914	86.9296745544	5223	5472.82	5887	92.96
8Cell_Ctrl	65852528	RMER2:ERV1:LTR	2358	174.55646434	5192	5514.21	5658	97.46
8Cell_Ctrl	65852528	MLT1J:ERVL-MaLR:LTR	2943	240.117807078	5067	5112.70	5153	99.22
8Cell_Ctrl	65852528	RLTR16:ERVK:LTR	1350	149.180954252	4943	5055.90	5133	98.50
8Cell_Ctrl	65852528	MuRRS4-int:ERV1:LTR	2735	103.841416118	4912	5575.88	5751	96.95
8Cell_Ctrl	65852528	ERVB4_1C-LTR_Mm:ERVK:LTR	961	162.86892369	4898	6690.26	8098	82.62
8Cell_Ctrl	65852528	RLTR31B2:ERVK:LTR	1192	169.826612277	4878	4971.12	5098	97.51
8Cell_Ctrl	65852528	IAPLTR2a2_Mm:ERVK:LTR	1541	141.226708886	4753	5128.06	5295	96.85
8Cell_Ctrl	65852528	L1ME2:L1:LINE	2633	187.315462886	4725	4801.55	4858	98.84
8Cell_Ctrl	65852528	RMER12C:ERVK:LTR	4954	187.887122345	4700	4899.95	4977	98.45
8Cell_Ctrl	65852528	LTRIS_Mus:ERV1:LTR	919	117.028028047	4699	4898.59	4982	98.33
8Cell_Ctrl	65852528	L1ME4b:L1:LINE	1818	187.563616765	4697	4760.76	4802	99.14
8Cell_Ctrl	65852528	RLTR22_Mur:ERVK:LTR	2503	136.769723009	4672	4989.99	5074	98.34
8Cell_Ctrl	65852528	RMER17C2:ERVK:LTR	3413	204.860771121	4662	4828.41	4924	98.06
8Cell_Ctrl	65852528	RLTR13D3A1:ERVK:LTR	613	97.4525002819	4572	4685.41	4732	99.02
8Cell_Ctrl	65852528	IAPLTR2_Mm:ERVK:LTR	1388	160.620221384	4486	5711.24	5940	96.15
8Cell_Ctrl	65852528	RMER30:hAT-Charlie:DNA	3588	230.476471899	4476	4534.88	4565	99.34
8Cell_Ctrl	65852528	L1MB1:L1:LINE	2524	162.535689447	4459	4763.81	4857	98.08
8Cell_Ctrl	65852528	RMER17A:ERVK:LTR	1819	144.921464429	4421	4681.75	4740	98.77
8Cell_Ctrl	65852528	L1MA7:L1:LINE	3250	170.709132204	4413	4499.23	4575	98.34
8Cell_Ctrl	65852528	RMER13B:ERVK:LTR	2134	114.846463295	4402	4601.03	4684	98.23
8Cell_Ctrl	65852528	L1M4c:L1:LINE	2049	138.828170323	4371	4502.33	4537	99.24
8Cell_Ctrl	65852528	MER89:ERV1:LTR	614	149.626701275	4256	5093.04	5097	99.92
8Cell_Ctrl	65852528	BGLII_B:ERVK:LTR	960	126.063921162	4245	4353.45	4408	98.76
8Cell_Ctrl	65852528	MurERV4_19-int:ERVK:LTR	969	79.3014173201	4211	4336.59	4385	98.90
8Cell_Ctrl	65852528	RLTR20C2_MM:ERVK:LTR	3620	144.559400538	4168	4306.61	4385	98.21
8Cell_Ctrl	65852528	RLTR51A_Mm:ERVK?:LTR	3523	181.00106751	4157	4360.01	4440	98.20
8Cell_Ctrl	65852528	L1MD3:L1:LINE	2480	172.35691347	4136	4186.25	4228	99.01
8Cell_Ctrl	65852528	RLTR12B:ERVK:LTR	909	116.444825406	4131	4397.33	4462	98.55
8Cell_Ctrl	65852528	L1MC2:L1:LINE	2252	143.184413243	4128	4285.51	4348	98.56
8Cell_Ctrl	65852528	MER31B:ERV1:LTR	558	120.784287215	4112	4119.04	4125	99.86
8Cell_Ctrl	65852528	L1MD1:L1:LINE	2268	152.579573265	4105	4200.01	4271	98.34
8Cell_Ctrl	65852528	ERVB2_1A-I_MM-int:ERVK:LTR	289	67.0664918318	4094	4463.99	4591	97.23
8Cell_Ctrl	65852528	RMER20C_Mm:ERVK:LTR	1595	122.931776017	4076	4638.96	4707	98.55
8Cell_Ctrl	65852528	RLTR12BD_Mm:ERVK:LTR	883	122.049252062	4037	4230.76	4288	98.67
8Cell_Ctrl	65852528	RLTR31C_MM:ERVK:LTR	726	109.292386762	4024	4065.39	4104	99.06
8Cell_Ctrl	65852528	MT-int:ERVL-MaLR:LTR	438	436.978364278	3965	19268.34	48085	40.07
8Cell_Ctrl	65852528	ORR1E-int:ERVL-MaLR:LTR	1446	95.8689569184	3950	4314.97	5286	81.63
8Cell_Ctrl	65852528	Charlie1:hAT-Charlie:DNA	977	123.04031248	3924	4001.40	4041	99.02
8Cell_Ctrl	65852528	MLT1F:ERVL-MaLR:LTR	1561	175.620107625	3909	3961.12	3997	99.10
8Cell_Ctrl	65852528	MTB-int:ERVL-MaLR:LTR	592	65.8844645687	3883	4396.07	9298	47.28
8Cell_Ctrl	65852528	MERVK26-int:ERVK:LTR	1001	86.8731423205	3864	4096.82	4130	99.20
8Cell_Ctrl	65852528	ORR1B2-int:ERVL-MaLR:LTR	857	74.0141256048	3850	3992.92	4340	92.00
8Cell_Ctrl	65852528	RLTR24:ERV1:LTR	1240	122.483496435	3840	3870.87	3898	99.30
8Cell_Ctrl	65852528	RMER17D:ERVK:LTR	1166	104.605475251	3796	4125.39	4139	99.67
8Cell_Ctrl	65852528	MLT1F2:ERVL-MaLR:LTR	2297	148.257795897	3775	3830.98	3867	99.07
8Cell_Ctrl	65852528	ORR1C1-int:ERVL-MaLR:LTR	783	66.9130119534	3760	3986.03	4092	97.41
8Cell_Ctrl	65852528	RLTR18B:ERVK:LTR	989	108.257676811	3751	3865.81	3908	98.92
8Cell_Ctrl	65852528	MER5A1:hAT-Charlie:DNA	3905	224.687989055	3711	3755.30	3786	99.19
8Cell_Ctrl	65852528	RMER17B2:ERVK:LTR	898	93.17551637	3699	4515.54	4581	98.57
8Cell_Ctrl	65852528	RLTR12C:ERVK:LTR	319	101.886631148	3675	3877.63	4008	96.75
8Cell_Ctrl	65852528	RLTR18:ERVK:LTR	610	84.5145038504	3667	3765.94	3803	99.03
8Cell_Ctrl	65852528	RMER13A2:ERVK:LTR	1473	101.169414864	3642	3762.02	3806	98.84
8Cell_Ctrl	65852528	ORR1D2-int:ERVL-MaLR:LTR	1361	89.4788947186	3633	3782.29	4233	89.35
8Cell_Ctrl	65852528	MLT1F1:ERVL-MaLR:LTR	1608	156.228280581	3599	3641.10	3673	99.13
8Cell_Ctrl	65852528	RMER16_Mm:ERVK:LTR	435	83.6367883754	3595	3677.75	3726	98.71
8Cell_Ctrl	65852528	RLTR9D:ERVK:LTR	803	103.820459535	3588	3766.59	3857	97.66
8Cell_Ctrl	65852528	L1Md_Gf:L1:LINE	1080	81.6858680547	3573	8843.38	20006	44.20
8Cell_Ctrl	65852528	Tigger1:TcMar-Tigger:DNA	1025	119.731901358	3533	3680.84	3713	99.13
8Cell_Ctrl	65852528	MTE2b-int:ERVL-MaLR:LTR	729	57.8692810301	3530	3654.31	3702	98.71
8Cell_Ctrl	65852528	MLT1K:ERVL-MaLR:LTR	2759	173.568792882	3514	3669.07	3714	98.79
8Cell_Ctrl	65852528	RLTR41:ERV1:LTR	1121	96.4215318607	3510	3640.49	3783	96.23
8Cell_Ctrl	65852528	L1ME2z:L1:LINE	1533	139.269424951	3506	3762.46	3789	99.30
8Cell_Ctrl	65852528	RMER13A1:ERVK:LTR	1082	86.7679468585	3458	3605.55	3659	98.54
8Cell_Ctrl	65852528	IAPEY4_I-int:ERVK:LTR	521	53.5340477663	3450	6656.19	7017	94.86
8Cell_Ctrl	65852528	RLTR12A:ERVK:LTR	829	89.9903556919	3357	3408.78	3439	99.12
8Cell_Ctrl	65852528	MER44B:TcMar-Tigger:DNA	1493	126.097735591	3349	3411.78	3440	99.18
8Cell_Ctrl	65852528	ERVL-B4-int:ERVL:LTR	1384	82.5633692711	3342	4031.26	6378	63.21
8Cell_Ctrl	65852528	MYSERV-int:ERVK:LTR	1435	89.4943541158	3325	3448.16	3501	98.49
8Cell_Ctrl	65852528	MLT1E2:ERVL-MaLR:LTR	1821	133.034266697	3315	3347.20	3376	99.15
8Cell_Ctrl	65852528	RMER20A:ERVK:LTR	1559	106.976875937	3302	3686.03	3743	98.48
8Cell_Ctrl	65852528	IAPEY3-int:ERVK:LTR	2345	59.6246439647	3298	3793.75	3861	98.26
8Cell_Ctrl	65852528	MER68:ERVL:LTR	637	97.3504481008	3254	3319.27	3359	98.82
8Cell_Ctrl	65852528	RLTR11C_MM:ERVK:LTR	858	94.2399213418	3253	3308.13	3325	99.49
8Cell_Ctrl	65852528	L1ME3Cz:L1:LINE	1051	116.445209917	3233	3259.85	3281	99.36
8Cell_Ctrl	65852528	RLTR9A:ERVK:LTR	648	80.5274902127	3226	3480.77	3582	97.17
8Cell_Ctrl	65852528	BGLII_B2:ERVK:LTR	359	89.4223799038	3174	3499.14	3701	94.55
8Cell_Ctrl	65852528	Tigger17a:TcMar-Tigger:DNA	908	97.6119375062	3148	3188.59	3211	99.30
8Cell_Ctrl	65852528	Cheshire:hAT-Charlie:DNA	1091	115.66018904	3122	3151.91	3181	99.09
8Cell_Ctrl	65852528	L1ME4a:L1:LINE	1560	137.85528916	3120	3140.24	3166	99.19
8Cell_Ctrl	65852528	Charlie8:hAT-Charlie:DNA	728	122.164451364	3101	3133.18	3149	99.50
8Cell_Ctrl	65852528	RLTR23:ERV1:LTR	1524	106.391913243	3101	3154.09	3210	98.26
8Cell_Ctrl	65852528	L1ME3A:L1:LINE	2086	136.267736752	3075	3127.42	3165	98.81
8Cell_Ctrl	65852528	Charlie1b:hAT-Charlie:DNA	952	125.709787612	3056	3329.85	3298	100.97
8Cell_Ctrl	65852528	MuRRS-int:ERV1:LTR	996	30.8639922626	3051	3663.68	3772	97.13
8Cell_Ctrl	65852528	Tigger5:TcMar-Tigger:DNA	1975	140.646072732	3039	3081.23	3123	98.66
8Cell_Ctrl	65852528	RLTR31M:ERVK:LTR	264	52.068872396	3015	3041.06	3046	99.84
8Cell_Ctrl	65852528	L1MA5A:L1:LINE	1231	92.0359248236	3014	3080.27	3111	99.01
8Cell_Ctrl	65852528	RMER6BA:ERVK:LTR	957	95.5734397311	2999	3157.95	3228	97.83
8Cell_Ctrl	65852528	L3b:CR1:LINE	2304	185.149779009	2980	3099.57	3118	99.41
8Cell_Ctrl	65852528	Tigger5b:TcMar-Tigger:DNA	2473	151.030931682	2979	3003.88	3030	99.14
8Cell_Ctrl	65852528	RLTR20C1_MM:ERVK:LTR	5561	152.656486855	2977	3104.81	3133	99.10
8Cell_Ctrl	65852528	RLTR12D:ERVK:LTR	647	91.9427271563	2962	3013.25	3047	98.89
8Cell_Ctrl	65852528	L1ME3:L1:LINE	1527	116.888512851	2954	3003.49	3033	99.03
8Cell_Ctrl	65852528	ORR1D-int:ERVL-MaLR:LTR	878	74.2886808385	2952	3531.02	3623	97.46
8Cell_Ctrl	65852528	MMERVK10D3_I-int:ERVK:LTR	458	29.2786950065	2882	3059.58	3096	98.82
8Cell_Ctrl	65852528	RLTR13E:ERVK:LTR	603	60.3947199771	2869	3123.35	3299	94.68
8Cell_Ctrl	65852528	RLTR20D:ERVK:LTR	777	84.7833307764	2861	2906.88	2929	99.24
8Cell_Ctrl	65852528	RLTR17D_Mm:ERVK:LTR	1225	67.2522913343	2859	2955.93	2991	98.83
8Cell_Ctrl	65852528	RMER20B:ERVK:LTR	1949	99.7458113892	2838	2903.38	2935	98.92
8Cell_Ctrl	65852528	MLT1H:ERVL-MaLR:LTR	2322	134.378046078	2821	2863.16	2898	98.80
8Cell_Ctrl	65852528	RMER21A:ERV1:LTR	622	82.3025265356	2769	2936.70	2983	98.45
8Cell_Ctrl	65852528	Charlie5:hAT-Charlie:DNA	1547	139.044924952	2762	2798.34	2822	99.16
8Cell_Ctrl	65852528	RMER21B:ERV1:LTR	1252	95.9990674733	2746	2787.19	2816	98.98
8Cell_Ctrl	65852528	ERVB7_1-LTR_MM:ERVK:LTR	770	119.339311011	2721	4088.20	5154	79.32
8Cell_Ctrl	65852528	MLTR31D_MM:ERVK:LTR	318	56.9588068716	2674	2806.12	2847	98.56
8Cell_Ctrl	65852528	MURVY-LTR:ERV1:LTR	1910	91.4875034237	2659	2881.87	2933	98.26
8Cell_Ctrl	65852528	RLTR12E:ERVK:LTR	615	71.8056675563	2649	2687.88	2722	98.75
8Cell_Ctrl	65852528	Kanga1:TcMar-Tc2:DNA	321	55.0883122236	2615	2632.84	2637	99.84
8Cell_Ctrl	65852528	MER44D:TcMar-Tigger:DNA	940	78.9703165109	2519	2573.78	2594	99.22
8Cell_Ctrl	65852528	MTB_Mm-int:ERVL-MaLR:LTR	379	35.6523753317	2502	2599.46	2632	98.76
8Cell_Ctrl	65852528	RMER16A2:ERVK:LTR	273	122.590573926	2494	4891.60	5597	87.40
8Cell_Ctrl	65852528	Charlie4a:hAT-Charlie:DNA	1121	109.486742569	2487	2504.85	2533	98.89
8Cell_Ctrl	65852528	RMER17D2:ERVK:LTR	1783	82.3345357628	2460	2634.24	2686	98.07
8Cell_Ctrl	65852528	RLTR34B_MM:ERVK:LTR	527	69.2568165905	2457	2487.09	2508	99.17
8Cell_Ctrl	65852528	MMAR1:TcMar-Mariner:DNA	309	55.656026856	2453	2506.24	2517	99.57
8Cell_Ctrl	65852528	RLTR30D2_MM:ERV1:LTR	741	69.0958183235	2451	2509.11	2554	98.24
8Cell_Ctrl	65852528	RMER13A:ERVK:LTR	1010	80.9565409282	2443	2561.24	2606	98.28
8Cell_Ctrl	65852528	RLTR19:ERVK:LTR	944	83.8538815611	2417	2792.95	2878	97.04
8Cell_Ctrl	65852528	RLTR22_Mus:ERVK:LTR	1191	64.6014076101	2410	2538.24	2558	99.23
8Cell_Ctrl	65852528	RLTR10A:ERVK:LTR	800	78.6320669989	2366	2544.49	2617	97.23
8Cell_Ctrl	65852528	SRV_MM-int:ERVK:LTR	129	24.7649229871	2352	2463.63	2475	99.54
8Cell_Ctrl	65852528	RLTR14_RN:ERV1:LTR	1148	83.3183279077	2315	2404.04	2441	98.49
8Cell_Ctrl	65852528	RMER16:ERVK:LTR	471	60.8628958544	2302	2366.64	2414	98.04
8Cell_Ctrl	65852528	RLTR20B3:ERVK:LTR	974	75.1426742566	2273	2300.55	2322	99.08
8Cell_Ctrl	65852528	ERVB4_1B-LTR_MM:ERVK:LTR	648	66.1708055955	2268	2575.45	2663	96.71
8Cell_Ctrl	65852528	RLTR20A3_MM:ERVK:LTR	880	79.0690168692	2210	2327.26	2358	98.70
8Cell_Ctrl	65852528	BGLII_Mur:ERVK:LTR	611	64.6796500956	2186	2222.97	2254	98.62
8Cell_Ctrl	65852528	MLT1G3:ERVL-MaLR:LTR	1075	91.2049641037	2181	2206.31	2224	99.20
8Cell_Ctrl	65852528	HAL1M8:L1:LINE	710	73.126923393	2147	2184.03	2205	99.05
8Cell_Ctrl	65852528	MLTR18D_MM:ERVK:LTR	620	51.8354869914	2120	2164.59	2190	98.84
8Cell_Ctrl	65852528	RLTR48A:ERV1:LTR	635	64.7155292483	2120	2534.26	2574	98.46
8Cell_Ctrl	65852528	MLT1L:ERVL-MaLR:LTR	1535	99.1844362784	2112	2140.01	2158	99.17
8Cell_Ctrl	65852528	Lx2A1:L1:LINE	2739	67.3512468582	2091	2250.48	2362	95.28
8Cell_Ctrl	65852528	RLTR44-int:ERVK:LTR	653	37.8946486709	2088	2209.76	2240	98.65
8Cell_Ctrl	65852528	RLTR13D6:ERVK:LTR	805	48.1380684595	2087	2164.50	2190	98.84
8Cell_Ctrl	65852528	U6:snRNA:snRNA	1353	112.41696953	2083	2102.55	2118	99.27
8Cell_Ctrl	65852528	RLTR13B3:ERVK:LTR	265	39.1905126301	2068	2530.16	2544	99.46
8Cell_Ctrl	65852528	IAPLTR1a_Mm:ERVK:LTR	1786	107.811240229	2066	3463.93	4284	80.86
8Cell_Ctrl	65852528	LTR33:ERVL:LTR	1466	98.9972427381	2063	2090.11	2110	99.06
8Cell_Ctrl	65852528	RLTR6_Mm:ERV1:LTR	237	62.8076476282	2058	3485.67	3922	88.87
8Cell_Ctrl	65852528	L1M4a2:L1:LINE	736	70.6038266511	2024	2049.14	2065	99.23
8Cell_Ctrl	65852528	RMER12B:ERVK:LTR	1011	52.9643816723	2014	2168.25	2188	99.10
8Cell_Ctrl	65852528	MRLTR33:ERVK:LTR	624	74.1962590249	2008	2122.26	2153	98.57
8Cell_Ctrl	65852528	LTR10_RN:ERVK:LTR	546	61.2348471101	2007	2052.43	2073	99.01
8Cell_Ctrl	65852528	RLTR20B2:ERVK:LTR	880	65.1804651462	1973	2002.40	2022	99.03
8Cell_Ctrl	65852528	IAPLTR2b:ERVK:LTR	1017	64.6505870634	1970	2114.99	2233	94.72
8Cell_Ctrl	65852528	RLTR4_Mm:ERV1:LTR	239	93.4563829449	1958	5460.77	5796	94.22
8Cell_Ctrl	65852528	U2:snRNA:snRNA	921	156.94101492	1956	3652.91	3662	99.75
8Cell_Ctrl	65852528	RLTR34C_MM:ERVK:LTR	402	50.6976841664	1954	1981.06	2000	99.05
8Cell_Ctrl	65852528	Tigger13a:TcMar-Tigger:DNA	645	80.1455374711	1944	1953.14	1966	99.35
8Cell_Ctrl	65852528	MMERGLN_LTR:ERV1:LTR	435	52.9616055402	1939	2284.42	2504	91.23
8Cell_Ctrl	65852528	RLTR20B3A_MM:ERVK:LTR	843	53.0677895529	1911	1963.79	1997	98.34
8Cell_Ctrl	65852528	ERVB7_2B-LTR_MM:ERVK:LTR	710	55.8670341384	1901	2216.82	2276	97.40
8Cell_Ctrl	65852528	MLT2B3:ERVL:LTR	1483	79.0522253547	1900	1948.30	1975	98.65
8Cell_Ctrl	65852528	MLT-int:ERVL-MaLR:LTR	846	60.5410604936	1893	1907.42	1921	99.29
8Cell_Ctrl	65852528	Tigger15a:TcMar-Tigger:DNA	704	87.9214757611	1880	1898.93	1911	99.37
8Cell_Ctrl	65852528	RLTR16B_MM:ERVK:LTR	635	57.3742018787	1878	1970.55	2003	98.38
8Cell_Ctrl	65852528	RLTR20B1:ERVK:LTR	668	62.1331479151	1869	2304.74	2331	98.87
8Cell_Ctrl	65852528	ERVB3_1-I_MM-int:ERVK:LTR	134	28.5571803215	1860	1916.97	1938	98.91
8Cell_Ctrl	65852528	MLT2B4:ERVL:LTR	1871	82.6180714686	1836	1872.05	1898	98.63
8Cell_Ctrl	65852528	RLTR13C1:ERVK:LTR	309	31.8403414189	1836	1893.18	1912	99.02
8Cell_Ctrl	65852528	ERVL-E-int:ERVL:LTR	1044	65.1798702035	1835	1903.45	1922	99.03
8Cell_Ctrl	65852528	RLTR13D5:ERVK:LTR	745	49.6189963581	1797	2563.54	2732	93.83
8Cell_Ctrl	65852528	U17:snRNA:snRNA	24	81.0636093353	1788	1788.00	1788	100.00
8Cell_Ctrl	65852528	HAL1ME:L1:LINE	900	74.1790639206	1785	1805.00	1818	99.28
8Cell_Ctrl	65852528	RLTR49:ERVK:LTR	933	65.1893727863	1777	1838.23	1891	97.21
8Cell_Ctrl	65852528	Tigger6a:TcMar-Tigger:DNA	369	57.6471149526	1753	1777.97	1799	98.83
8Cell_Ctrl	65852528	RLTR30E_MM:ERV1:LTR	320	49.9777663804	1751	1764.79	1781	99.09
8Cell_Ctrl	65852528	RLTR13A1:ERVK:LTR	205	31.6230483914	1739	2011.15	2029	99.12
8Cell_Ctrl	65852528	IAP-d-int:ERVK:LTR	1323	44.0771125508	1706	2003.08	2076	96.49
8Cell_Ctrl	65852528	MERV1_LTR:ERV1:LTR	615	54.8196674257	1694	1815.63	1855	97.88
8Cell_Ctrl	65852528	RLTR20B5_MM:ERVK:LTR	868	63.3306074657	1689	1719.13	1744	98.57
8Cell_Ctrl	65852528	MLTR73:ERV1:LTR	956	75.7512794463	1684	1700.31	1713	99.26
8Cell_Ctrl	65852528	LTR16D:ERVL:LTR	185	57.6744914888	1670	1700.43	1704	99.79
8Cell_Ctrl	65852528	RLTR1A2_MM:ERV1:LTR	406	44.5392657594	1665	1730.87	1773	97.62
8Cell_Ctrl	65852528	MLT1E1A:ERVL-MaLR:LTR	1154	64.3146014672	1659	1680.34	1702	98.73
8Cell_Ctrl	65852528	RLTR11D:ERVK:LTR	529	51.69919104	1658	1704.10	1724	98.85
8Cell_Ctrl	65852528	IAP1-MM_I-int:ERVK:LTR	479	45.8019672636	1648	1726.26	1753	98.47
8Cell_Ctrl	65852528	RLTR31_Mur:ERVK:LTR	354	48.1792768093	1648	2141.17	2321	92.25
8Cell_Ctrl	65852528	Charlie2b:hAT-Charlie:DNA	884	61.8964329036	1644	1718.82	1739	98.84
8Cell_Ctrl	65852528	MER68B:ERVL:LTR	237	68.3731213938	1637	1657.31	1668	99.36
8Cell_Ctrl	65852528	MLT2D:ERVL:LTR	1567	76.1342270945	1634	1661.44	1688	98.43
8Cell_Ctrl	65852528	L1ME4c:L1:LINE	968	76.2136721853	1619	1640.98	1661	98.79
8Cell_Ctrl	65852528	RLTR13B4:ERVK:LTR	412	28.6695312397	1591	1642.38	1667	98.52
8Cell_Ctrl	65852528	MER2B:TcMar-Tigger:DNA	1093	84.7383420078	1590	1601.06	1616	99.08
8Cell_Ctrl	65852528	RMER16B2:ERVK:LTR	329	46.3009915306	1574	1604.41	1631	98.37
8Cell_Ctrl	65852528	Tigger10:TcMar-Tigger:DNA	242	50.0478251336	1566	1585.32	1595	99.39
8Cell_Ctrl	65852528	Charlie6:hAT-Charlie:DNA	148	36.5581788444	1561	1584.85	1589	99.74
8Cell_Ctrl	65852528	MER20B:hAT-Charlie:DNA	831	66.1389523011	1561	1573.15	1585	99.25
8Cell_Ctrl	65852528	RLTR6B_Mm:ERV1:LTR	646	50.0682274519	1555	2126.26	2455	86.61
8Cell_Ctrl	65852528	MER103C:hAT-Charlie:DNA	1072	79.9734694012	1545	1549.50	1558	99.45
8Cell_Ctrl	65852528	IAPLTR2a:ERVK:LTR	627	57.8534060067	1542	1755.02	1866	94.05
8Cell_Ctrl	65852528	RLTR26_Mus:ERVK:LTR	1091	57.1266097856	1533	1749.92	1799	97.27
8Cell_Ctrl	65852528	RLTR10B2:ERVK:LTR	854	60.0064719792	1524	1609.39	1670	96.37
8Cell_Ctrl	65852528	MLT1G:ERVL-MaLR:LTR	896	67.0345554215	1521	1532.11	1539	99.55
8Cell_Ctrl	65852528	MLT2B1:ERVL:LTR	1637	64.5979963704	1508	1531.46	1557	98.36
8Cell_Ctrl	65852528	RLTR13D3:ERVK:LTR	339	30.9550299785	1496	1732.43	1709	101.37
8Cell_Ctrl	65852528	MLT2B2:ERVL:LTR	1351	57.1016868857	1480	1497.32	1508	99.29
8Cell_Ctrl	65852528	MER53:hAT:DNA	1693	79.2987657079	1476	1493.93	1502	99.46
8Cell_Ctrl	65852528	RLTR1C:ERV1:LTR	697	43.0740110699	1469	1635.28	1664	98.27
8Cell_Ctrl	65852528	L1ME3G:L1:LINE	1161	68.1527609955	1465	1497.33	1511	99.10
8Cell_Ctrl	65852528	RLTR20A2:ERVK:LTR	368	46.1503459384	1461	1567.32	1582	99.07
8Cell_Ctrl	65852528	Tigger19a:TcMar-Tigger:DNA	771	74.4010529044	1459	1483.43	1510	98.24
8Cell_Ctrl	65852528	MER77:ERVL:LTR	570	52.8554264057	1451	1465.93	1479	99.12
8Cell_Ctrl	65852528	MLT1H1:ERVL-MaLR:LTR	1001	59.1546570298	1437	1456.28	1469	99.13
8Cell_Ctrl	65852528	RMER17A-int:ERVK:LTR	409	36.1750239495	1432	1464.45	1482	98.82
8Cell_Ctrl	65852528	RLTR27:ERVK:LTR	1621	45.0603223932	1430	1477.06	1502	98.34
8Cell_Ctrl	65852528	LTR16A:ERVL:LTR	1472	70.2667756407	1423	1444.43	1461	98.87
8Cell_Ctrl	65852528	MLT1G1:ERVL-MaLR:LTR	1080	73.5640675631	1423	1763.91	1779	99.15
8Cell_Ctrl	65852528	MER63C:hAT-Blackjack:DNA	414	37.149975853	1420	1452.99	1473	98.64
8Cell_Ctrl	65852528	MLTR18_MM:ERVK:LTR	427	43.5224902477	1398	1420.84	1438	98.81
8Cell_Ctrl	65852528	RMER16C:ERVK:LTR	190	29.040792213	1398	1430.24	1452	98.50
8Cell_Ctrl	65852528	IAPEY_LTR:ERVK:LTR	1410	46.2545339628	1385	1513.66	1548	97.78
8Cell_Ctrl	65852528	RLTR44C:ERVK:LTR	198	34.4449944661	1384	1658.87	1679	98.80
8Cell_Ctrl	65852528	BGLII_Mus:ERVK:LTR	615	48.9483463112	1378	1423.50	1449	98.24
8Cell_Ctrl	65852528	Charlie7:hAT-Charlie:DNA	844	53.4839520637	1361	1389.01	1400	99.22
8Cell_Ctrl	65852528	MARNA:TcMar-Mariner:DNA	562	64.8968551414	1359	1367.18	1377	99.29
8Cell_Ctrl	65852528	MLT1I:ERVL-MaLR:LTR	1777	76.7548223033	1358	1374.37	1393	98.66
8Cell_Ctrl	65852528	MTEb-int:ERVL-MaLR:LTR	635	36.426819831	1356	1410.78	1442	97.84
8Cell_Ctrl	65852528	RLTR28B:ERVL:LTR	428	42.6173635457	1329	1345.00	1359	98.97
8Cell_Ctrl	65852528	U1:snRNA:snRNA	329	137.619404308	1313	2667.37	2717	98.17
8Cell_Ctrl	65852528	MLTR12:ERV1:LTR	477	47.7686969892	1311	1333.18	1351	98.68
8Cell_Ctrl	65852528	MER77B:ERVL:LTR	505	48.4960933613	1309	1321.50	1334	99.06
8Cell_Ctrl	65852528	LTR48:ERV1:LTR	651	57.3129394466	1297	1309.23	1328	98.59
8Cell_Ctrl	65852528	ORR1F-int:ERVL-MaLR:LTR	395	32.8271514772	1296	1363.86	1880	72.55
8Cell_Ctrl	65852528	RLTR19B:ERVK:LTR	224	30.7534431601	1290	1319.91	1335	98.87
8Cell_Ctrl	65852528	MLTR18C_MM:ERVK:LTR	468	35.589827041	1288	1330.91	1351	98.51
8Cell_Ctrl	65852528	LFSINE_Vert:tRNA:SINE	1208	70.462682509	1267	1280.67	1287	99.51
8Cell_Ctrl	65852528	LTR72_RN:ERV1:LTR	1000	55.8786840013	1266	1401.22	1426	98.26
8Cell_Ctrl	65852528	4.5SRNA:scRNA:scRNA	1517	84.3880374021	1263	1448.58	1462	99.08
8Cell_Ctrl	65852528	Charlie12:hAT-Charlie:DNA	902	54.8599490803	1259	1281.96	1304	98.31
8Cell_Ctrl	65852528	RLTR9A3:ERVK:LTR	774	40.5824918648	1259	1302.29	1330	97.92
8Cell_Ctrl	65852528	AmnSINE1:Deu:SINE	1311	79.9339376875	1244	1253.51	1266	99.01
8Cell_Ctrl	65852528	MLTR31FA_MM:ERVK:LTR	525	36.9092494812	1239	1268.59	1292	98.19
8Cell_Ctrl	65852528	MLTR18B_MM:ERVK:LTR	468	45.363910494	1237	1793.29	1810	99.08
8Cell_Ctrl	65852528	RLTR8:ERVK:LTR	241	38.5381569874	1232	1325.76	1343	98.72
8Cell_Ctrl	65852528	L1M3e:L1:LINE	652	45.8501407094	1226	1257.38	1269	99.08
8Cell_Ctrl	65852528	RLTR34D_MM:ERVK:LTR	410	36.9092372052	1226	1270.39	1305	97.35
8Cell_Ctrl	65852528	MTE2a-int:ERVL-MaLR:LTR	795	29.9453793226	1220	1266.51	1284	98.64
8Cell_Ctrl	65852528	RLTR31B_Mm:ERVK:LTR	349	34.8179444689	1215	1295.96	1311	98.85
8Cell_Ctrl	65852528	L1ME3B:L1:LINE	735	53.5679366573	1210	1224.01	1231	99.43
8Cell_Ctrl	65852528	MER31A:ERV1:LTR	707	49.1976477505	1209	1219.86	1232	99.01
8Cell_Ctrl	65852528	IAPEy-int:ERVK:LTR	755	26.3864254271	1205	1695.13	1736	97.65
8Cell_Ctrl	65852528	L1M1:L1:LINE	881	64.1246658116	1202	1227.93	1244	98.71
8Cell_Ctrl	65852528	5S:rRNA:rRNA	1038	72.6884859255	1200	1220.31	1225	99.62
8Cell_Ctrl	65852528	RLTR18-int:ERVK:LTR	506	42.8240885086	1199	1316.59	1357	97.02
8Cell_Ctrl	65852528	MLTR31A_MM:ERVK:LTR	352	32.1687543984	1198	1228.66	1246	98.61
8Cell_Ctrl	65852528	MER44A:TcMar-Tigger:DNA	661	51.7603259704	1196	1208.09	1215	99.43
8Cell_Ctrl	65852528	MER102b:hAT-Charlie:DNA	507	52.2448117575	1195	1220.33	1232	99.05
8Cell_Ctrl	65852528	ERVB4_1-I_MM-int:ERVK:LTR	296	18.1039539447	1194	1305.85	1322	98.78
8Cell_Ctrl	65852528	MLT1E3:ERVL-MaLR:LTR	1020	53.3220365567	1190	1198.31	1207	99.28
8Cell_Ctrl	65852528	LTR16C:ERVL:LTR	1352	59.7600313431	1184	1197.68	1207	99.23
8Cell_Ctrl	65852528	LTR50:ERVL:LTR	549	74.380046489	1178	1371.25	1378	99.51
8Cell_Ctrl	65852528	Tigger17c:TcMar-Tigger:DNA	649	50.7999082509	1177	1200.18	1222	98.21
8Cell_Ctrl	65852528	MER46C:TcMar-Tigger:DNA	788	60.2241488901	1168	1176.30	1182	99.52
8Cell_Ctrl	65852528	RLTR51B_Mm:ERVK?:LTR	662	47.4620500556	1164	1209.30	1236	97.84
8Cell_Ctrl	65852528	MLTR31F_MM:ERVK:LTR	403	39.021870261	1163	1190.92	1216	97.94
8Cell_Ctrl	65852528	LTRIS_Mm:ERV1:LTR	555	41.3786450529	1157	1436.68	1471	97.67
8Cell_Ctrl	65852528	IAPLTR3-int:ERVK:LTR	1773	22.9644807594	1152	1376.53	1410	97.63
8Cell_Ctrl	65852528	RLTR50B:ERVK:LTR	334	28.8398235002	1148	1193.53	1220	97.83
8Cell_Ctrl	65852528	LTRIS4A:ERV1:LTR	228	33.2460741542	1141	1222.79	1222	100.06
8Cell_Ctrl	65852528	MER58C:hAT-Charlie:DNA	436	56.6223141964	1141	1154.59	1159	99.62
8Cell_Ctrl	65852528	RLTR19A:ERVK:LTR	153	50.1750855742	1137	1145.79	1163	98.52
8Cell_Ctrl	65852528	RLTR30:ERV1:LTR	390	39.5963562315	1125	1137.22	1149	98.97
8Cell_Ctrl	65852528	RLTR1D:ERV1:LTR	305	30.6384936255	1105	1257.42	1273	98.78
8Cell_Ctrl	65852528	L1M4a1:L1:LINE	607	44.8368624141	1095	1109.83	1120	99.09
8Cell_Ctrl	65852528	IAPEY2_LTR:ERVK:LTR	1062	41.3114470748	1093	1141.84	1184	96.44
8Cell_Ctrl	65852528	MER74A:ERVL:LTR	731	47.1008331107	1091	1103.53	1118	98.71
8Cell_Ctrl	65852528	RLTR12G:ERVK:LTR	238	31.0218102242	1087	1104.67	1113	99.25
8Cell_Ctrl	65852528	RLTR13A3:ERVK:LTR	243	22.2549771328	1086	1320.15	1367	96.57
8Cell_Ctrl	65852528	RLTR53_Mm:ERVK:LTR	481	41.4156782361	1083	1101.46	1111	99.14
8Cell_Ctrl	65852528	LTR41:ERVL:LTR	506	50.41649689	1081	1106.45	1120	98.79
8Cell_Ctrl	65852528	RLTR48B:ERV1:LTR	110	25.9441731674	1074	1089.56	1104	98.69
8Cell_Ctrl	65852528	RLTR20A2B_MM:ERVK:LTR	438	36.3517684729	1057	1075.12	1086	99.00
8Cell_Ctrl	65852528	BGLII_A:ERVK:LTR	292	38.3282571317	1048	1205.88	1243	97.01
8Cell_Ctrl	65852528	RLTR1D2_MM:ERV1:LTR	192	31.6196906864	1048	1345.16	1355	99.27
8Cell_Ctrl	65852528	MER102a:hAT-Charlie:DNA	386	49.2362366946	1042	1048.81	1054	99.51
8Cell_Ctrl	65852528	Lx2A:L1:LINE	1364	31.7432896289	1039	1099.31	1177	93.40
8Cell_Ctrl	65852528	RLTR26B_MM:ERVK:LTR	507	31.2196797429	1037	1047.48	1068	98.08
8Cell_Ctrl	65852528	MLT1H2:ERVL-MaLR:LTR	1034	51.7086317769	1028	1045.28	1057	98.89
8Cell_Ctrl	65852528	RMER6-int:ERVK:LTR	607	25.946326106	1027	1068.74	1090	98.05
8Cell_Ctrl	65852528	L4_A_Mam:RTE-X:LINE	630	51.6684576334	1024	1035.08	1042	99.34
8Cell_Ctrl	65852528	MamGyp-int:Gypsy:LTR	28	17.6590088912	1016	1067.00	1067	100.00
8Cell_Ctrl	65852528	LTR40b:ERVL:LTR	577	38.2346477013	1012	1019.90	1028	99.21
8Cell_Ctrl	65852528	MLT2C1:ERVL:LTR	872	48.6858052582	1003	1026.00	1035	99.13
8Cell_Ctrl	65852528	MER63D:hAT-Blackjack:DNA	1034	43.8297743328	1002	1008.40	1018	99.06
8Cell_Ctrl	65852528	MamRep605:LTR?:LTR?	629	46.2268247543	1000	1014.08	1026	98.84
8Cell_Ctrl	65852528	RLTR9D2:ERVK:LTR	194	29.411733135	1000	1031.90	1090	94.67
8Cell_Ctrl	65852528	MamSINE1:tRNA:SINE	410	46.4175843167	998	998.78	1000	99.88
8Cell_Ctrl	65852528	MURVY-int:ERV1:LTR	544	13.7273769317	993	1207.56	1245	96.99
8Cell_Ctrl	65852528	LTR78:ERV1:LTR	583	41.1283740241	992	1017.79	1029	98.91
8Cell_Ctrl	65852528	RLTR19C:ERVK:LTR	248	28.529272917	982	998.88	1014	98.51
8Cell_Ctrl	65852528	MLT1J2:ERVL-MaLR:LTR	1110	60.4962296347	980	998.19	1007	99.13
8Cell_Ctrl	65852528	RLTR26C_MM:ERVK:LTR	454	35.729616138	973	992.70	1015	97.80
8Cell_Ctrl	65852528	MLTR31C_MM:ERVK:LTR	227	25.1557679393	971	999.02	1024	97.56
8Cell_Ctrl	65852528	RLTR24B_MM:ERV1:LTR	1018	35.4973483552	968	987.24	997	99.02
8Cell_Ctrl	65852528	RLTR30B_MM:ERV1:LTR	283	28.1911723005	960	972.06	999	97.30
8Cell_Ctrl	65852528	MLT1E:ERVL-MaLR:LTR	534	37.1648824195	955	969.11	980	98.89
8Cell_Ctrl	65852528	MLTR25C:ERVK:LTR	504	26.4339514842	940	979.45	985	99.44
8Cell_Ctrl	65852528	ERVB7_2-LTR_MM:ERVK:LTR	425	27.7550120075	936	1019.34	1069	95.35
8Cell_Ctrl	65852528	RLTR20C:ERVK:LTR	263	30.2988525177	927	937.60	955	98.18
8Cell_Ctrl	65852528	MER119:hAT-Charlie:DNA	404	38.863569867	925	931.00	935	99.57
8Cell_Ctrl	65852528	RLTR12H:ERVK:LTR	188	22.9205173351	925	954.97	971	98.35
8Cell_Ctrl	65852528	RLTR41C:ERV1:LTR	157	26.9291762094	924	932.81	942	99.02
8Cell_Ctrl	65852528	L1MA10:L1:LINE	866	43.4863257553	916	932.56	993	93.91
8Cell_Ctrl	65852528	RLTR10D:ERVK:LTR	491	34.5734339317	902	1024.10	1056	96.98
8Cell_Ctrl	65852528	Tigger18a:TcMar-Tigger:DNA	240	33.9776986648	901	908.13	914	99.36
8Cell_Ctrl	65852528	IAP1-MM_LTR:ERVK:LTR	420	27.837430315	900	1070.33	1166	91.79
8Cell_Ctrl	65852528	Arthur1:hAT-Tip100:DNA	920	39.0749170897	899	924.40	938	98.55
8Cell_Ctrl	65852528	Charlie4z:hAT-Charlie:DNA	431	52.1112539943	891	892.57	895	99.73
8Cell_Ctrl	65852528	MER34:ERV1:LTR	737	42.9545375621	890	913.52	920	99.30
8Cell_Ctrl	65852528	MLT2C2:ERVL:LTR	651	35.1777222852	870	877.64	888	98.83
8Cell_Ctrl	65852528	MER102c:hAT-Charlie:DNA	363	35.5604418414	864	875.01	882	99.21
8Cell_Ctrl	65852528	Looper:PiggyBac:DNA	209	31.303691059	862	878.87	885	99.31
8Cell_Ctrl	65852528	MER67C:ERV1:LTR	620	36.2641291569	862	868.69	880	98.71
8Cell_Ctrl	65852528	L1MEi:L1:LINE	478	32.0083194376	861	868.95	872	99.65
8Cell_Ctrl	65852528	L1MEb:L1:LINE	352	32.8595099442	857	865.74	880	98.38
8Cell_Ctrl	65852528	MER34A:ERV1:LTR	694	37.4821128068	852	860.21	868	99.10
8Cell_Ctrl	65852528	RLTR20B4_MM:ERVK:LTR	416	30.0771616785	846	880.02	903	97.45
8Cell_Ctrl	65852528	RLTR16C_MM:ERVK:LTR	360	27.117103869	845	866.21	875	99.00
8Cell_Ctrl	65852528	MLT1J1:ERVL-MaLR:LTR	1135	47.6723633037	841	854.98	868	98.50
8Cell_Ctrl	65852528	Plat_L3:CR1:LINE	579	40.8632637523	836	838.62	844	99.36
8Cell_Ctrl	65852528	IAPLTR4:ERVK:LTR	663	37.655787466	833	1172.43	1173	99.95
8Cell_Ctrl	65852528	RLTR13A2:ERVK:LTR	151	25.5427705673	831	1793.04	1891	94.82
8Cell_Ctrl	65852528	L1MDb:L1:LINE	583	37.7222499543	825	833.16	845	98.60
8Cell_Ctrl	65852528	L1M:L1:LINE	459	45.9568860329	811	1057.13	1108	95.41
8Cell_Ctrl	65852528	U3:snRNA:snRNA	97	40.879163378	808	1096.93	1098	99.90
8Cell_Ctrl	65852528	Charlie2a:hAT-Charlie:DNA	505	36.4764762895	801	812.53	822	98.85
8Cell_Ctrl	65852528	HAL1b:L1:LINE	763	36.7696168447	800	806.19	809	99.65
8Cell_Ctrl	65852528	RLTR13A:ERVK:LTR	211	17.2606609487	797	1090.47	1170	93.20
8Cell_Ctrl	65852528	RLTR31_Mm:ERVK:LTR	145	20.7984663977	797	803.62	816	98.48
8Cell_Ctrl	65852528	LTR67B:ERVL:LTR	632	48.9325049205	795	1021.89	1041	98.16
8Cell_Ctrl	65852528	MLT1M:ERVL-MaLR:LTR	212	32.779633245	793	798.12	801	99.64
8Cell_Ctrl	65852528	RLTR10B:ERVK:LTR	477	25.5689632631	792	854.07	905	94.37
8Cell_Ctrl	65852528	RMER16A3:ERVK:LTR	699	26.9787506018	788	815.26	837	97.40
8Cell_Ctrl	65852528	MER92-int:ERV1:LTR	324	25.3892829612	785	799.30	808	98.92
8Cell_Ctrl	65852528	MER68-int:ERVL:LTR	77	26.716929485	783	843.08	858	98.26
8Cell_Ctrl	65852528	Tigger2b:TcMar-Tigger:DNA	176	26.6490710574	782	789.02	798	98.87
8Cell_Ctrl	65852528	LTR31:ERV1:LTR	187	26.7676111738	781	784.75	789	99.46
8Cell_Ctrl	65852528	Charlie24:hAT-Charlie:DNA	374	29.3777623993	769	781.43	789	99.04
8Cell_Ctrl	65852528	MER47B:TcMar-Tigger:DNA	509	34.541340731	766	772.91	782	98.84
8Cell_Ctrl	65852528	LTR40c:ERVL:LTR	248	30.2329769684	754	758.11	760	99.75
8Cell_Ctrl	65852528	Charlie15b:hAT-Charlie:DNA	272	33.424828477	751	755.88	762	99.20
8Cell_Ctrl	65852528	RLTR13D4:ERVK:LTR	205	20.4863360801	751	757.86	763	99.33
8Cell_Ctrl	65852528	Tigger9b:TcMar-Tigger:DNA	360	30.2780401159	749	752.23	757	99.37
8Cell_Ctrl	65852528	LTR65:ERV1:LTR	162	27.7916514386	741	744.60	748	99.55
8Cell_Ctrl	65852528	MER45B:hAT-Tip100:DNA	688	31.4128334093	740	748.27	754	99.24
8Cell_Ctrl	65852528	MLT1E1:ERVL-MaLR:LTR	576	31.5006578018	738	749.89	763	98.28
8Cell_Ctrl	65852528	MER113:hAT-Charlie:DNA	643	41.1689103009	731	740.10	752	98.42
8Cell_Ctrl	65852528	ERV3-16A3_I-int:ERVL:LTR	908	33.7360931041	723	742.37	749	99.11
8Cell_Ctrl	65852528	RLTR13D1:ERVK:LTR	255	17.0235201182	723	752.88	760	99.06
8Cell_Ctrl	65852528	RLTR26D_MM:ERVK:LTR	247	20.8093558717	721	726.81	735	98.89
8Cell_Ctrl	65852528	RLTR35B_MM:ERVL:LTR	492	27.7475576641	721	743.95	759	98.02
8Cell_Ctrl	65852528	ERVB2_1-I_MM-int:ERVK:LTR	83	6.19360301659	720	738.89	748	98.78
8Cell_Ctrl	65852528	L1MCb:L1:LINE	713	28.5453199696	717	731.79	745	98.23
8Cell_Ctrl	65852528	MLTR18A_MM:ERVK:LTR	299	23.9788273453	714	764.06	779	98.08
8Cell_Ctrl	65852528	MER104:TcMar-Tc2:DNA	295	36.4335177888	710	715.32	721	99.21
8Cell_Ctrl	65852528	RLTR10E:ERVK:LTR	227	22.414804173	706	855.31	927	92.27
8Cell_Ctrl	65852528	MER63B:hAT-Blackjack:DNA	701	36.5185921878	703	708.09	712	99.45
8Cell_Ctrl	65852528	ERVL-int:ERVL:LTR	721	24.1276911	700	725.22	834	86.96
8Cell_Ctrl	65852528	MER63A:hAT-Blackjack:DNA	635	37.1486020363	700	705.26	714	98.78
8Cell_Ctrl	65852528	MLT1F-int:ERVL-MaLR:LTR	417	25.3447004486	699	707.18	719	98.36
8Cell_Ctrl	65852528	RLTR10F:ERVK:LTR	482	29.6200160031	698	747.16	772	96.78
8Cell_Ctrl	65852528	RLTR44E:ERVK:LTR	122	18.8642856879	691	733.54	745	98.46
8Cell_Ctrl	65852528	LTR40a:ERVL:LTR	709	35.3525411591	690	698.84	714	97.88
8Cell_Ctrl	65852528	MLTR13:ERVK:LTR	205	17.8220368495	690	746.69	756	98.77
8Cell_Ctrl	65852528	RLTR13D2:ERVK:LTR	270	16.1471440877	689	715.18	731	97.84
8Cell_Ctrl	65852528	MLT1N2:ERVL-MaLR:LTR	692	43.4349595306	686	757.18	769	98.46
8Cell_Ctrl	65852528	CR1_Mam:CR1:LINE	257	30.3460349386	685	689.18	690	99.88
8Cell_Ctrl	65852528	L1MCc:L1:LINE	529	31.7625939358	683	691.08	695	99.44
8Cell_Ctrl	65852528	Charlie9:hAT-Charlie:DNA	232	37.5324419524	678	680.06	681	99.86
8Cell_Ctrl	65852528	L1M2c:L1:LINE	321	24.1516546648	675	682.41	688	99.19
8Cell_Ctrl	65852528	IAPA_MM-int:ERVK:LTR	126	32.3454230371	671	1593.51	4780	33.34
8Cell_Ctrl	65852528	LTR16E1:ERVL:LTR	514	26.7030418829	666	684.93	697	98.27
8Cell_Ctrl	65852528	LTR33A:ERVL:LTR	504	29.7535386278	657	675.11	686	98.41
8Cell_Ctrl	65852528	L1ME3C:L1:LINE	326	28.7787549543	656	659.83	664	99.37
8Cell_Ctrl	65852528	MLT2F:ERVL:LTR	574	32.1039618575	655	695.17	708	98.19
8Cell_Ctrl	65852528	MamRep137:TcMar-Tigger:DNA	339	30.3295680589	645	650.13	657	98.95
8Cell_Ctrl	65852528	Tigger6b:TcMar-Tigger:DNA	217	22.5798478702	641	646.79	655	98.75
8Cell_Ctrl	65852528	LTR33A_:ERVL:LTR	474	31.7515571648	635	639.64	644	99.32
8Cell_Ctrl	65852528	LTR41B:ERVL:LTR	290	29.8290165394	633	640.58	648	98.85
8Cell_Ctrl	65852528	MER45A:hAT-Tip100:DNA	769	38.2607229314	620	621.27	623	99.72
8Cell_Ctrl	65852528	LTRIS3:ERV1:LTR	165	20.6076954804	618	639.41	648	98.67
8Cell_Ctrl	65852528	MER112:hAT-Charlie:DNA	358	28.2096474234	616	623.89	628	99.35
8Cell_Ctrl	65852528	MER94:hAT-Blackjack:DNA	466	31.4986689315	605	614.24	621	98.91
8Cell_Ctrl	65852528	MER105:DNA:DNA	171	27.150776616	590	594.27	600	99.04
8Cell_Ctrl	65852528	LTR37-int:ERV1:LTR	239	25.737661308	589	593.26	596	99.54
8Cell_Ctrl	65852528	Ricksha_c:MULE-MuDR:DNA	405	22.1630597118	589	595.50	602	98.92
8Cell_Ctrl	65852528	L1ME3F:L1:LINE	308	24.8574546586	588	597.18	610	97.90
8Cell_Ctrl	65852528	LTR82A:ERVL:LTR	341	26.828654464	584	585.50	586	99.91
8Cell_Ctrl	65852528	Kanga2_a:TcMar-Tc2:DNA	356	28.3597657667	583	598.60	605	98.94
8Cell_Ctrl	65852528	MamTip2:hAT-Tip100:DNA	892	32.9165328333	578	582.27	585	99.53
8Cell_Ctrl	65852528	MER74B:ERVL:LTR	324	22.4264472467	576	581.15	585	99.34
8Cell_Ctrl	65852528	RLTR20A:ERVK:LTR	361	22.3827449354	572	582.82	591	98.62
8Cell_Ctrl	65852528	Tigger17:TcMar-Tigger:DNA	315	25.5626972584	568	576.50	583	98.88
8Cell_Ctrl	65852528	MER90a:ERV1:LTR	581	23.3739014287	566	574.51	598	96.07
8Cell_Ctrl	65852528	BLACKJACK:hAT-Blackjack:DNA	716	25.7375806722	562	579.32	595	97.36
8Cell_Ctrl	65852528	L1MEa:L1:LINE	169	18.8936330659	559	563.38	565	99.71
8Cell_Ctrl	65852528	RLTR41A2:ERV1:LTR	440	21.766895438	557	579.49	589	98.39
8Cell_Ctrl	65852528	MER117:hAT-Charlie:DNA	745	37.3423108967	554	564.19	571	98.81
8Cell_Ctrl	65852528	MER57D:ERV1:LTR	300	25.1293230334	552	562.55	568	99.04
8Cell_Ctrl	65852528	RLTR26:ERVK:LTR	408	15.1546461379	546	571.34	594	96.18
8Cell_Ctrl	65852528	RLTR31A_Mm:ERVK:LTR	209	13.8369628326	546	562.95	572	98.42
8Cell_Ctrl	65852528	LTR33C:ERVL:LTR	232	20.3435386973	545	556.95	574	97.03
8Cell_Ctrl	65852528	Charlie17b:hAT-Charlie:DNA	130	21.6663458371	539	543.40	548	99.16
8Cell_Ctrl	65852528	MamRep434:TcMar-Tigger:DNA	518	27.5411708274	533	536.21	540	99.30
8Cell_Ctrl	65852528	LTR37A:ERV1:LTR	549	28.9432526227	531	574.63	582	98.73
8Cell_Ctrl	65852528	RLTR17C_Mm:ERVK:LTR	218	16.4304295658	530	536.87	541	99.24
8Cell_Ctrl	65852528	ERVB7_3-LTR_MM:ERVK:LTR	319	18.0548915998	526	557.17	573	97.24
8Cell_Ctrl	65852528	MER34A1:ERV1:LTR	541	26.5548031877	525	536.47	545	98.43
8Cell_Ctrl	65852528	LTRIS4:ERV1:LTR	147	15.4695840542	519	558.78	576	97.01
8Cell_Ctrl	65852528	IAPEY3_LTR:ERVK:LTR	553	21.3351946622	516	544.62	563	96.73
8Cell_Ctrl	65852528	MER44C:TcMar-Tigger:DNA	185	16.2947456386	514	522.88	526	99.41
8Cell_Ctrl	65852528	RLTR30D_MM:ERV1:LTR	268	18.9530060517	513	522.71	535	97.70
8Cell_Ctrl	65852528	L4_B_Mam:RTE-X:LINE	361	23.3165278401	510	513.71	518	99.17
8Cell_Ctrl	65852528	MLT1O:ERVL-MaLR:LTR	538	31.0356342014	509	516.08	523	98.68
8Cell_Ctrl	65852528	hAT-N1_Mam:hAT?:DNA	185	24.9248021261	504	504.00	504	100.00
8Cell_Ctrl	65852528	LTR87:ERVL?:LTR	214	23.5448886542	504	506.14	508	99.63
8Cell_Ctrl	65852528	RLTR5_Mm:ERV1:LTR	601	10.5542841339	474	500.14	508	98.45
8Cell_Ctrl	65852528	MER115:hAT-Tip100:DNA	521	23.1875600765	472	487.50	492	99.09
8Cell_Ctrl	65852528	MLT1H-int:ERVL-MaLR:LTR	379	21.3029732811	472	479.18	486	98.60
8Cell_Ctrl	65852528	L1M2a:L1:LINE	208	17.5932794109	471	484.61	486	99.71
8Cell_Ctrl	65852528	Tigger9a:TcMar-Tigger:DNA	200	22.6976701905	469	475.98	481	98.96
8Cell_Ctrl	65852528	MER90:ERV1:LTR	245	17.5443307479	467	469.78	474	99.11
8Cell_Ctrl	65852528	RMER16B:ERVK:LTR	84	13.459090239	464	471.99	474	99.58
8Cell_Ctrl	65852528	LTR79:ERVL:LTR	380	23.2918170437	463	464.32	469	99.00
8Cell_Ctrl	65852528	MMERVK10D3_LTR:ERVK:LTR	174	11.3706803566	463	481.68	500	96.34
8Cell_Ctrl	65852528	ERVB3_1-LTR_MM:ERVK:LTR	158	12.3014483154	462	469.47	479	98.01
8Cell_Ctrl	65852528	LTRIS4B:ERV1:LTR	71	9.62755765627	458	469.99	473	99.36
8Cell_Ctrl	65852528	Charlie29a:hAT-Charlie:DNA	324	23.2967867102	452	464.36	470	98.80
8Cell_Ctrl	65852528	MER54A:ERVL:LTR	273	17.752821489	450	465.50	471	98.83
8Cell_Ctrl	65852528	MER67B:ERV1:LTR	220	15.6016306376	446	449.75	458	98.20
8Cell_Ctrl	65852528	Arthur1B:hAT-Tip100:DNA	597	25.0404734305	444	452.52	466	97.11
8Cell_Ctrl	65852528	Charlie18a:hAT-Charlie:DNA	242	20.0552384962	444	445.68	449	99.26
8Cell_Ctrl	65852528	LTR16B1:ERVL:LTR	299	16.3499352453	443	445.42	447	99.65
8Cell_Ctrl	65852528	L1M7:L1:LINE	207	16.9933237545	442	446.13	447	99.81
8Cell_Ctrl	65852528	Tigger16a:TcMar-Tigger:DNA	290	23.8452018735	442	443.93	444	99.98
8Cell_Ctrl	65852528	L1ME3D:L1:LINE	323	20.8744928393	438	442.47	447	98.99
8Cell_Ctrl	65852528	MLT1-int:ERVL-MaLR:LTR	285	16.9193733881	437	451.56	460	98.17
8Cell_Ctrl	65852528	RLTR13F:ERVK:LTR	98	8.76186505981	436	442.87	448	98.86
8Cell_Ctrl	65852528	MER52-int:ERV1:LTR	206	16.0470243028	433	448.54	457	98.15
8Cell_Ctrl	65852528	IAPLTR4_I:ERVK:LTR	183	8.12679012934	431	474.75	484	98.09
8Cell_Ctrl	65852528	tRNA-Ala-GCY_:tRNA:tRNA	2580	26.9218916222	431	431.00	431	100.00
8Cell_Ctrl	65852528	Charlie13a:hAT-Charlie:DNA	184	17.1000870092	424	430.92	435	99.06
8Cell_Ctrl	65852528	MER81:hAT-Blackjack:DNA	512	28.5386613512	424	426.42	428	99.63
8Cell_Ctrl	65852528	Charlie15a:hAT-Charlie:DNA	217	22.5199934298	423	423.60	427	99.20
8Cell_Ctrl	65852528	RLTR48C:ERV1:LTR	149	15.182179377	423	431.73	435	99.25
8Cell_Ctrl	65852528	LTR78B:ERV1:LTR	405	27.0728539014	420	423.62	427	99.21
8Cell_Ctrl	65852528	Tigger20a:TcMar-Tigger:DNA	188	21.057058901	420	424.39	427	99.39
8Cell_Ctrl	65852528	MLT1J-int:ERVL-MaLR:LTR	506	19.823921412	419	421.76	426	99.00
8Cell_Ctrl	65852528	MLT1D-int:ERVL-MaLR:LTR	176	12.6821707762	418	421.95	423	99.75
8Cell_Ctrl	65852528	MER34B-int:ERV1:LTR	81	16.2459143289	417	459.75	461	99.73
8Cell_Ctrl	65852528	RLTR13D3A:ERVK:LTR	162	9.41759579995	414	470.12	479	98.15
8Cell_Ctrl	65852528	MER54B:ERVL:LTR	114	13.5275306228	413	414.19	416	99.57
8Cell_Ctrl	65852528	L4_C_Mam:RTE-X:LINE	590	24.3682990095	410	415.76	417	99.70
8Cell_Ctrl	65852528	RLTR42:ERVK:LTR	266	16.4708095207	410	421.49	428	98.48
8Cell_Ctrl	65852528	LTR48B:ERV1:LTR	302	20.4225682226	405	415.47	419	99.16
8Cell_Ctrl	65852528	MER45R:hAT-Tip100:DNA	375	19.5703295712	405	411.53	419	98.22
8Cell_Ctrl	65852528	MER57C2:ERV1:LTR	415	22.6607340305	403	408.15	413	98.83
8Cell_Ctrl	65852528	Charlie19a:hAT-Charlie:DNA	240	22.9475402241	401	404.76	409	98.96
8Cell_Ctrl	65852528	L1M3de:L1:LINE	157	11.4630149089	401	409.34	415	98.64
8Cell_Ctrl	65852528	MamRep1151:LTR?:LTR?	249	16.4048976507	401	403.21	408	98.83
8Cell_Ctrl	65852528	RLTR9B:ERVK:LTR	206	14.5714283747	400	428.42	445	96.27
8Cell_Ctrl	65852528	LTR103b_Mam:ERV1?:LTR	57	19.2858617416	398	398.00	398	100.00
8Cell_Ctrl	65852528	Zaphod:hAT-Tip100:DNA	728	20.2337073544	396	402.44	407	98.88
8Cell_Ctrl	65852528	HERVL40-int:ERVL:LTR	204	13.2067767618	394	399.69	402	99.43
8Cell_Ctrl	65852528	ERVB5_2-LTR_MM:ERVK:LTR	520	13.3032835807	391	407.31	415	98.15
8Cell_Ctrl	65852528	LTR16B2:ERVL:LTR	384	18.8960465696	391	393.48	397	99.11
8Cell_Ctrl	65852528	Tigger8:TcMar-Tigger:DNA	121	16.5873517991	391	392.24	393	99.81
8Cell_Ctrl	65852528	MER70B:ERVL:LTR	254	14.3331738354	387	390.82	394	99.19
8Cell_Ctrl	65852528	ERVB5_1-I_MM-int:ERVK:LTR	292	12.7564561815	386	393.50	394	99.87
8Cell_Ctrl	65852528	RLTR9F:ERVK:LTR	411	14.3106708615	385	398.65	413	96.52
8Cell_Ctrl	65852528	RLTR20A1:ERVK:LTR	98	11.0813933903	378	382.80	386	99.17
8Cell_Ctrl	65852528	MER96B:hAT-Tip100:DNA	410	19.8301123332	374	376.86	381	98.91
8Cell_Ctrl	65852528	Kanga1c:TcMar-Tc2:DNA	184	17.4932612321	372	378.98	388	97.67
8Cell_Ctrl	65852528	LTR73:ERV1:LTR	137	13.3027720981	371	374.15	379	98.72
8Cell_Ctrl	65852528	Eulor5A:DNA?:DNA?	80	14.9090496548	366	366.00	366	100.00
8Cell_Ctrl	65852528	U5:snRNA:snRNA	85	22.3417180383	366	370.13	373	99.23
8Cell_Ctrl	65852528	Charlie13b:hAT-Charlie:DNA	114	15.8966701555	364	367.39	370	99.29
8Cell_Ctrl	65852528	L1M8:L1:LINE	201	16.189579017	364	368.94	372	99.18
8Cell_Ctrl	65852528	MLT1A0-int:ERVL-MaLR:LTR	206	12.9393261665	364	369.18	377	97.92
8Cell_Ctrl	65852528	MER106A:hAT-Charlie:DNA	115	13.7662522443	362	363.73	364	99.92
8Cell_Ctrl	65852528	LTR16A1:ERVL:LTR	654	22.6767992082	358	363.17	365	99.50
8Cell_Ctrl	65852528	IAPLTR3:ERVK:LTR	959	12.9184345941	357	383.22	397	96.53
8Cell_Ctrl	65852528	Charlie10:hAT-Charlie:DNA	371	17.4987374881	355	358.66	362	99.08
8Cell_Ctrl	65852528	L1ME3E:L1:LINE	327	16.5043971612	350	362.52	375	96.67
8Cell_Ctrl	65852528	LTR16B:ERVL:LTR	260	16.8081589562	348	349.02	350	99.72
8Cell_Ctrl	65852528	Zaphod3:hAT-Tip100:DNA	454	16.3243097044	344	347.63	350	99.32
8Cell_Ctrl	65852528	U4:snRNA:snRNA	108	15.3077901508	340	342.39	344	99.53
8Cell_Ctrl	65852528	LTR16A2:ERVL:LTR	416	18.0315693144	336	342.28	347	98.64
8Cell_Ctrl	65852528	RLTR9A2:ERVK:LTR	227	11.98841774	335	340.01	350	97.15
8Cell_Ctrl	65852528	IAPEY3C_LTR:ERVK:LTR	475	14.2905241962	331	344.81	348	99.08
8Cell_Ctrl	65852528	RLTR13D:ERVK:LTR	45	4.46706081229	331	339.70	343	99.04
8Cell_Ctrl	65852528	AmnSINE2:Deu:SINE	391	20.5090312715	328	330.44	332	99.53
8Cell_Ctrl	65852528	MER91A:hAT-Tip100:DNA	370	18.1269886145	324	324.29	326	99.48
8Cell_Ctrl	65852528	MLTR31E_MM:ERVK:LTR	164	12.0029492531	324	328.27	334	98.28
8Cell_Ctrl	65852528	RLTR53B_Mm:ERVK:LTR	160	13.4018604774	321	326.12	333	97.94
8Cell_Ctrl	65852528	ERVB7_4-LTR_MM:ERVK:LTR	166	9.46437210046	320	331.36	338	98.04
8Cell_Ctrl	65852528	LTR85a:Gypsy?:LTR	234	15.1332551131	320	321.38	322	99.81
8Cell_Ctrl	65852528	MER91B:hAT-Tip100:DNA	229	18.5408001882	319	321.31	322	99.79
8Cell_Ctrl	65852528	Tigger16b:TcMar-Tigger:DNA	197	16.9296869358	317	317.00	317	100.00
8Cell_Ctrl	65852528	Charlie23a:hAT-Charlie:DNA	157	18.9168333828	316	318.96	321	99.37
8Cell_Ctrl	65852528	MLTR32C_MM:ERVK:LTR	127	7.9349978993	316	319.43	322	99.20
8Cell_Ctrl	65852528	MER106B:hAT-Charlie:DNA	242	15.9824384325	314	315.29	316	99.78
8Cell_Ctrl	65852528	MER121:TcMar?:DNA	588	18.2064467783	314	319.27	322	99.15
8Cell_Ctrl	65852528	MER21-int:ERVL:LTR	105	11.8702773271	314	316.67	318	99.58
8Cell_Ctrl	65852528	LTR104_Mam:Gypsy:LTR	254	20.1867696854	312	312.00	312	100.00
8Cell_Ctrl	65852528	MamRep1527:LTR:LTR	372	13.3214869491	309	314.27	318	98.83
8Cell_Ctrl	65852528	MER58D:hAT-Charlie:DNA	292	17.329014406	309	312.42	318	98.25
8Cell_Ctrl	65852528	RLTR9B2:ERVK:LTR	178	9.84428153463	307	314.00	322	97.52
8Cell_Ctrl	65852528	MLT1H1-int:ERVL-MaLR:LTR	49	6.47035234165	304	306.65	310	98.92
8Cell_Ctrl	65852528	UCON29:PiggyBac?:DNA	141	17.0037757032	303	303.00	303	100.00
8Cell_Ctrl	65852528	MER31-int:ERV1:LTR	149	10.4492349677	300	311.96	316	98.72
8Cell_Ctrl	65852528	RLTR9C:ERVK:LTR	477	10.8176915292	300	335.81	343	97.90
8Cell_Ctrl	65852528	Charlie4:hAT-Charlie:DNA	161	15.7866636032	299	328.09	331	99.12
8Cell_Ctrl	65852528	MLT2B5:ERVL:LTR	442	16.9628449831	295	302.90	307	98.67
8Cell_Ctrl	65852528	Charlie25:hAT-Charlie:DNA	301	13.0115953215	290	296.60	301	98.54
8Cell_Ctrl	65852528	LTRIS5:ERV1:LTR	85	8.99386707021	289	296.48	304	97.53
8Cell_Ctrl	65852528	L1M3c:L1:LINE	337	9.39623616721	279	283.90	289	98.23
8Cell_Ctrl	65852528	MER131:SINE?:SINE?	274	19.0513077056	277	277.50	278	99.82
8Cell_Ctrl	65852528	Charlie16a:hAT-Charlie:DNA	197	14.6844202329	275	275.64	277	99.51
8Cell_Ctrl	65852528	IAPEY4_LTR:ERVK:LTR	95	12.0272469257	274	417.11	454	91.87
8Cell_Ctrl	65852528	L1ME5:L1:LINE	146	8.9561102514	273	278.43	280	99.44
8Cell_Ctrl	65852528	Kanga1b:TcMar-Tc2:DNA	121	11.5847287302	272	276.33	281	98.34
8Cell_Ctrl	65852528	MER92B:ERV1:LTR	238	11.1402327571	271	272.17	275	98.97
8Cell_Ctrl	65852528	ERVB5_1-LTR_MM:ERVK:LTR	143	9.21922759569	270	271.50	273	99.45
8Cell_Ctrl	65852528	RLTR44A:ERVK:LTR	259	9.52290093728	270	276.26	290	95.26
8Cell_Ctrl	65852528	MLT1B-int:ERVL-MaLR:LTR	165	9.61577204907	269	272.45	285	95.60
8Cell_Ctrl	65852528	LTR16E2:ERVL:LTR	423	14.6768572459	268	272.97	281	97.14
8Cell_Ctrl	65852528	HERV16-int:ERVL:LTR	277	14.428276331	267	270.06	275	98.20
8Cell_Ctrl	65852528	LTR84b:ERVL:LTR	187	13.5186359672	267	269.51	270	99.82
8Cell_Ctrl	65852528	L1P5:L1:LINE	166	8.39585816889	261	262.62	265	99.10
8Cell_Ctrl	65852528	LTR40A1:ERVL:LTR	114	9.54070311387	261	263.00	264	99.62
8Cell_Ctrl	65852528	Zaphod2:hAT-Tip100:DNA	169	7.56457464673	261	268.62	271	99.12
8Cell_Ctrl	65852528	ORSL:hAT-Tip100:DNA	281	14.9693122865	260	260.03	261	99.63
8Cell_Ctrl	65852528	ERV3-16A3_LTR:ERVL:LTR	279	14.6870440093	258	260.84	274	95.20
8Cell_Ctrl	65852528	RLTR50A:ERVK:LTR	85	9.017625514	257	258.50	260	99.42
8Cell_Ctrl	65852528	RLTR12B2:ERVK:LTR	95	8.76504378224	255	262.06	267	98.15
8Cell_Ctrl	65852528	RLTR9A3B:ERVK:LTR	346	12.71867151	254	269.30	286	94.16
8Cell_Ctrl	65852528	LTR102_Mam:ERVL:LTR	215	12.3642796908	251	253.48	259	97.87
8Cell_Ctrl	65852528	MER47A:TcMar-Tigger:DNA	127	10.8486320257	251	253.44	254	99.78
8Cell_Ctrl	65852528	RLTR47:ERVK:LTR	209	8.16251833943	250	258.89	267	96.96
8Cell_Ctrl	65852528	Charlie22a:hAT-Charlie:DNA	163	12.5278543884	248	249.50	251	99.40
8Cell_Ctrl	65852528	MLT1C-int:ERVL-MaLR:LTR	122	7.76587269739	248	252.85	255	99.16
8Cell_Ctrl	65852528	L1MEj:L1:LINE	178	10.8393692366	246	246.37	247	99.74
8Cell_Ctrl	65852528	MER57-int:ERV1:LTR	202	13.038176895	246	247.67	251	98.67
8Cell_Ctrl	65852528	MER99:hAT?:DNA	198	13.3574266632	243	247.07	249	99.23
8Cell_Ctrl	65852528	RLTR43C:ERVK:LTR	264	10.9620181589	240	242.88	246	98.73
8Cell_Ctrl	65852528	LTR81B:Gypsy:LTR	204	8.85204381743	239	245.52	247	99.40
8Cell_Ctrl	65852528	Tigger14a:TcMar-Tigger:DNA	225	13.5373148405	239	239.76	240	99.90
8Cell_Ctrl	65852528	LTR101_Mam:ERVL:LTR	157	10.9044869252	237	237.50	238	99.79
8Cell_Ctrl	65852528	MER126:DNA:DNA	118	13.622500691	234	234.49	235	99.78
8Cell_Ctrl	65852528	MER127:TcMar-Tigger:DNA	119	12.9739437834	234	234.50	235	99.79
8Cell_Ctrl	65852528	RLTR44B:ERVK:LTR	275	9.22848292699	231	251.73	272	92.55
8Cell_Ctrl	65852528	L1M6:L1:LINE	329	13.6366588872	229	231.00	234	98.72
8Cell_Ctrl	65852528	LTR33B:ERVL:LTR	268	11.5249225177	229	230.33	231	99.71
8Cell_Ctrl	65852528	Kanga11a:TcMar-Tc2:DNA	187	13.4409668721	227	233.69	238	98.19
8Cell_Ctrl	65852528	U14:snRNA:snRNA	4	14.7089016409	227	227.00	227	100.00
8Cell_Ctrl	65852528	MER124:DNA?:DNA?	252	12.7217581534	226	227.89	228	99.95
8Cell_Ctrl	65852528	LTR83:ERVL:LTR	161	11.5099658034	223	224.13	225	99.61
8Cell_Ctrl	65852528	MER113A:hAT-Charlie:DNA	140	13.6822467678	222	223.00	223	100.00
8Cell_Ctrl	65852528	MER45C:hAT-Tip100:DNA	290	11.6030120224	221	222.00	224	99.11
8Cell_Ctrl	65852528	Charlie20a:hAT-Charlie:DNA	161	12.002126844	220	220.19	221	99.63
8Cell_Ctrl	65852528	Charlie17:hAT-Charlie:DNA	134	8.42705884748	219	219.88	223	98.60
8Cell_Ctrl	65852528	LTR53:ERVL:LTR	226	10.9360930036	219	219.62	221	99.38
8Cell_Ctrl	65852528	MamRep38:hAT:DNA	212	13.5137938448	219	244.80	254	96.38
8Cell_Ctrl	65852528	MER5C:hAT-Charlie:DNA	242	12.9908402729	213	213.82	218	98.08
8Cell_Ctrl	65852528	RLTR1F_Mm:ERVK:LTR	83	5.90529637436	211	214.54	224	95.78
8Cell_Ctrl	65852528	X8_LINE:CR1:LINE	158	12.6192784239	209	209.34	211	99.21
8Cell_Ctrl	65852528	L5:RTE-X:LINE	122	8.97851067959	207	209.65	210	99.83
8Cell_Ctrl	65852528	RLTR10D2:ERVK:LTR	225	9.49295973498	203	214.89	228	94.25
8Cell_Ctrl	65852528	Charlie21a:hAT-Charlie:DNA	174	11.4017053497	201	202.68	205	98.87
8Cell_Ctrl	65852528	MER73:ERVL:LTR	135	6.81607111664	201	206.92	214	96.69
8Cell_Ctrl	65852528	MamRep4096:hAT?:DNA	180	9.78435451402	200	201.00	202	99.50
8Cell_Ctrl	65852528	Tigger12:TcMar-Tigger:DNA	155	9.66977111435	197	197.69	198	99.84
8Cell_Ctrl	65852528	Helitron1Nb_Mam:Helitron:RC	92	8.94149750672	196	196.00	196	100.00
8Cell_Ctrl	65852528	MER66-int:ERV1:LTR	23	10.5880748959	193	193.00	193	100.00
8Cell_Ctrl	65852528	LTR81A:Gypsy:LTR	180	12.0100797768	189	189.00	189	100.00
8Cell_Ctrl	65852528	RLTR6C_Mm:ERV1:LTR	102	7.27549592929	189	259.09	275	94.22
8Cell_Ctrl	65852528	RMER16B3:ERVK:LTR	101	6.50737756371	189	191.50	192	99.74
8Cell_Ctrl	65852528	Kanga1d:TcMar-Tc2:DNA	131	9.85131899939	188	191.70	194	98.81
8Cell_Ctrl	65852528	Chap1_Mam:hAT-Charlie:DNA	153	9.62975092285	186	187.33	189	99.12
8Cell_Ctrl	65852528	Charlie7a:hAT-Charlie:DNA	102	10.9752369848	186	190.23	192	99.08
8Cell_Ctrl	65852528	IAPEY5_I-int:ERVK:LTR	184	4.86245183504	183	203.54	213	95.56
8Cell_Ctrl	65852528	MLT1F2-int:ERVL-MaLR:LTR	68	3.98684876601	183	192.88	195	98.91
8Cell_Ctrl	65852528	Helitron3Na_Mam:Helitron:RC	191	10.706879953	182	183.83	184	99.91
8Cell_Ctrl	65852528	LTR37B:ERV1:LTR	386	10.251062244	182	184.28	187	98.55
8Cell_Ctrl	65852528	L1MEh:L1:LINE	202	10.0357195016	181	184.51	187	98.67
8Cell_Ctrl	65852528	MLT1F1-int:ERVL-MaLR:LTR	89	5.86550505746	181	186.28	192	97.02
8Cell_Ctrl	65852528	LTR89:ERVL?:LTR	146	9.75920631017	180	184.00	184	100.00
8Cell_Ctrl	65852528	Charlie26a:hAT-Charlie:DNA	98	9.47370866235	179	180.69	182	99.28
8Cell_Ctrl	65852528	MamTip3:hAT-Tip100:DNA	180	9.45381461195	179	179.93	182	98.86
8Cell_Ctrl	65852528	X3_LINE:RTE-BovB:LINE	260	11.4738938756	177	185.92	185	100.50
8Cell_Ctrl	65852528	LTR82B:ERVL:LTR	290	9.41578578159	175	176.75	179	98.74
8Cell_Ctrl	65852528	X7B_LINE:CR1:LINE	162	8.88149665807	172	174.00	174	100.00
8Cell_Ctrl	65852528	MER5C1:hAT-Charlie:DNA	75	9.59045246467	171	171.00	171	100.00
8Cell_Ctrl	65852528	Tigger11a:TcMar-Tigger:DNA	75	7.92828622433	171	171.39	173	99.07
8Cell_Ctrl	65852528	RLTR41B:ERV1:LTR	98	5.94618335374	168	171.00	172	99.42
8Cell_Ctrl	65852528	Tigger17b:TcMar-Tigger:DNA	72	5.54477782586	163	168.04	170	98.84
8Cell_Ctrl	65852528	MADE2:TcMar-Mariner:DNA	208	11.8718365665	162	162.00	162	100.00
8Cell_Ctrl	65852528	MER67A:ERV1:LTR	176	8.80123440021	162	165.00	165	100.00
8Cell_Ctrl	65852528	RLTR9A3A:ERVK:LTR	222	7.33635677299	162	175.01	180	97.23
8Cell_Ctrl	65852528	IAPEY5_LTR:ERVK:LTR	237	7.81138143923	161	178.27	186	95.84
8Cell_Ctrl	65852528	RLTR19A2:ERVK:LTR	94	5.6539948076	161	167.73	171	98.09
8Cell_Ctrl	65852528	MER135:DNA:DNA	287	11.4090738739	160	162.00	162	100.00
8Cell_Ctrl	65852528	BGLII_C:ERVK:LTR	74	5.55269842248	159	160.50	161	99.69
8Cell_Ctrl	65852528	Charlie10a:hAT-Charlie:DNA	61	7.1085243277	159	160.72	163	98.60
8Cell_Ctrl	65852528	L1PB4:L1:LINE	144	6.88818726921	159	165.96	167	99.38
8Cell_Ctrl	65852528	MER76:ERVL:LTR	247	9.13539617186	156	167.18	169	98.92
8Cell_Ctrl	65852528	L1M3b:L1:LINE	169	7.06733267985	155	164.35	172	95.55
8Cell_Ctrl	65852528	Kanga1a:TcMar-Tc2:DNA	191	9.26203219602	154	154.52	156	99.05
8Cell_Ctrl	65852528	UCON23:hAT?:DNA	22	5.69553655696	154	154.00	154	100.00
8Cell_Ctrl	65852528	MER67D:ERV1:LTR	468	7.43972205288	152	161.66	164	98.57
8Cell_Ctrl	65852528	RLTR30D_RN:ERV1:LTR	64	5.30208625774	151	153.64	159	96.63
8Cell_Ctrl	65852528	MER70A:ERVL:LTR	184	6.46516126258	149	152.98	157	97.44
8Cell_Ctrl	65852528	MamRep1879:hAT-Tip100?:DNA	105	9.23919479793	146	146.00	146	100.00
8Cell_Ctrl	65852528	Ricksha:MuDR:DNA	85	5.57223834802	145	145.47	146	99.63
8Cell_Ctrl	65852528	RLTR46A2:ERVK:LTR	58	4.98323177395	145	146.54	150	97.69
8Cell_Ctrl	65852528	ERVB4_3-I_MM-int:ERVK:LTR	99	4.75023488616	144	177.95	182	97.78
8Cell_Ctrl	65852528	MamGypLTR3a:Gypsy:LTR	161	6.98962099803	143	143.50	145	98.97
8Cell_Ctrl	65852528	MLT1E2-int:ERVL-MaLR:LTR	35	3.2769701617	143	143.00	143	100.00
8Cell_Ctrl	65852528	X7A_LINE:CR1:LINE	159	7.61571217249	142	142.76	143	99.83
8Cell_Ctrl	65852528	MER96:hAT-Tip100:DNA	104	7.71164965807	139	139.50	140	99.64
8Cell_Ctrl	65852528	LTR88c:Gypsy?:LTR	118	5.84307552243	137	137.00	137	100.00
8Cell_Ctrl	65852528	ORSL-2b:hAT-Tip100:DNA	210	8.01862285736	136	136.00	136	100.00
8Cell_Ctrl	65852528	MamTip1:hAT-Tip100:DNA	82	6.01156914715	135	135.00	135	100.00
8Cell_Ctrl	65852528	LTR105_Mam:ERVL:LTR	124	6.93230517292	134	134.00	135	99.26
8Cell_Ctrl	65852528	L1M3d:L1:LINE	171	7.73356085343	133	155.00	156	99.36
8Cell_Ctrl	65852528	LTR53B:ERVL:LTR	83	5.71650933161	133	134.49	136	98.89
8Cell_Ctrl	65852528	RLTR44D:ERVK:LTR	100	4.68505727399	133	133.00	137	97.08
8Cell_Ctrl	65852528	LTR45C:ERV1:LTR	24	9.01660500818	131	135.00	135	100.00
8Cell_Ctrl	65852528	MamGypLTR1b:Gypsy:LTR	141	6.77962987776	131	134.53	135	99.65
8Cell_Ctrl	65852528	Tigger12c:TcMar-Tigger:DNA	97	7.69916159071	131	132.08	135	97.84
8Cell_Ctrl	65852528	RLTR1:ERV1:LTR	62	2.48430527396	129	129.00	129	100.00
8Cell_Ctrl	65852528	RLTR46B:ERVK:LTR	73	5.91546219029	128	136.11	138	98.63
8Cell_Ctrl	65852528	MER110A:ERV1:LTR	196	6.49399642964	127	128.50	130	98.85
8Cell_Ctrl	65852528	RNERVK23-int:ERVK:LTR	45	4.20294023595	127	129.72	135	96.09
8Cell_Ctrl	65852528	HAL1_SS:L1:LINE	79	5.14736792644	126	127.00	128	99.22
8Cell_Ctrl	65852528	MLT1G3-int:ERVL-MaLR:LTR	58	4.85602091959	126	126.00	126	100.00
8Cell_Ctrl	65852528	RLTR47_MM:ERV1:LTR	45	5.68084406621	126	172.72	178	97.03
8Cell_Ctrl	65852528	LTR84a:ERVL:LTR	136	7.61467922896	124	124.46	125	99.57
8Cell_Ctrl	65852528	Tigger12A:TcMar-Tigger:DNA	86	7.63578105408	124	124.94	125	99.95
8Cell_Ctrl	65852528	Arthur1A:hAT-Tip100:DNA	148	6.28921919881	123	123.00	123	100.00
8Cell_Ctrl	65852528	LTR88b:Gypsy?:LTR	178	6.86854037469	123	124.71	126	98.98
8Cell_Ctrl	65852528	MMTV-int:ERVK:LTR	35	3.36865433551	121	193.18	194	99.58
8Cell_Ctrl	65852528	LTR106_Mam:LTR:LTR	164	6.52610662112	120	132.46	135	98.12
8Cell_Ctrl	65852528	L1MEg1:L1:LINE	92	5.87483470474	118	118.00	118	100.00
8Cell_Ctrl	65852528	LTR75B:ERVL:LTR	69	6.53391596621	118	118.60	119	99.67
8Cell_Ctrl	65852528	L1MEg2:L1:LINE	112	6.69434532035	114	116.00	116	100.00
8Cell_Ctrl	65852528	LTR80B:ERVL:LTR	116	6.06285636591	113	113.93	117	97.38
8Cell_Ctrl	65852528	Ricksha_0:MULE-MuDR:DNA	82	4.02398442893	110	112.90	115	98.17
8Cell_Ctrl	65852528	ERVB4_3-LTR_MM:ERVK:LTR	137	3.93550975839	109	120.29	125	96.23
8Cell_Ctrl	65852528	ORSL-2a:hAT-Tip100:DNA	69	4.25897386653	109	109.32	110	99.38
8Cell_Ctrl	65852528	LTR45:ERV1:LTR	31	3.80485045505	106	110.91	118	93.99
8Cell_Ctrl	65852528	LTR28B:ERV1:LTR	144	6.76399233592	102	103.96	106	98.07
8Cell_Ctrl	65852528	X7C_LINE:CR1:LINE	155	6.26116141856	102	103.98	104	99.98
8Cell_Ctrl	65852528	Eulor9A:DNA:DNA	60	5.42180261065	97	97.38	98	99.37
8Cell_Ctrl	65852528	LTR107_Mam:LTR:LTR	93	6.82073187524	97	97.00	97	100.00
8Cell_Ctrl	65852528	RLTR46A:ERVK:LTR	71	3.78623454541	96	102.15	104	98.22
8Cell_Ctrl	65852528	Charlie10b:hAT-Charlie:DNA	48	5.59289449903	95	95.00	95	100.00
8Cell_Ctrl	65852528	LTR90A:LTR:LTR	99	5.7708195791	95	96.00	97	98.97
8Cell_Ctrl	65852528	MamGypLTR2b:Gypsy:LTR	109	5.41096122646	95	95.50	96	99.48
8Cell_Ctrl	65852528	MER113B:hAT-Charlie:DNA	72	4.56959044329	95	95.49	96	99.46
8Cell_Ctrl	65852528	U8:snRNA:snRNA	5	6.26960122607	93	93.00	93	100.00
8Cell_Ctrl	65852528	LTR52:ERVL:LTR	230	6.40780704288	92	92.83	95	97.71
8Cell_Ctrl	65852528	MLT1H2-int:ERVL-MaLR:LTR	53	3.65386674612	92	94.54	98	96.47
8Cell_Ctrl	65852528	RLTR1E_MM:ERV1:LTR	86	4.54594174871	92	93.33	95	98.25
8Cell_Ctrl	65852528	MER57E1:ERV1:LTR	210	6.5980787763	89	91.00	91	100.00
8Cell_Ctrl	65852528	X6A_LINE:CR1:LINE	145	4.65696296128	89	90.65	91	99.61
8Cell_Ctrl	65852528	X6B_LINE:CR1:LINE	274	4.56841061649	89	89.00	89	100.00
8Cell_Ctrl	65852528	LTR75:ERVL:LTR	94	4.38159952821	88	90.48	92	98.34
8Cell_Ctrl	65852528	LTRIS6:ERV1:LTR	149	4.22926890348	87	89.50	92	97.28
8Cell_Ctrl	65852528	MLT2E:ERVL:LTR	126	3.50597783989	85	85.50	86	99.42
8Cell_Ctrl	65852528	LTR86C:ERVL:LTR	75	3.81961576499	84	85.81	89	96.42
8Cell_Ctrl	65852528	MER34-int:ERV1:LTR	66	4.74591505796	84	86.46	88	98.25
8Cell_Ctrl	65852528	MLT1I-int:ERVL-MaLR:LTR	57	4.06222502221	84	84.36	85	99.25
8Cell_Ctrl	65852528	LTR86A1:ERVL:LTR	92	5.44869375188	82	82.00	82	100.00
8Cell_Ctrl	65852528	tRNA-His-CAY:tRNA:tRNA	1	5.55895786676	82	82.00	82	100.00
8Cell_Ctrl	65852528	Charlie11:hAT-Charlie:DNA	52	2.21804057481	80	80.72	82	98.44
8Cell_Ctrl	65852528	HERVL74-int:ERVL:LTR	149	3.72700771612	80	80.00	80	100.00
8Cell_Ctrl	65852528	MER50:ERV1:LTR	13	2.86683505677	79	79.00	79	100.00
8Cell_Ctrl	65852528	MER65D:ERV1:LTR	101	4.02313451774	79	79.80	83	96.15
8Cell_Ctrl	65852528	MLT1A1-int:ERVL-MaLR:LTR	130	3.76040822741	79	87.25	88	99.14
8Cell_Ctrl	65852528	U13_:snRNA:snRNA	19	5.2334008376	79	79.76	80	99.69
8Cell_Ctrl	65852528	MER50B:ERV1:LTR	14	3.27484138016	78	78.50	79	99.37
8Cell_Ctrl	65852528	MER65-int:ERV1:LTR	49	4.20383042828	78	78.50	79	99.37
8Cell_Ctrl	65852528	MER4B-int:ERV1:LTR	52	2.94608336475	77	77.00	77	100.00
8Cell_Ctrl	65852528	ORR1G-int:ERVL-MaLR:LTR	70	2.5853138087	77	81.00	81	100.00
8Cell_Ctrl	65852528	MER74C:ERVL:LTR	114	3.87466858956	75	78.83	82	96.14
8Cell_Ctrl	65852528	RLTR3_Mm:ERVK:LTR	31	3.52849659435	75	92.83	95	97.71
8Cell_Ctrl	65852528	MamGypLTR1d:Gypsy:LTR	116	5.03708344627	74	74.50	75	99.33
8Cell_Ctrl	65852528	LTR80A:ERVL:LTR	112	3.7192022725	72	72.00	72	100.00
8Cell_Ctrl	65852528	MER87:ERV1:LTR	46	5.52147833995	72	74.81	76	98.44
8Cell_Ctrl	65852528	LTR16D1:ERVL:LTR	90	4.48440920614	70	70.00	70	100.00
8Cell_Ctrl	65852528	LTR69:ERVL:LTR	74	3.47520164947	69	70.00	72	97.22
8Cell_Ctrl	65852528	MER94B:hAT-Blackjack:DNA	86	4.9683893205	69	69.00	69	100.00
8Cell_Ctrl	65852528	RLTR30C_MM:ERV1:LTR	124	3.94233932338	69	75.50	76	99.34
8Cell_Ctrl	65852528	tRNA-Ala-GCA:tRNA:tRNA	749	4.9660593887	69	69.00	69	100.00
8Cell_Ctrl	65852528	MLT1A-int:ERVL-MaLR:LTR	123	2.53596780497	68	68.03	69	98.60
8Cell_Ctrl	65852528	LTR85c:Gypsy?:LTR	119	3.65602610085	66	66.96	68	98.47
8Cell_Ctrl	65852528	MER92C:ERV1:LTR	72	3.79731377802	66	68.00	68	100.00
8Cell_Ctrl	65852528	LTR81:Gypsy:LTR	70	3.87537811358	65	65.00	65	100.00
8Cell_Ctrl	65852528	Mam_R4:Dong-R4:LINE	138	3.34471074946	65	65.00	65	100.00
8Cell_Ctrl	65852528	MER88:ERVL:LTR	58	3.5816830622	65	67.28	68	98.94
8Cell_Ctrl	65852528	LTR55:ERVL?:LTR	160	4.27367469721	64	69.00	73	94.52
8Cell_Ctrl	65852528	L1M3f:L1:LINE	100	3.39412761732	63	65.75	69	95.29
8Cell_Ctrl	65852528	LTR86B1:ERVL:LTR	49	5.07158428299	63	64.37	65	99.03
8Cell_Ctrl	65852528	LTR68:ERV1:LTR	106	3.95000216769	62	63.35	67	94.56
8Cell_Ctrl	65852528	X5B_LINE:CR1:LINE	79	4.41867222486	62	62.00	62	100.00
8Cell_Ctrl	65852528	U13:snRNA:snRNA	13	2.97201685267	61	61.47	62	99.14
8Cell_Ctrl	65852528	Charlie17a:hAT-Charlie:DNA	63	3.53311084096	60	61.17	62	98.67
8Cell_Ctrl	65852528	MamGypLTR1c:Gypsy:LTR	145	4.30330374839	60	61.50	62	99.19
8Cell_Ctrl	65852528	MER110:ERV1:LTR	147	3.15072194813	60	60.00	60	100.00
8Cell_Ctrl	65852528	LTR16D2:ERVL:LTR	65	3.07956885467	59	60.25	61	98.77
8Cell_Ctrl	65852528	MamRep1894:hAT:DNA	36	3.39759670566	58	58.00	58	100.00
8Cell_Ctrl	65852528	MER68C:ERVL:LTR	60	3.95371292121	58	58.00	58	100.00
8Cell_Ctrl	65852528	LTR109A2:ERV1:LTR	37	3.91056962093	57	57.00	57	100.00
8Cell_Ctrl	65852528	LTR81C:Gypsy:LTR	99	4.54835179767	56	58.96	59	99.93
8Cell_Ctrl	65852528	MER129:LTR?:LTR?	63	3.69252165737	56	56.50	57	99.12
8Cell_Ctrl	65852528	HY1:scRNA:scRNA	38	3.63347972483	54	54.50	55	99.09
8Cell_Ctrl	65852528	LTR85b:Gypsy?:LTR	106	3.15798245968	51	51.50	52	99.04
8Cell_Ctrl	65852528	Eulor12:DNA?:DNA?	35	3.10361749359	50	50.00	50	100.00
8Cell_Ctrl	65852528	Eulor6B:DNA?:DNA?	56	2.67558472299	49	49.00	49	100.00
8Cell_Ctrl	65852528	Helitron2Na_Mam:Helitron?:RC?	74	2.19562881867	49	49.00	49	100.00
8Cell_Ctrl	65852528	MER97b:hAT-Tip100:DNA	55	2.69080876579	49	50.00	50	100.00
8Cell_Ctrl	65852528	MER134:DNA?:DNA?	53	2.28058289093	48	48.00	48	100.00
8Cell_Ctrl	65852528	MER92A:ERV1:LTR	37	2.06406006316	48	48.50	53	91.51
8Cell_Ctrl	65852528	MLT1J1-int:ERVL-MaLR:LTR	67	2.04633837547	48	48.50	49	98.98
8Cell_Ctrl	65852528	Eulor6D:DNA?:DNA?	47	2.8308216871	46	46.00	46	100.00
8Cell_Ctrl	65852528	MER95:ERV1:LTR	54	1.95592618797	45	45.00	45	100.00
8Cell_Ctrl	65852528	Helitron1Na_Mam:Helitron:RC	62	1.97106019049	44	44.00	44	100.00
8Cell_Ctrl	65852528	L1M3a:L1:LINE	120	2.94630903787	42	45.00	45	100.00
8Cell_Ctrl	65852528	RLTR19D:ERVK:LTR	64	2.87559894648	42	47.73	49	97.42
8Cell_Ctrl	65852528	DNA1_Mam:TcMar:DNA	45	3.09840826813	41	43.53	48	90.69
8Cell_Ctrl	65852528	MER57E2:ERV1:LTR	62	2.64582244661	40	40.00	40	100.00
8Cell_Ctrl	65852528	MER123:DNA:DNA	41	2.06572412607	39	39.00	39	100.00
8Cell_Ctrl	65852528	FAM:Alu:SINE	117	2.45145197518	37	37.00	38	97.37
8Cell_Ctrl	65852528	MamGypLTR1a:Gypsy:LTR	137	2.73341138883	37	38.32	40	95.80
8Cell_Ctrl	65852528	MER51-int:ERV1:LTR	7	1.4553088336	37	37.00	37	100.00
8Cell_Ctrl	65852528	tRNA-Ser-AGY:tRNA:tRNA	15	3.17425337341	37	37.00	37	100.00
8Cell_Ctrl	65852528	LTR91:ERVL:LTR	57	2.47258048736	36	36.00	36	100.00
8Cell_Ctrl	65852528	LTR9A1:ERV1:LTR	11	1.85656796258	36	39.05	41	95.24
8Cell_Ctrl	65852528	MER92D:ERV1:LTR	70	1.90038749974	35	35.00	36	97.22
8Cell_Ctrl	65852528	RLTR9A4:ERVK:LTR	35	1.80188523095	35	35.00	35	100.00
8Cell_Ctrl	65852528	Charlie14a:hAT-Charlie:DNA	72	1.59222948295	34	34.50	35	98.57
8Cell_Ctrl	65852528	Cheshire_Mars:hAT-Charlie:DNA	3	1.18950553597	34	34.00	34	100.00
8Cell_Ctrl	65852528	LTR86B2:ERVL:LTR	36	2.32838547715	34	34.00	34	100.00
8Cell_Ctrl	65852528	MER125:DNA:DNA	111	2.60768852464	34	34.00	34	100.00
8Cell_Ctrl	65852528	MER97c:hAT-Tip100:DNA	64	1.91639515502	34	34.50	35	98.57
8Cell_Ctrl	65852528	MER70-int:ERVL:LTR	56	1.78152174373	33	33.00	33	100.00
8Cell_Ctrl	65852528	Ricksha:MULE-MuDR:DNA	60	1.21529422952	33	35.00	35	100.00
8Cell_Ctrl	65852528	MamGypLTR3:Gypsy:LTR	105	2.30740124908	32	32.62	33	98.84
8Cell_Ctrl	65852528	LTR77:ERV1:LTR	38	1.96898759594	31	31.00	31	100.00
8Cell_Ctrl	65852528	MARINER1_EC:TcMar-Tigger:DNA	2	2.5088533774	31	32.50	33	98.50
8Cell_Ctrl	65852528	Eulor2B:DNA?:DNA?	42	2.05877578795	30	30.00	31	96.77
8Cell_Ctrl	65852528	RLTR46:ERVK:LTR	46	1.49883139043	30	31.00	33	93.94
8Cell_Ctrl	65852528	MER97a:hAT-Tip100:DNA	53	1.68976954663	29	29.00	29	100.00
8Cell_Ctrl	65852528	X2_LINE:CR1:LINE	32	1.97041816957	29	29.00	29	100.00
8Cell_Ctrl	65852528	Eulor9C:DNA:DNA	71	2.41501741884	28	28.00	28	100.00
8Cell_Ctrl	65852528	MamRep488:hAT-Tip100:DNA	29	1.94036397159	28	30.96	31	99.86
8Cell_Ctrl	65852528	MER89-int:ERV1:LTR	98	1.68167213498	28	28.00	28	100.00
8Cell_Ctrl	65852528	X9_LINE:L1?:LINE	52	2.25609497054	28	28.00	28	100.00
8Cell_Ctrl	65852528	Eulor2A:DNA?:DNA?	41	2.00182978759	27	27.00	27	100.00
8Cell_Ctrl	65852528	LTR90B:LTR:LTR	91	1.94556784886	27	27.00	27	100.00
8Cell_Ctrl	65852528	MER72B:ERV1:LTR	74	1.28807913566	27	27.00	27	100.00
8Cell_Ctrl	65852528	Tigger1a_Art:TcMar-Tigger:DNA	37	1.64502687239	27	27.00	27	100.00
8Cell_Ctrl	65852528	tRNA-Tyr-TAC:tRNA:tRNA	20	2.34928605869	27	27.00	27	100.00
8Cell_Ctrl	65852528	Arthur1C:hAT-Tip100:DNA	155	1.19520834869	25	25.71	26	98.90
8Cell_Ctrl	65852528	LTR39:ERV1:LTR	11	1.00432843121	25	25.00	25	100.00
8Cell_Ctrl	65852528	MLT1G-int:ERVL-MaLR:LTR	39	1.29918334075	25	25.06	30	83.52
8Cell_Ctrl	65852528	X5A_LINE:CR1:LINE	69	2.07374011743	25	25.00	25	100.00
8Cell_Ctrl	65852528	MERX:TcMar-Tigger:DNA	64	1.46825618098	24	24.00	24	100.00
8Cell_Ctrl	65852528	Ricksha_a:MULE-MuDR:DNA	30	1.00669663129	23	23.00	23	100.00
8Cell_Ctrl	65852528	LTR32:ERVL:LTR	9	1.36988827139	22	22.00	22	100.00
8Cell_Ctrl	65852528	MamGypLTR2c:Gypsy:LTR	110	1.65845605568	22	22.00	25	88.00
8Cell_Ctrl	65852528	tRNA-Lys-AAG:tRNA:tRNA	184	0.727471809824	22	22.00	22	100.00
8Cell_Ctrl	65852528	L1M6B:L1:LINE	43	1.22010542814	21	21.00	21	100.00
8Cell_Ctrl	65852528	LTR29:ERV1:LTR	34	1.6941213208	21	21.00	21	100.00
8Cell_Ctrl	65852528	LTR86A2:ERVL:LTR	79	1.84311718885	21	22.00	23	95.65
8Cell_Ctrl	65852528	MER110-int:ERV1:LTR	38	1.10948915229	21	21.52	24	89.65
8Cell_Ctrl	65852528	MER50-int:ERV1:LTR	14	1.37039613882	21	21.00	21	100.00
8Cell_Ctrl	65852528	nhAT5a_ML:hAT-Charlie:DNA	4	0.645430748367	21	21.00	21	100.00
8Cell_Ctrl	65852528	tRNA-Ala-GCG:tRNA:tRNA	194	1.23662546513	21	21.00	21	100.00
8Cell_Ctrl	65852528	Eulor8:TcMar?:DNA	110	1.25448346144	20	20.00	20	100.00
8Cell_Ctrl	65852528	MLT1G1-int:ERVL-MaLR:LTR	51	1.10402343553	20	20.50	22	93.18
8Cell_Ctrl	65852528	LTR103_Mam:ERV1?:LTR	58	1.7412644609	19	19.00	19	100.00
8Cell_Ctrl	65852528	LTR108b_Mam:ERVL:LTR	19	1.43915384569	19	19.00	19	100.00
8Cell_Ctrl	65852528	LTR108e_Mam:ERVL:LTR	36	1.06197774954	19	19.00	19	100.00
8Cell_Ctrl	65852528	Ricksha_a:MuDR:DNA	11	0.752817340849	19	19.00	19	100.00
8Cell_Ctrl	65852528	HY3:scRNA:scRNA	15	1.16854337515	18	18.00	18	100.00
8Cell_Ctrl	65852528	Eulor5B:DNA?:DNA?	37	0.593649005593	17	17.00	17	100.00
8Cell_Ctrl	65852528	MLT1N2-int:ERVL-MaLR:LTR	3	0.29844228897	17	17.00	17	100.00
8Cell_Ctrl	65852528	L1M2b:L1:LINE	16	1.02952175457	16	16.00	16	100.00
8Cell_Ctrl	65852528	LTR108c_Mam:ERVL:LTR	15	0.681044239463	16	16.00	16	100.00
8Cell_Ctrl	65852528	LTR88a:Gypsy?:LTR	64	0.888829277946	16	16.00	16	100.00
8Cell_Ctrl	65852528	tRNA-Leu-CTG:tRNA:tRNA	16	1.39479426335	16	17.00	17	100.00
8Cell_Ctrl	65852528	MER91C:hAT-Tip100:DNA	110	1.42036049336	15	15.00	17	88.24
8Cell_Ctrl	65852528	tRNA-Arg-AGA:tRNA:tRNA	30	1.03084428653	15	15.00	15	100.00
8Cell_Ctrl	65852528	tRNA-Leu-CTY:tRNA:tRNA	8	1.36669012919	15	15.00	15	100.00
8Cell_Ctrl	65852528	ERVB4_1-LTR_MM:ERVK:LTR	21	0.95074509339	14	14.00	14	100.00
8Cell_Ctrl	65852528	tRNA-SeC(e)-TGA:tRNA:tRNA	3	1.23602466464	14	14.00	14	100.00
8Cell_Ctrl	65852528	Cheshire_Mars_:hAT-Charlie:DNA	6	0.402577385994	13	13.00	13	100.00
8Cell_Ctrl	65852528	LTR108a_Mam:ERVL:LTR	39	1.19816541768	13	13.00	13	100.00
8Cell_Ctrl	65852528	tRNA-Ser-TCA_:tRNA:tRNA	3	0.693766449024	13	13.00	13	100.00
8Cell_Ctrl	65852528	Eulor6E:DNA?:DNA?	18	1.01312700635	12	12.00	12	100.00
8Cell_Ctrl	65852528	FordPrefect_a:hAT-Tip100:DNA	60	0.855681255577	12	12.00	12	100.00
8Cell_Ctrl	65852528	LTR34:ERV1:LTR	8	0.60470404145	12	12.00	12	100.00
8Cell_Ctrl	65852528	MER66C:ERV1:LTR	19	0.585351526514	12	12.00	12	100.00
8Cell_Ctrl	65852528	RNLTR23:ERVK:LTR	5	0.854887924701	12	12.00	12	100.00
8Cell_Ctrl	65852528	LTR52-int:ERVL:LTR	50	1.10537568702	11	12.00	13	92.31
8Cell_Ctrl	65852528	LTR9D:ERV1:LTR	11	0.872030155136	11	11.00	11	100.00
8Cell_Ctrl	65852528	tRNA-Ile-ATT:tRNA:tRNA	40	0.632780571619	11	11.00	11	100.00
8Cell_Ctrl	65852528	UCON14:DNA?:DNA?	66	1.02762896524	11	11.00	11	100.00
8Cell_Ctrl	65852528	X1_LINE:CR1:LINE	40	0.930740606624	11	11.00	11	100.00
8Cell_Ctrl	65852528	Eulor11:DNA:DNA	49	0.76277197462	10	10.00	10	100.00
8Cell_Ctrl	65852528	LTR108d_Mam:ERVL:LTR	30	0.556881414592	10	10.00	10	100.00
8Cell_Ctrl	65852528	UCON13:Penelope?:LINE?	42	0.680119659633	10	10.00	10	100.00
8Cell_Ctrl	65852528	C573_MM:Other:Other	1738	1.65302423694	9	18.00	18	100.00
8Cell_Ctrl	65852528	MER96B:hAT:DNA	8	0.608850424431	9	9.00	9	100.00
8Cell_Ctrl	65852528	tRNA-Asn-AAC:tRNA:tRNA	27	13.4996230354	9	197.00	197	100.00
8Cell_Ctrl	65852528	tRNA-Ser-TCY:tRNA:tRNA	12	0.883301569312	9	9.00	9	100.00
8Cell_Ctrl	65852528	LTR28:ERV1:LTR	10	0.612284965287	8	8.00	8	100.00
8Cell_Ctrl	65852528	MER101B:ERV1:LTR	21	0.384665268196	7	7.00	7	100.00
8Cell_Ctrl	65852528	MER133A:DNA?:DNA?	35	0.441071042155	7	7.00	7	100.00
8Cell_Ctrl	65852528	Eulor1:DNA:DNA	56	0.606747396085	6	6.00	6	100.00
8Cell_Ctrl	65852528	MER97d:hAT-Tip100:DNA	28	0.328993270779	6	6.00	6	100.00
8Cell_Ctrl	65852528	MLT1E1A-int:ERVL-MaLR:LTR	28	0.272613239353	6	6.00	6	100.00
8Cell_Ctrl	65852528	MLT1J2-int:ERVL-MaLR:LTR	27	0.372419778582	6	6.45	8	80.59
8Cell_Ctrl	65852528	Ricksha_c:MuDR:DNA	26	0.50078120032	6	6.00	6	100.00
8Cell_Ctrl	65852528	tRNA-Leu-CTA_:tRNA:tRNA	4	0.607417835197	6	6.00	6	100.00
8Cell_Ctrl	65852528	tRNA-Thr-ACG_:tRNA:tRNA	20	0.248941735736	6	6.00	6	100.00
8Cell_Ctrl	65852528	Eulor2C:DNA?:DNA?	24	0.506181529331	5	5.00	5	100.00
8Cell_Ctrl	65852528	Eulor6A:DNA?:DNA?	21	0.423489892206	5	5.00	5	100.00
8Cell_Ctrl	65852528	MLT1E3-int:ERVL-MaLR:LTR	12	0.424228329344	5	5.00	5	100.00
8Cell_Ctrl	65852528	MLT1L-int:ERVL-MaLR:LTR	13	0.318699804122	5	5.00	5	100.00
8Cell_Ctrl	65852528	tRNA-Ile-ATA:tRNA:tRNA	26	0.492653025827	5	5.00	5	100.00
8Cell_Ctrl	65852528	tRNA-Leu-CTA:tRNA:tRNA	3	0.506181529331	5	5.00	5	100.00
8Cell_Ctrl	65852528	UCON7:DNA?:DNA?	99	0.313001268252	5	6.50	7	92.86
8Cell_Ctrl	65852528	LTR9:ERV1:LTR	13	0.572631791771	4	8.00	12	66.67
8Cell_Ctrl	65852528	MER133B:DNA?:DNA?	22	0.278632034494	4	4.00	4	100.00
8Cell_Ctrl	65852528	MER66B:ERV1:LTR	7	0.404945223465	4	4.00	4	100.00
8Cell_Ctrl	65852528	RLTR12F:ERVK:LTR	60	0.195166898938	4	4.00	4	100.00
8Cell_Ctrl	65852528	RMER3D3:ERVK:LTR	8	0.156148543752	4	4.00	4	100.00
8Cell_Ctrl	65852528	tRNA-Leu-TTG:tRNA:tRNA	24	0.144968457088	4	4.00	4	100.00
8Cell_Ctrl	65852528	tRNA-Ser-TCA(m):tRNA:tRNA	4	0.460165026664	4	4.00	4	100.00
8Cell_Ctrl	65852528	tRNA-Ser-TCG:tRNA:tRNA	5	0.343187889553	4	4.00	4	100.00
8Cell_Ctrl	65852528	HUERS-P3b-int:ERV1:LTR	3	0.303708917598	3	3.00	3	100.00
8Cell_Ctrl	65852528	HY4:scRNA:scRNA	3	0.258842827499	3	3.00	3	100.00
8Cell_Ctrl	65852528	LTR27C:ERV1:LTR	7	0.262783602461	3	3.00	3	100.00
8Cell_Ctrl	65852528	LTR75_1:ERV1:LTR	9	0.12379439576	3	3.00	3	100.00
8Cell_Ctrl	65852528	MER132:TcMar-Pogo:DNA	21	0.284193485142	3	3.00	3	100.00
8Cell_Ctrl	65852528	MER136:DNA:DNA	23	0.281222314259	3	3.00	3	100.00
8Cell_Ctrl	65852528	tRNA-Leu-TTA:tRNA:tRNA	18	0.299195196955	3	3.00	3	100.00
8Cell_Ctrl	65852528	tRNA-Pro-CCY:tRNA:tRNA	29	0.29391185574	3	3.00	3	100.00
8Cell_Ctrl	65852528	tRNA-Thr-ACY:tRNA:tRNA	14	0.166873031647	3	3.00	3	100.00
8Cell_Ctrl	65852528	UCON21:DNA?:DNA?	23	0.303708917598	3	3.00	3	100.00
8Cell_Ctrl	65852528	LTR59:ERV1:LTR	8	0.160692548994	2	2.00	2	100.00
8Cell_Ctrl	65852528	MLT1E-int:ERVL-MaLR:LTR	9	0.14389205272	2	2.00	2	100.00
8Cell_Ctrl	65852528	tRNA-Asp-GAY:tRNA:tRNA	33	0.119500971332	2	2.13	4	53.32
8Cell_Ctrl	65852528	tRNA-Met_:tRNA:tRNA	46	0.189818073499	2	2.00	2	100.00
8Cell_Ctrl	65852528	tRNA-Val-GTG:tRNA:tRNA	25	0.210908970554	2	2.00	2	100.00
8Cell_Ctrl	65852528	Eulor3:DNA?:DNA?	28	0.111657690294	1	1.00	1	100.00
8Cell_Ctrl	65852528	L1M2a1:L1:LINE	11	0.101236305866	1	1.00	1	100.00
8Cell_Ctrl	65852528	LTR36:ERV1:LTR	5	0.101915744161	1	1.00	1	100.00
8Cell_Ctrl	65852528	LTR58:ERV1:LTR	9	0.101236305866	1	1.00	1	100.00
8Cell_Ctrl	65852528	MER76-int:ERVL:LTR	16	0.101236305866	1	1.00	1	100.00
8Cell_Ctrl	65852528	MLT1O-int:ERVL-MaLR:LTR	2	0.101236305866	1	1.00	1	100.00
8Cell_Ctrl	65852528	Ricksha_0:MuDR:DNA	29	0.0333746063295	1	1.00	1	100.00
8Cell_Ctrl	65852528	Ricksha_b:MULE-MuDR:DNA	6	0.102604364054	1	1.00	1	100.00
8Cell_Ctrl	65852528	tRNA-Arg-CGG:tRNA:tRNA	3	0.105454485277	1	1.00	1	100.00
8Cell_Ctrl	65852528	tRNA-Gly-GGY:tRNA:tRNA	52	0.126545382333	1	1.00	1	100.00
8Cell_Ctrl	65852528	tRNA-Met-i:tRNA:tRNA	19	0.104009903287	1	1.00	1	100.00
8Cell_Ctrl	65852528	tRNA-Val-GTY:tRNA:tRNA	18	0.103302352925	1	1.00	1	100.00
8Cell_Ctrl	65852528	Charlie1b_Mars:hAT-Charlie:DNA	2	0	0	0.00	0	NA
8Cell_Ctrl	65852528	Eulor10:DNA?:DNA?	29	0	0	0.00	0	NA
8Cell_Ctrl	65852528	Eulor6C:DNA?:DNA?	15	0	0	0.00	0	NA
8Cell_Ctrl	65852528	Eulor7:DNA?:DNA?	4	0	0	0.00	0	NA
8Cell_Ctrl	65852528	Eulor9B:DNA:DNA	14	0	0	0.00	0	NA
8Cell_Ctrl	65852528	HERVL32-int:ERVL:LTR	1	0	0	0.00	0	NA
8Cell_Ctrl	65852528	HY5:scRNA:scRNA	1	0	0	0.00	0	NA
8Cell_Ctrl	65852528	LTR23-int:ERV1:LTR	11	0	0	0.00	0	NA
8Cell_Ctrl	65852528	LTR44:ERV1:LTR	3	0	0	0.00	0	NA
8Cell_Ctrl	65852528	LTR64:ERV1:LTR	8	0	0	0.00	0	NA
8Cell_Ctrl	65852528	MamRep1161:TcMar:DNA	7	0	0	0.00	0	NA
8Cell_Ctrl	65852528	MamRep137:TcMar?:DNA	4	0	0	0.00	0	NA
8Cell_Ctrl	65852528	MER47C:TcMar-Tigger:DNA	14	0	0	0.00	0	NA
8Cell_Ctrl	65852528	MER49:ERV1:LTR	7	0	0	0.00	0	NA
8Cell_Ctrl	65852528	MER4CL34:ERV1:LTR	6	0	0	0.00	0	NA
8Cell_Ctrl	65852528	MER57E3:ERV1:LTR	4	0	0	0.00	0	NA
8Cell_Ctrl	65852528	MER66A:ERV1:LTR	5	0	0	0.00	0	NA
8Cell_Ctrl	65852528	MER72:ERV1:LTR	9	0	0	0.00	0	NA
8Cell_Ctrl	65852528	MER83A-int:ERV1:LTR	1	0	0	0.00	0	NA
8Cell_Ctrl	65852528	MER83B-int:ERV1:LTR	9	0	0	0.00	0	NA
8Cell_Ctrl	65852528	MLT1E1-int:ERVL-MaLR:LTR	8	0	0	0.00	0	NA
8Cell_Ctrl	65852528	MLT1K-int:ERVL-MaLR:LTR	8	0	0	0.00	0	NA
8Cell_Ctrl	65852528	Ricksha_b:MuDR:DNA	2	0	0	0.00	0	NA
8Cell_Ctrl	65852528	RLTR43A:ERVK:LTR	3	0	0	0.00	0	NA
8Cell_Ctrl	65852528	RLTR43B:ERVK:LTR	1	0	0	0.00	0	NA
8Cell_Ctrl	65852528	RMER3D1:ERVK:LTR	1	0	0	0.00	0	NA
8Cell_Ctrl	65852528	RMER3D2:ERVK:LTR	3	0	0	0.00	0	NA
8Cell_Ctrl	65852528	RMER3D4:ERVK:LTR	2	0	0	0.00	0	NA
8Cell_Ctrl	65852528	Tigger1a_Mars:TcMar-Tigger:DNA	2	0	0	0.00	0	NA
8Cell_Ctrl	65852528	tRNA-Ala-GCY:tRNA:tRNA	12	0	0	0.00	0	NA
8Cell_Ctrl	65852528	tRNA-Arg-AGG:tRNA:tRNA	18	0	0	0.00	0	NA
8Cell_Ctrl	65852528	tRNA-Arg-CGA_:tRNA:tRNA	2	0	0	0.00	0	NA
8Cell_Ctrl	65852528	tRNA-Arg-CGA:tRNA:tRNA	3	0	0	0.00	0	NA
8Cell_Ctrl	65852528	tRNA-Arg-CGY_:tRNA:tRNA	21	0	0	0.00	0	NA
8Cell_Ctrl	65852528	tRNA-Cys-TGY:tRNA:tRNA	89	0	0	0.00	0	NA
8Cell_Ctrl	65852528	tRNA-Gln-CAA:tRNA:tRNA	14	0	0	0.00	0	NA
8Cell_Ctrl	65852528	tRNA-Gln-CAA_:tRNA:tRNA	4	0	0	0.00	0	NA
8Cell_Ctrl	65852528	tRNA-Gln-CAG:tRNA:tRNA	25	0	0	0.00	0	NA
8Cell_Ctrl	65852528	tRNA-Glu-GAA:tRNA:tRNA	9	0.106939759718	0	1.00	1	100.00
8Cell_Ctrl	65852528	tRNA-Glu-GAG_:tRNA:tRNA	39	0	0	0.00	0	NA
8Cell_Ctrl	65852528	tRNA-Glu-GAG:tRNA:tRNA	6	0	0	0.00	0	NA
8Cell_Ctrl	65852528	tRNA-Gly-GGA:tRNA:tRNA	86	0	0	0.00	0	NA
8Cell_Ctrl	65852528	tRNA-Gly-GGG:tRNA:tRNA	24	0	0	0.00	0	NA
8Cell_Ctrl	65852528	tRNA-His-CAY_:tRNA:tRNA	16	0	0	0.00	0	NA
8Cell_Ctrl	65852528	tRNA-Leu-TTA(m):tRNA:tRNA	1	0	0	0.00	0	NA
8Cell_Ctrl	65852528	tRNA-Lys-AAA:tRNA:tRNA	22	0	0	0.00	0	NA
8Cell_Ctrl	65852528	tRNA-Met:tRNA:tRNA	21	0	0	0.00	0	NA
8Cell_Ctrl	65852528	tRNA-Phe-TTY:tRNA:tRNA	47	0	0	0.00	0	NA
8Cell_Ctrl	65852528	tRNA-Pro-CCA:tRNA:tRNA	10	0	0	0.00	0	NA
8Cell_Ctrl	65852528	tRNA-Pro-CCG:tRNA:tRNA	4	0	0	0.00	0	NA
8Cell_Ctrl	65852528	tRNA-Ser-TCA:tRNA:tRNA	1	0	0	0.00	0	NA
8Cell_Ctrl	65852528	tRNA-Thr-ACA:tRNA:tRNA	17	0	0	0.00	0	NA
8Cell_Ctrl	65852528	tRNA-Thr-ACG:tRNA:tRNA	3	0	0	0.00	0	NA
8Cell_Ctrl	65852528	tRNA-Thr-ACY_:tRNA:tRNA	15	0	0	0.00	0	NA
8Cell_Ctrl	65852528	tRNA-Trp-TGG:tRNA:tRNA	16	0	0	0.00	0	NA
8Cell_Ctrl	65852528	tRNA-Tyr-TAT:tRNA:tRNA	3	0	0	0.00	0	NA
8Cell_Ctrl	65852528	tRNA-Val-GTA:tRNA:tRNA	13	0	0	0.00	0	NA
8Cell_Ctrl	65852528	U7:snRNA:snRNA	49	0	0	0.00	0	NA
8Cell_Ctrl	65852528	X7D_LINE:CR1:LINE	10	0	0	0.00	0	NA
