Sample	aligned_libsize	Subfamily:Family:Class	copies	fpkm	uniq_counts	tot_counts	tot_reads	score
midBlast_Ctrl_	51676302	LSU-rRNA_Hsa:rRNA:rRNA	480	71595.3279473	2049050	2085775.11	2085571	100.01
midBlast_Ctrl_	51676302	B3:B2:SINE	148427	25345.4475646	468653	475562.01	479500	99.18
midBlast_Ctrl_	51676302	B2_Mm2:B2:SINE	90007	16884.7964033	299034	303226.30	305781	99.16
midBlast_Ctrl_	51676302	ID_B1:B4:SINE	110827	16929.792978	285574	288328.20	290306	99.32
midBlast_Ctrl_	51676302	SSU-rRNA_Hsa:rRNA:rRNA	45	1213.27592881	267284	285308.03	285291	100.01
midBlast_Ctrl_	51676302	B1_Mus1:Alu:SINE	95081	17477.2159857	262850	267366.97	269616	99.17
midBlast_Ctrl_	51676302	RSINE1:B4:SINE	115806	16352.9784213	257606	260422.37	262366	99.26
midBlast_Ctrl_	51676302	B4A:B4:SINE	107073	12405.4816355	230632	233247.26	235066	99.23
midBlast_Ctrl_	51676302	FordPrefect:hAT-Tip100:DNA	291	10681.6827048	221861	221865.00	221866	100.00
midBlast_Ctrl_	51676302	B3A:B2:SINE	92925	12370.2457161	215998	219626.91	222232	98.83
midBlast_Ctrl_	51676302	RLTR45-int:ERVK:LTR	1317	4714.06826021	209483	384618.22	391287	98.30
midBlast_Ctrl_	51676302	B1_Mus2:Alu:SINE	70891	14280.2862231	195275	204133.71	206037	99.08
midBlast_Ctrl_	51676302	PB1D10:Alu:SINE	65054	9686.53867362	137375	138606.33	139586	99.30
midBlast_Ctrl_	51676302	B2_Mm1a:B2:SINE	18346	7895.82696156	116638	128066.60	129615	98.81
midBlast_Ctrl_	51676302	B2_Mm1t:B2:SINE	23218	7110.76314107	114765	122086.94	124532	98.04
midBlast_Ctrl_	51676302	B1_Mur4:Alu:SINE	41031	7117.74762248	113627	114854.62	115833	99.16
midBlast_Ctrl_	51676302	B4:B4:SINE	64020	6348.79837073	113267	114455.32	115506	99.09
midBlast_Ctrl_	51676302	B1_Mur1:Alu:SINE	38058	7102.07003491	112240	114550.51	115494	99.18
midBlast_Ctrl_	51676302	IAPEz-int:ERVK:LTR	7319	2535.11714905	101589	320545.22	321126	99.82
midBlast_Ctrl_	51676302	B1_Mur2:Alu:SINE	31869	6266.84445795	101342	102326.74	103199	99.15
midBlast_Ctrl_	51676302	B1_Mm:Alu:SINE	42910	7529.9378187	98062	104159.83	105258	98.96
midBlast_Ctrl_	51676302	B1F:Alu:SINE	45170	6373.27590469	95887	97017.55	97851	99.15
midBlast_Ctrl_	51676302	PB1D9:Alu:SINE	28939	6256.40480444	94100	95274.46	95920	99.33
midBlast_Ctrl_	51676302	MTD:ERVL-MaLR:LTR	51544	4089.35080738	90187	91924.53	92951	98.90
midBlast_Ctrl_	51676302	L1Md_F2:L1:LINE	64898	2054.01688699	82266	92152.97	97047	94.96
midBlast_Ctrl_	51676302	B1_Mur3:Alu:SINE	24632	5100.40224731	81283	82725.26	83314	99.29
midBlast_Ctrl_	51676302	Lx8:L1:LINE	49141	2918.86499436	70282	72727.66	73450	99.02
midBlast_Ctrl_	51676302	7SK:RNA:RNA	691	4659.70647071	69951	86204.47	86219	99.98
midBlast_Ctrl_	51676302	L1Md_T:L1:LINE	23688	985.647296842	67166	128548.77	140420	91.55
midBlast_Ctrl_	51676302	7SLRNA:srpRNA:srpRNA	437	17578.568041	66850	349657.52	349663	100.00
midBlast_Ctrl_	51676302	B1F1:Alu:SINE	19678	3524.35681549	62377	62749.17	63061	99.51
midBlast_Ctrl_	51676302	PB1D7:Alu:SINE	24346	4224.82499013	61332	62115.33	62515	99.36
midBlast_Ctrl_	51676302	MIRb:MIR:SINE	42160	3878.49106671	55514	56240.33	56599	99.37
midBlast_Ctrl_	51676302	MTC:ERVL-MaLR:LTR	27489	2284.41222194	53870	55083.52	55752	98.80
midBlast_Ctrl_	51676302	L1_Mus3:L1:LINE	48489	1494.78694333	53868	58633.82	60105	97.55
midBlast_Ctrl_	51676302	Lx9:L1:LINE	49160	2164.58391303	53472	55127.78	55598	99.15
midBlast_Ctrl_	51676302	L2a:L2:LINE	24277	2846.24111874	52902	53811.08	54088	99.49
midBlast_Ctrl_	51676302	ETnERV3-int:ERVK:LTR	560	778.616304352	52801	63087.23	62923	100.26
midBlast_Ctrl_	51676302	L1_Mus1:L1:LINE	27252	1263.85273263	48505	52691.46	53973	97.63
midBlast_Ctrl_	51676302	Lx7:L1:LINE	40190	1781.54237852	46872	49367.21	50020	98.69
midBlast_Ctrl_	51676302	MIR:MIR:SINE	38978	3184.88353807	46105	46661.89	46961	99.36
midBlast_Ctrl_	51676302	B1F2:Alu:SINE	16513	2884.1156692	45237	45886.02	46274	99.16
midBlast_Ctrl_	51676302	ORR1D1:ERVL-MaLR:LTR	21507	1981.79126956	43690	44412.83	44855	99.01
midBlast_Ctrl_	51676302	L2:L2:LINE	17614	2193.24275381	43349	43762.98	43978	99.51
midBlast_Ctrl_	51676302	MTA_Mm:ERVL-MaLR:LTR	15623	1537.37138303	37082	42331.08	44316	95.52
midBlast_Ctrl_	51676302	MMERVK10C-int:ERVK:LTR	3230	861.960626967	35619	72411.91	72905	99.32
midBlast_Ctrl_	51676302	URR1A:hAT-Charlie:DNA	17621	2110.42347265	35560	36002.22	36272	99.26
midBlast_Ctrl_	51676302	URR1B:hAT-Charlie:DNA	16889	1931.85604335	33504	33943.94	34159	99.37
midBlast_Ctrl_	51676302	L1_Mur3:L1:LINE	27399	1119.25209734	32781	34412.18	34875	98.67
midBlast_Ctrl_	51676302	PB1D11:Alu:SINE	18484	2273.82231676	32464	32742.70	32943	99.39
midBlast_Ctrl_	51676302	ORR1E:ERVL-MaLR:LTR	22742	1610.20544053	32339	32709.00	33034	99.02
midBlast_Ctrl_	51676302	MERVL-int:ERVL:LTR	2600	409.074731299	31963	64067.32	65105	98.41
midBlast_Ctrl_	51676302	ORR1A2:ERVL-MaLR:LTR	14843	1405.01302182	31686	32662.18	33123	98.61
midBlast_Ctrl_	51676302	ORR1B1:ERVL-MaLR:LTR	17313	1345.86343636	31217	32272.94	32740	98.57
midBlast_Ctrl_	51676302	ORR1F:ERVL-MaLR:LTR	23086	1678.95625586	30435	30924.83	31215	99.07
midBlast_Ctrl_	51676302	L1M4:L1:LINE	13935	1297.74918323	29451	29874.86	30166	99.03
midBlast_Ctrl_	51676302	MT2B:ERVL:LTR	13977	1740.87089971	29177	29615.98	30050	98.56
midBlast_Ctrl_	51676302	MMETn-int:ERVK:LTR	980	340.493607782	28202	58409.54	69118	84.51
midBlast_Ctrl_	51676302	MTEa:ERVL-MaLR:LTR	20061	1431.37228463	27995	28623.43	28909	99.01
midBlast_Ctrl_	51676302	PB1:Alu:SINE	11784	1868.40622683	26422	26718.76	26894	99.35
midBlast_Ctrl_	51676302	Lx:L1:LINE	24834	751.198426366	26279	28033.54	28718	97.62
midBlast_Ctrl_	51676302	L1Md_A:L1:LINE	16844	532.544135212	25951	48548.94	56436	86.02
midBlast_Ctrl_	51676302	ORR1D2:ERVL-MaLR:LTR	15061	1216.20545846	25802	26324.30	26571	99.07
midBlast_Ctrl_	51676302	RLTR1B-int:ERV1:LTR	798	308.741696758	25657	29071.83	29193	99.58
midBlast_Ctrl_	51676302	RMER6A:ERVK:LTR	3983	729.884900909	25278	26388.16	26708	98.80
midBlast_Ctrl_	51676302	MTE2a:ERVL-MaLR:LTR	15148	1151.7124556	24349	24877.58	25158	98.89
midBlast_Ctrl_	51676302	MMERGLN-int:ERV1:LTR	856	191.966840906	24062	56662.67	56730	99.88
midBlast_Ctrl_	51676302	Lx8b:L1:LINE	24166	991.82443933	24035	24787.27	25050	98.95
midBlast_Ctrl_	51676302	L1_Mus2:L1:LINE	21079	693.951336334	23761	26187.59	27729	94.44
midBlast_Ctrl_	51676302	MIRc:MIR:SINE	23213	1734.75529354	23757	23892.75	24007	99.52
midBlast_Ctrl_	51676302	ORR1C2:ERVL-MaLR:LTR	12473	1065.09795728	23716	24057.25	24299	99.01
midBlast_Ctrl_	51676302	ID4:ID:SINE	23970	1772.99324324	23318	23568.38	23711	99.40
midBlast_Ctrl_	51676302	ID4_:ID:SINE	26384	1703.29100199	23298	23511.48	23652	99.41
midBlast_Ctrl_	51676302	L1M5:L1:LINE	16596	1256.79176778	22971	23220.95	23422	99.14
midBlast_Ctrl_	51676302	L1M2:L1:LINE	18488	962.488257494	22815	23350.99	23638	98.79
midBlast_Ctrl_	51676302	RLTR17B_Mm:ERVK:LTR	27369	1481.95482367	22062	22537.88	22635	99.57
midBlast_Ctrl_	51676302	RMER19B:ERVK:LTR	5640	570.037826097	20976	21562.06	21737	99.20
midBlast_Ctrl_	51676302	Lx6:L1:LINE	18164	711.802123675	20885	22075.69	22397	98.57
midBlast_Ctrl_	51676302	L2c:L2:LINE	12298	1275.64059123	20330	21103.11	21480	98.25
midBlast_Ctrl_	51676302	RLTR45:ERVK:LTR	1557	819.303107291	20241	28753.72	34585	83.14
midBlast_Ctrl_	51676302	Lx5:L1:LINE	16339	669.731403525	19989	21106.68	21487	98.23
midBlast_Ctrl_	51676302	Lx5c:L1:LINE	16422	724.923031168	18917	19858.58	20204	98.29
midBlast_Ctrl_	51676302	RMER15:ERVL:LTR	18077	1018.6097104	18800	19400.59	19620	98.88
midBlast_Ctrl_	51676302	L2b:L2:LINE	13720	1193.832847	18785	18964.09	19062	99.49
midBlast_Ctrl_	51676302	MTE2b:ERVL-MaLR:LTR	14367	947.445172999	18675	18989.85	19174	99.04
midBlast_Ctrl_	51676302	L1MB7:L1:LINE	6956	810.687292923	18149	18575.96	18758	99.03
midBlast_Ctrl_	51676302	ORR1B2:ERVL-MaLR:LTR	8528	795.936089388	17936	18410.27	18582	99.08
midBlast_Ctrl_	51676302	MTA_Mm-int:ERVL-MaLR:LTR	3027	480.260580234	17273	32154.02	34438	93.37
midBlast_Ctrl_	51676302	MTB:ERVL-MaLR:LTR	6419	609.038392783	16843	17112.43	17414	98.27
midBlast_Ctrl_	51676302	ORR1A2-int:ERVL-MaLR:LTR	2132	267.95111075	16653	17837.53	18037	98.89
midBlast_Ctrl_	51676302	MERVL_2A-int:ERVL:LTR	3899	295.539410626	15927	17096.35	21835	78.30
midBlast_Ctrl_	51676302	ORR1A4:ERVL-MaLR:LTR	7791	684.587220778	15600	15889.45	16100	98.69
midBlast_Ctrl_	51676302	L1VL2:L1:LINE	4697	263.362954407	15257	16029.25	16198	98.96
midBlast_Ctrl_	51676302	MIR3:MIR:SINE	16085	1179.04936857	15216	15306.45	15378	99.53
midBlast_Ctrl_	51676302	MER2:TcMar-Tigger:DNA	10246	858.611044254	14972	15377.57	15499	99.22
midBlast_Ctrl_	51676302	L1MB8:L1:LINE	6000	674.931713094	14930	15182.17	15304	99.20
midBlast_Ctrl_	51676302	ORR1C1:ERVL-MaLR:LTR	7423	656.356900963	14911	15216.01	15391	98.86
midBlast_Ctrl_	51676302	RMER1B:Other:Other	7511	533.359594957	14902	15543.71	15780	98.50
midBlast_Ctrl_	51676302	L1_Mur2:L1:LINE	20769	553.573976885	14859	16170.98	16640	97.18
midBlast_Ctrl_	51676302	MT2A:ERVL:LTR	10140	596.792426782	14161	14419.26	14577	98.92
midBlast_Ctrl_	51676302	L1_Mm:L1:LINE	5429	320.376396338	14094	17801.43	22683	78.48
midBlast_Ctrl_	51676302	L1Md_F3:L1:LINE	16146	404.579408802	13848	15984.78	17415	91.79
midBlast_Ctrl_	51676302	MTEb:ERVL-MaLR:LTR	10811	731.662562825	13815	14031.35	14178	98.97
midBlast_Ctrl_	51676302	ORR1A1-int:ERVL-MaLR:LTR	859	194.914410992	13731	15706.16	16179	97.08
midBlast_Ctrl_	51676302	RCHARR1:hAT-Charlie:DNA	6811	542.591958178	13668	13917.33	14090	98.77
midBlast_Ctrl_	51676302	Lx2:L1:LINE	18521	484.773929846	13662	14763.67	15199	97.14
midBlast_Ctrl_	51676302	MT2B1:ERVL:LTR	7248	543.546853936	13575	14032.14	14219	98.69
midBlast_Ctrl_	51676302	L1_Rod:L1:LINE	11315	490.834487065	13558	13893.61	14050	98.89
midBlast_Ctrl_	51676302	RMER4B:ERVK:LTR	5158	489.195145724	13068	13305.93	13460	98.86
midBlast_Ctrl_	51676302	ERVB4_2-LTR_MM:ERVK:LTR	144	447.303818827	13028	17162.56	23516	72.98
midBlast_Ctrl_	51676302	Lx3_Mus:L1:LINE	12651	402.866859162	12926	13569.86	13798	98.35
midBlast_Ctrl_	51676302	L1_Mus4:L1:LINE	11880	372.127206215	12878	13560.57	13979	97.01
midBlast_Ctrl_	51676302	L1MC4:L1:LINE	5589	646.131050155	12354	12841.28	12956	99.11
midBlast_Ctrl_	51676302	RMER10A:ERVL:LTR	4464	595.723099314	12346	12989.21	13147	98.80
midBlast_Ctrl_	51676302	L1MB3:L1:LINE	5343	565.506975631	12182	12371.90	12492	99.04
midBlast_Ctrl_	51676302	RLTR10-int:ERVK:LTR	2617	338.312334329	12020	17178.25	17576	97.74
midBlast_Ctrl_	51676302	ORR1B1-int:ERVL-MaLR:LTR	2965	279.165416345	11815	12755.39	12935	98.61
midBlast_Ctrl_	51676302	MLT1B:ERVL-MaLR:LTR	9316	641.043086279	11789	11882.22	11984	99.15
midBlast_Ctrl_	51676302	MT2B2:ERVL:LTR	3655	582.789806351	11758	12011.91	12242	98.12
midBlast_Ctrl_	51676302	L1VL4:L1:LINE	6091	244.137855604	11676	12284.91	12442	98.74
midBlast_Ctrl_	51676302	Tigger7:TcMar-Tigger:DNA	5206	540.762300984	11527	11674.44	11788	99.04
midBlast_Ctrl_	51676302	L3:CR1:LINE	9732	772.278122876	11426	11704.63	11761	99.52
midBlast_Ctrl_	51676302	MER20:hAT-Charlie:DNA	5994	718.292241857	11334	11441.52	11537	99.17
midBlast_Ctrl_	51676302	Lx4A:L1:LINE	10564	433.095762939	10981	11928.58	12253	97.35
midBlast_Ctrl_	51676302	MLT1A0:ERVL-MaLR:LTR	10413	631.035236397	10817	10934.04	11038	99.06
midBlast_Ctrl_	51676302	RMER17C:ERVK:LTR	6479	545.447475972	10493	10673.65	10759	99.21
midBlast_Ctrl_	51676302	MLT1D:ERVL-MaLR:LTR	8368	573.449571435	10469	10650.74	10747	99.10
midBlast_Ctrl_	51676302	MTC-int:ERVL-MaLR:LTR	3520	286.404771218	10353	10774.50	10974	98.18
midBlast_Ctrl_	51676302	RMER5:ERV1:LTR	7418	487.022654216	10352	10580.53	10687	99.00
midBlast_Ctrl_	51676302	Lx3B:L1:LINE	5993	294.840065869	10242	11259.88	11383	98.92
midBlast_Ctrl_	51676302	MLTR14:ERV1:LTR	6798	488.583825637	10182	10348.58	10436	99.16
midBlast_Ctrl_	51676302	MTD-int:ERVL-MaLR:LTR	2521	254.368634673	10068	10504.30	10684	98.32
midBlast_Ctrl_	51676302	L1ME1:L1:LINE	5261	463.749135851	9824	9973.80	10059	99.15
midBlast_Ctrl_	51676302	Lx2B2:L1:LINE	11012	344.735999702	9797	10649.51	10977	97.02
midBlast_Ctrl_	51676302	L1MC1:L1:LINE	5571	440.587939055	9793	10005.47	10091	99.15
midBlast_Ctrl_	51676302	RLTR13B1:ERVK:LTR	1029	279.578295145	9566	13978.54	18022	77.56
midBlast_Ctrl_	51676302	ERVB4_2-I_MM-int:ERVK:LTR	313	303.077238637	9528	23651.79	25863	91.45
midBlast_Ctrl_	51676302	L1MA4:L1:LINE	7467	440.588954714	9528	9685.74	9781	99.03
midBlast_Ctrl_	51676302	MYSERV6-int:ERVK:LTR	3183	236.564529421	9478	9778.15	9918	98.59
midBlast_Ctrl_	51676302	ORR1A0-int:ERVL-MaLR:LTR	456	141.365054353	9467	12528.35	12882	97.25
midBlast_Ctrl_	51676302	ORR1A1:ERVL-MaLR:LTR	4414	385.167535254	9350	9602.15	9828	97.70
midBlast_Ctrl_	51676302	Lx10:L1:LINE	10010	441.324601098	9333	9561.01	9678	98.79
midBlast_Ctrl_	51676302	L1M3:L1:LINE	7043	432.912973455	9245	9434.44	9540	98.89
midBlast_Ctrl_	51676302	BC1_Mm:scRNA:scRNA	6758	670.263863459	9111	9190.05	9243	99.43
midBlast_Ctrl_	51676302	RMER4A:ERVK:LTR	3287	349.036527971	9095	9358.22	9459	98.93
midBlast_Ctrl_	51676302	Charlie1a:hAT-Charlie:DNA	2660	377.646631643	8935	9086.72	9166	99.14
midBlast_Ctrl_	51676302	RMER17B:ERVK:LTR	2898	306.066302562	8881	9280.43	9338	99.38
midBlast_Ctrl_	51676302	MER5A:hAT-Charlie:DNA	8982	609.552967981	8690	8742.96	8796	99.40
midBlast_Ctrl_	51676302	MTE-int:ERVL-MaLR:LTR	4958	330.269903939	8655	8964.10	9076	98.77
midBlast_Ctrl_	51676302	L1MB5:L1:LINE	3766	385.851437538	8625	8744.55	8828	99.05
midBlast_Ctrl_	51676302	L1MD:L1:LINE	6361	420.695864799	8620	8798.29	8906	98.79
midBlast_Ctrl_	51676302	RMER6C:ERVK:LTR	4887	291.704692039	8586	9062.32	9180	98.72
midBlast_Ctrl_	51676302	RMER1A:Other:Other	3854	321.158858297	8542	10476.42	10599	98.84
midBlast_Ctrl_	51676302	L1MEc:L1:LINE	5378	393.18591203	8521	8662.87	8783	98.63
midBlast_Ctrl_	51676302	MTB_Mm:ERVL-MaLR:LTR	4963	356.657542036	8517	8675.75	8785	98.76
midBlast_Ctrl_	51676302	ORR1A3:ERVL-MaLR:LTR	4381	386.686088791	8461	8640.31	8749	98.76
midBlast_Ctrl_	51676302	RMER10B:ERVL:LTR	3002	396.853360535	8325	8937.57	8995	99.36
midBlast_Ctrl_	51676302	L1MC3:L1:LINE	5288	360.848539087	8269	8409.46	8490	99.05
midBlast_Ctrl_	51676302	L1MA6:L1:LINE	6985	373.03765054	8156	8271.96	8353	99.03
midBlast_Ctrl_	51676302	Lx5b:L1:LINE	7975	291.64518081	8155	8750.40	8948	97.79
midBlast_Ctrl_	51676302	MLT1A1:ERVL-MaLR:LTR	9015	512.34122752	8097	8171.00	8235	99.22
midBlast_Ctrl_	51676302	L1MC5:L1:LINE	3476	396.299968529	7749	7860.18	7947	98.91
midBlast_Ctrl_	51676302	ORR1A4-int:ERVL-MaLR:LTR	1326	142.669381896	7658	8035.62	8128	98.86
midBlast_Ctrl_	51676302	MT2_Mm:ERVL:LTR	2667	350.673823945	7578	11665.51	12619	92.44
midBlast_Ctrl_	51676302	RLTR11A2:ERVK:LTR	2676	305.85705784	7556	7923.79	8015	98.86
midBlast_Ctrl_	51676302	Lx3A:L1:LINE	9223	245.432382688	7516	8185.85	8291	98.73
midBlast_Ctrl_	51676302	RLTR11A:ERVK:LTR	2655	324.527544845	7507	7723.82	7781	99.27
midBlast_Ctrl_	51676302	L1MC:L1:LINE	5426	384.588012769	7453	7586.08	7659	99.05
midBlast_Ctrl_	51676302	MLT1C:ERVL-MaLR:LTR	7791	429.190565301	7338	7404.93	7473	99.09
midBlast_Ctrl_	51676302	RLTR19-int:ERVK:LTR	2407	321.700229603	7077	9874.53	9909	99.65
midBlast_Ctrl_	51676302	L1MEd:L1:LINE	3245	523.49045676	7075	8393.30	8440	99.45
midBlast_Ctrl_	51676302	L1MB2:L1:LINE	2927	302.28950957	7043	7135.40	7191	99.23
midBlast_Ctrl_	51676302	RLTR25B:ERVK:LTR	3674	324.812050619	6977	7237.75	7347	98.51
midBlast_Ctrl_	51676302	HAL1:L1:LINE	3550	356.658785395	6887	6970.06	7010	99.43
midBlast_Ctrl_	51676302	RLTR28:ERVL:LTR	1949	273.908729093	6880	6948.77	6995	99.34
midBlast_Ctrl_	51676302	RLTR13B2:ERVK:LTR	314	158.269896062	6861	9484.24	9746	97.31
midBlast_Ctrl_	51676302	L1_Mur1:L1:LINE	7793	202.381322818	6832	7276.11	7522	96.73
midBlast_Ctrl_	51676302	MT2C_Mm:ERVL:LTR	1982	252.027512659	6824	7272.34	7421	98.00
midBlast_Ctrl_	51676302	RMER16-int:ERVK:LTR	2599	158.334278603	6466	7177.65	7337	97.83
midBlast_Ctrl_	51676302	Lx4B:L1:LINE	5680	220.0541743	6435	7073.85	7322	96.61
midBlast_Ctrl_	51676302	MER58A:hAT-Charlie:DNA	3714	408.880955595	6350	6406.73	6446	99.39
midBlast_Ctrl_	51676302	ORR1A0:ERVL-MaLR:LTR	2133	274.421979702	6304	6917.74	7177	96.39
midBlast_Ctrl_	51676302	MurERV4-int:ERVK:LTR	1525	142.809222574	6236	6621.13	6676	99.18
midBlast_Ctrl_	51676302	RLTR31D_MM:ERVK:LTR	8270	363.115883036	6229	6288.66	6342	99.16
midBlast_Ctrl_	51676302	L1MC4a:L1:LINE	3077	300.495814742	6187	6252.66	6304	99.19
midBlast_Ctrl_	51676302	ORR1G:ERVL-MaLR:LTR	4680	358.36712449	6186	6270.75	6351	98.74
midBlast_Ctrl_	51676302	L1MA5:L1:LINE	4952	300.143845761	6166	6266.24	6326	99.06
midBlast_Ctrl_	51676302	Lx3C:L1:LINE	6475	211.392257669	6061	6406.90	6472	98.99
midBlast_Ctrl_	51676302	L1MCa:L1:LINE	3565	243.268055214	5965	6224.50	6268	99.31
midBlast_Ctrl_	51676302	L1MD2:L1:LINE	3227	264.904699156	5822	5934.20	5992	99.04
midBlast_Ctrl_	51676302	MER58B:hAT-Charlie:DNA	2843	342.959703627	5767	5793.30	5825	99.46
midBlast_Ctrl_	51676302	IAPLTR1_Mm:ERVK:LTR	1492	447.663713717	5710	14839.64	17274	85.91
midBlast_Ctrl_	51676302	RLTR20A4:ERVK:LTR	11527	416.009656416	5699	5756.97	5790	99.43
midBlast_Ctrl_	51676302	ETnERV-int:ERVK:LTR	906	239.976800027	5639	16838.91	26977	62.42
midBlast_Ctrl_	51676302	RMER1C:Other:Other	6347	246.686981528	5607	5752.14	5803	99.12
midBlast_Ctrl_	51676302	RLTR17:ERVK:LTR	1758	180.740219637	5593	5771.50	5873	98.27
midBlast_Ctrl_	51676302	MLTR11A:ERVK:LTR	2124	219.421177042	5558	5720.00	5763	99.25
midBlast_Ctrl_	51676302	MLT1A:ERVL-MaLR:LTR	4950	329.000502791	5547	5593.51	5620	99.53
midBlast_Ctrl_	51676302	MER21B:ERVL:LTR	1618	239.690216611	5522	5615.55	5655	99.30
midBlast_Ctrl_	51676302	MER21C:ERVL:LTR	2261	241.871619033	5510	5592.55	5649	99.00
midBlast_Ctrl_	51676302	RMER12:ERVK:LTR	3319	222.61760947	5503	5621.21	5665	99.23
midBlast_Ctrl_	51676302	RLTR15:ERVK:LTR	2437	234.806717966	5462	5531.59	5586	99.03
midBlast_Ctrl_	51676302	RLTR21:ERVK:LTR	3816	165.037146581	5454	5603.02	5631	99.50
midBlast_Ctrl_	51676302	RMER15-int:ERVL:LTR	3100	187.484236592	5435	5616.33	5660	99.23
midBlast_Ctrl_	51676302	RLTRETN_Mm:ERVK:LTR	1355	286.999944096	5380	7490.67	8487	88.26
midBlast_Ctrl_	51676302	ORR1D1-int:ERVL-MaLR:LTR	1715	136.967566545	5359	5544.00	5683	97.55
midBlast_Ctrl_	51676302	L1Md_F:L1:LINE	4016	133.980648232	5315	6274.15	8432	74.41
midBlast_Ctrl_	51676302	L1MB4:L1:LINE	2690	251.29460889	5201	5275.84	5331	98.97
midBlast_Ctrl_	51676302	RMER6B:ERVK:LTR	1360	198.028365438	5189	5443.37	5495	99.06
midBlast_Ctrl_	51676302	RMER17A2:ERVK:LTR	2598	151.939712331	5186	5284.82	5315	99.43
midBlast_Ctrl_	51676302	RLTR10C:ERVK:LTR	1779	332.673106839	5165	9964.18	10305	96.69
midBlast_Ctrl_	51676302	RLTR10:ERVK:LTR	2930	321.480793299	5076	8645.49	8868	97.49
midBlast_Ctrl_	51676302	L1MEg:L1:LINE	3797	276.345753961	5073	5160.21	5194	99.35
midBlast_Ctrl_	51676302	MER3:hAT-Charlie:DNA	2967	340.790827436	5036	5095.35	5125	99.42
midBlast_Ctrl_	51676302	ID:ID:SINE	8022	359.714138268	5027	5093.88	5127	99.35
midBlast_Ctrl_	51676302	RLTR1B:ERV1:LTR	893	177.966232593	5017	5453.58	5635	96.78
midBlast_Ctrl_	51676302	Lx2B:L1:LINE	6191	218.7838092	5004	6038.74	6260	96.47
midBlast_Ctrl_	51676302	RLTR40:ERVK:LTR	2651	205.600055906	4974	5475.90	5514	99.31
midBlast_Ctrl_	51676302	MusHAL1:L1:LINE	3890	151.311789638	4961	5335.16	5425	98.34
midBlast_Ctrl_	51676302	ID2:ID:SINE	5671	355.184798704	4911	4964.51	4994	99.41
midBlast_Ctrl_	51676302	ORR1A3-int:ERVL-MaLR:LTR	2435	155.664486986	4905	5422.66	5724	94.74
midBlast_Ctrl_	51676302	L1MEf:L1:LINE	3127	229.308573776	4893	4969.47	5003	99.33
midBlast_Ctrl_	51676302	RMER6D:ERVK:LTR	2411	160.860494626	4849	5325.42	5401	98.60
midBlast_Ctrl_	51676302	L1MA8:L1:LINE	3882	243.948522146	4844	4916.79	4942	99.49
midBlast_Ctrl_	51676302	RMER19A:ERVK:LTR	2095	166.857534549	4825	4961.71	5018	98.88
midBlast_Ctrl_	51676302	L1MC5a:L1:LINE	2588	265.942809112	4777	4815.36	4857	99.14
midBlast_Ctrl_	51676302	MLTR25A:ERVK:LTR	2168	151.057992646	4719	4988.11	5026	99.25
midBlast_Ctrl_	51676302	BGLII:ERVK:LTR	2269	220.809512054	4667	4820.05	4899	98.39
midBlast_Ctrl_	51676302	MER33:hAT-Charlie:DNA	2719	276.522696051	4604	4783.44	4810	99.45
midBlast_Ctrl_	51676302	MYSERV16_I-int:ERVK:LTR	2516	131.423382648	4601	4822.77	4915	98.12
midBlast_Ctrl_	51676302	MMVL30-int:ERV1:LTR	956	102.548975888	4588	7239.26	7705	93.96
midBlast_Ctrl_	51676302	MER5B:hAT-Charlie:DNA	5140	368.919503517	4538	4906.91	4928	99.57
midBlast_Ctrl_	51676302	RMER19B2:ERVK:LTR	2296	143.106507866	4538	4628.10	4676	98.98
midBlast_Ctrl_	51676302	L1MA4A:L1:LINE	2709	185.121487659	4498	4580.57	4616	99.23
midBlast_Ctrl_	51676302	ORR1C2-int:ERVL-MaLR:LTR	914	94.2386599216	4480	4685.94	4802	97.58
midBlast_Ctrl_	51676302	L1MA9:L1:LINE	4587	217.408502265	4432	4503.88	4556	98.86
midBlast_Ctrl_	51676302	RMER19C:ERVK:LTR	2729	157.477239121	4431	4590.57	4646	98.81
midBlast_Ctrl_	51676302	RodERV21-int:ERV1:LTR	1856	141.282751291	4410	4669.99	4702	99.32
midBlast_Ctrl_	51676302	MMERVK9C_I-int:ERVK:LTR	1807	107.041279954	4362	4813.09	4878	98.67
midBlast_Ctrl_	51676302	L1MDa:L1:LINE	3451	216.295533429	4312	4480.07	4527	98.96
midBlast_Ctrl_	51676302	MLTR11B:ERVK:LTR	2985	200.190009327	4234	4274.70	4317	99.02
midBlast_Ctrl_	51676302	L1VL1:L1:LINE	1797	71.4211746504	4210	5238.78	5486	95.49
midBlast_Ctrl_	51676302	RMER17D:ERVK:LTR	1166	162.21086892	4183	4656.31	4678	99.54
midBlast_Ctrl_	51676302	RMER30:hAT-Charlie:DNA	3588	263.606867245	4120	4147.86	4172	99.42
midBlast_Ctrl_	51676302	L1ME2:L1:LINE	2633	201.574086118	4111	4175.28	4222	98.89
midBlast_Ctrl_	51676302	MuLV-int:ERV1:LTR	392	32.6294153059	4078	4818.41	5142	93.71
midBlast_Ctrl_	51676302	RLTR6-int:ERV1:LTR	1220	79.7642912761	4048	5996.17	6246	96.00
midBlast_Ctrl_	51676302	L1M4b:L1:LINE	2190	172.048684533	3894	3975.73	4006	99.24
midBlast_Ctrl_	51676302	MLT1J:ERVL-MaLR:LTR	2943	225.76258767	3880	3922.18	3946	99.40
midBlast_Ctrl_	51676302	RLTR42-int:ERVK:LTR	2473	169.119053762	3877	3959.66	3989	99.26
midBlast_Ctrl_	51676302	L1MEi:L1:LINE	478	116.781527898	3863	3893.42	3907	99.65
midBlast_Ctrl_	51676302	MERV1_I-int:ERV1:LTR	1365	164.543408284	3814	3916.29	3936	99.50
midBlast_Ctrl_	51676302	RMER17A:ERVK:LTR	1819	165.316597818	3813	3984.50	4008	99.41
midBlast_Ctrl_	51676302	L1MD1:L1:LINE	2268	173.750548597	3812	3882.90	3922	99.00
midBlast_Ctrl_	51676302	IAPLTR2_Mm:ERVK:LTR	1388	168.055025524	3771	4715.42	4896	96.31
midBlast_Ctrl_	51676302	L1M4c:L1:LINE	2049	150.809429966	3760	3910.52	3946	99.10
midBlast_Ctrl_	51676302	L1MA7:L1:LINE	3250	184.713591402	3648	3729.21	3763	99.10
midBlast_Ctrl_	51676302	RLTR13G:ERVK:LTR	877	193.667369055	3631	7210.41	8106	88.95
midBlast_Ctrl_	51676302	IAPLTR2a2_Mm:ERVK:LTR	1541	152.212601284	3612	3964.90	4124	96.14
midBlast_Ctrl_	51676302	RLTR4_MM-int:ERV1:LTR	432	58.2877130138	3540	11752.88	12046	97.57
midBlast_Ctrl_	51676302	RMER17C-int:ERVK:LTR	1940	124.546789248	3532	3701.67	3741	98.95
midBlast_Ctrl_	51676302	Charlie1:hAT-Charlie:DNA	977	147.895978266	3525	3616.40	3655	98.94
midBlast_Ctrl_	51676302	RMER3D-int:ERVK:LTR	2711	108.898672102	3514	3872.17	3951	98.00
midBlast_Ctrl_	51676302	ETnERV2-int:ERVK:LTR	1805	69.4775221229	3498	3698.86	3790	97.60
midBlast_Ctrl_	51676302	MTEa-int:ERVL-MaLR:LTR	1368	93.2900635957	3472	3636.92	3680	98.83
midBlast_Ctrl_	51676302	RMER12C:ERVK:LTR	4954	195.041903344	3455	3557.83	3602	98.77
midBlast_Ctrl_	51676302	LTRIS2:ERV1:LTR	1423	146.461667989	3450	4316.63	4420	97.66
midBlast_Ctrl_	51676302	RLTR16:ERVK:LTR	1350	135.514557979	3360	3401.21	3428	99.22
midBlast_Ctrl_	51676302	L1MD3:L1:LINE	2480	169.215856235	3331	3376.53	3416	98.84
midBlast_Ctrl_	51676302	MER5A1:hAT-Charlie:DNA	3905	247.318722348	3321	3350.25	3362	99.65
midBlast_Ctrl_	51676302	RLTR22_Mur:ERVK:LTR	2503	126.615714559	3308	3513.51	3544	99.14
midBlast_Ctrl_	51676302	BGLII_B:ERVK:LTR	960	129.728041785	3306	3361.61	3384	99.34
midBlast_Ctrl_	51676302	L1MC2:L1:LINE	2252	141.276730535	3267	3421.96	3452	99.13
midBlast_Ctrl_	51676302	L1ME4b:L1:LINE	1818	171.324329154	3206	3236.40	3255	99.43
midBlast_Ctrl_	51676302	RLTR11B:ERVK:LTR	1049	132.966177553	3205	3250.48	3270	99.40
midBlast_Ctrl_	51676302	RMER17C2:ERVK:LTR	3413	199.773008778	3202	3261.00	3302	98.76
midBlast_Ctrl_	51676302	MLT1F2:ERVL-MaLR:LTR	2297	157.451459393	3194	3244.58	3282	98.86
midBlast_Ctrl_	51676302	RMER17B2:ERVK:LTR	898	116.298413413	3165	4150.72	4197	98.90
midBlast_Ctrl_	51676302	MER44B:TcMar-Tigger:DNA	1493	141.793908531	3131	3191.67	3196	99.86
midBlast_Ctrl_	51676302	RLTR33:ERVK:LTR	1336	109.529269887	3128	3242.12	3272	99.09
midBlast_Ctrl_	51676302	RLTR13C2:ERVK:LTR	844	82.3242738273	3072	3240.25	3286	98.61
midBlast_Ctrl_	51676302	ORR1E-int:ERVL-MaLR:LTR	1446	87.6853625099	3045	3160.53	3255	97.10
midBlast_Ctrl_	51676302	MTB-int:ERVL-MaLR:LTR	592	58.2397298754	3029	3352.96	3734	89.80
midBlast_Ctrl_	51676302	MER68:ERVL:LTR	637	118.066004545	3004	3057.57	3075	99.43
midBlast_Ctrl_	51676302	RLTR20C2_MM:ERVK:LTR	3620	151.498234147	3001	3051.30	3091	98.72
midBlast_Ctrl_	51676302	L1ME3A:L1:LINE	2086	155.570578874	2997	3024.77	3058	98.91
midBlast_Ctrl_	51676302	RLTR12B:ERVK:LTR	909	106.841669568	2984	3182.25	3220	98.83
midBlast_Ctrl_	51676302	RLTR14-int:ERV1:LTR	1816	116.623057197	2961	3098.38	3128	99.05
midBlast_Ctrl_	51676302	RLTR25A:ERVK:LTR	1781	135.198042051	2961	3257.39	3387	96.17
midBlast_Ctrl_	51676302	MMERVK9E_I-int:ERVK:LTR	1568	73.3292746053	2959	3258.30	3299	98.77
midBlast_Ctrl_	51676302	RMER13B:ERVK:LTR	2134	102.697754458	2943	3044.30	3086	98.65
midBlast_Ctrl_	51676302	ERVB4_1C-LTR_Mm:ERVK:LTR	961	143.409023723	2937	4382.26	5727	76.52
midBlast_Ctrl_	51676302	Charlie8:hAT-Charlie:DNA	728	160.69417946	2930	2949.54	2957	99.75
midBlast_Ctrl_	51676302	RMER6BA:ERVK:LTR	957	102.924839943	2867	2975.36	3022	98.46
midBlast_Ctrl_	51676302	L1MB1:L1:LINE	2524	136.18710008	2825	2882.12	2914	98.91
midBlast_Ctrl_	51676302	RLTR31B2:ERVK:LTR	1192	130.691172399	2816	2861.96	2883	99.27
midBlast_Ctrl_	51676302	RLTR18B:ERVK:LTR	989	99.9938291938	2801	2847.21	2881	98.83
midBlast_Ctrl_	51676302	HAL1ME:L1:LINE	900	124.708641122	2735	2749.73	2763	99.52
midBlast_Ctrl_	51676302	RLTR31C_MM:ERVK:LTR	726	102.417071679	2735	2778.04	2803	99.11
midBlast_Ctrl_	51676302	RLTR14:ERV1:LTR	2341	132.106118011	2731	2774.86	2818	98.47
midBlast_Ctrl_	51676302	ORR1D2-int:ERVL-MaLR:LTR	1361	81.2181431899	2729	2842.67	2922	97.29
midBlast_Ctrl_	51676302	Tigger17a:TcMar-Tigger:DNA	908	108.418203745	2702	2729.46	2753	99.14
midBlast_Ctrl_	51676302	Tigger1:TcMar-Tigger:DNA	1025	107.890721137	2674	2770.33	2805	98.76
midBlast_Ctrl_	51676302	MLT1K:ERVL-MaLR:LTR	2759	169.275276459	2645	2684.60	2706	99.21
midBlast_Ctrl_	51676302	Tigger5:TcMar-Tigger:DNA	1975	152.327342741	2641	2668.23	2689	99.23
midBlast_Ctrl_	51676302	MLT1F:ERVL-MaLR:LTR	1561	143.170109165	2587	2612.11	2626	99.47
midBlast_Ctrl_	51676302	RLTR12BD_Mm:ERVK:LTR	883	111.777505497	2587	2672.45	2704	98.83
midBlast_Ctrl_	51676302	RLTR51A_Mm:ERVK?:LTR	3523	157.731022929	2564	2598.57	2628	98.88
midBlast_Ctrl_	51676302	L1MA5A:L1:LINE	1231	100.406317012	2557	2611.88	2636	99.08
midBlast_Ctrl_	51676302	Cheshire:hAT-Charlie:DNA	1091	120.755459323	2555	2587.03	2601	99.46
midBlast_Ctrl_	51676302	MLT1F1:ERVL-MaLR:LTR	1608	143.747078053	2527	2556.34	2582	99.01
midBlast_Ctrl_	51676302	L1Md_Gf:L1:LINE	1080	80.4260564633	2520	6560.11	14842	44.20
midBlast_Ctrl_	51676302	RMER13A2:ERVK:LTR	1473	92.4779370966	2511	2573.19	2594	99.20
midBlast_Ctrl_	51676302	RLTR9E:ERVK:LTR	1318	105.708479492	2480	2716.21	2776	97.85
midBlast_Ctrl_	51676302	L1ME2z:L1:LINE	1533	131.328940789	2477	2530.63	2553	99.12
midBlast_Ctrl_	51676302	MYSERV-int:ERVK:LTR	1435	75.7261005583	2451	2557.32	2618	97.68
midBlast_Ctrl_	51676302	L1ME4a:L1:LINE	1560	133.640101171	2399	2417.26	2431	99.44
midBlast_Ctrl_	51676302	Tigger5b:TcMar-Tigger:DNA	2473	156.638405366	2392	2414.80	2439	99.01
midBlast_Ctrl_	51676302	L3b:CR1:LINE	2304	183.370490474	2373	2410.65	2420	99.61
midBlast_Ctrl_	51676302	ERVB7_1-LTR_MM:ERVK:LTR	770	148.008328974	2363	4297.66	5773	74.44
midBlast_Ctrl_	51676302	RLTR18:ERVK:LTR	610	72.7314706977	2359	2440.35	2475	98.60
midBlast_Ctrl_	51676302	RLTR12A:ERVK:LTR	829	80.4885767728	2354	2386.22	2408	99.10
midBlast_Ctrl_	51676302	MurERV4_19-int:ERVK:LTR	969	59.430110149	2348	2410.69	2440	98.80
midBlast_Ctrl_	51676302	ORR1B2-int:ERVL-MaLR:LTR	857	58.7482829785	2325	2397.91	2439	98.32
midBlast_Ctrl_	51676302	BGLII_B2:ERVK:LTR	359	113.956973874	2319	2622.64	2862	91.64
midBlast_Ctrl_	51676302	RLTR20C1_MM:ERVK:LTR	5561	159.423702448	2313	2383.19	2394	99.55
midBlast_Ctrl_	51676302	RMER2:ERV1:LTR	2358	116.642325649	2296	2432.30	2460	98.87
midBlast_Ctrl_	51676302	ORR1D-int:ERVL-MaLR:LTR	878	83.8404394679	2278	2754.88	2876	95.79
midBlast_Ctrl_	51676302	MLT1H:ERVL-MaLR:LTR	2322	128.867382638	2256	2302.96	2319	99.31
midBlast_Ctrl_	51676302	RMER13A1:ERVK:LTR	1082	75.2405291471	2247	2335.21	2372	98.45
midBlast_Ctrl_	51676302	MLT1E2:ERVL-MaLR:LTR	1821	114.895169882	2233	2251.70	2269	99.24
midBlast_Ctrl_	51676302	ERVB4_1B-I_MM-int:ERVK:LTR	1368	52.5683209127	2205	2407.79	2496	96.47
midBlast_Ctrl_	51676302	RLTR12E:ERVK:LTR	615	75.895675364	2200	2247.34	2275	98.78
midBlast_Ctrl_	51676302	L1ME3:L1:LINE	1527	112.594976868	2128	2152.61	2174	99.02
midBlast_Ctrl_	51676302	RLTR24:ERV1:LTR	1240	89.0717111492	2115	2151.09	2185	98.45
midBlast_Ctrl_	51676302	MMAR1:TcMar-Mariner:DNA	309	57.6304657107	2108	2159.86	2174	99.35
midBlast_Ctrl_	51676302	RLTR12C:ERVK:LTR	319	81.4459205268	2098	2172.49	2213	98.17
midBlast_Ctrl_	51676302	RMER20A:ERVK:LTR	1559	83.5123891092	2085	2196.04	2244	97.86
midBlast_Ctrl_	51676302	Charlie5:hAT-Charlie:DNA	1547	130.831806478	2066	2092.89	2105	99.42
midBlast_Ctrl_	51676302	RMER13A:ERVK:LTR	1010	81.4540028529	2065	2123.94	2143	99.11
midBlast_Ctrl_	51676302	RLTR12D:ERVK:LTR	647	80.7175045508	2063	2111.18	2135	98.88
midBlast_Ctrl_	51676302	IAPEY4_I-int:ERVK:LTR	521	70.4778252707	2051	4329.37	4696	92.19
midBlast_Ctrl_	51676302	RMER20B:ERVK:LTR	1949	97.2966188086	2050	2091.63	2129	98.24
midBlast_Ctrl_	51676302	ORR1C1-int:ERVL-MaLR:LTR	783	53.0890825399	2026	2098.97	2122	98.91
midBlast_Ctrl_	51676302	ERVL-B4-int:ERVL:LTR	1384	75.084852861	2023	2192.95	2468	88.86
midBlast_Ctrl_	51676302	RLTR17D_Mm:ERVK:LTR	1225	58.1439850852	1993	2036.50	2061	98.81
midBlast_Ctrl_	51676302	RLTR13D3A1:ERVK:LTR	613	58.3617048944	1992	2029.14	2047	99.13
midBlast_Ctrl_	51676302	RLTR10A:ERVK:LTR	800	83.5514260725	1966	2036.40	2076	98.09
midBlast_Ctrl_	51676302	RLTR9D:ERVK:LTR	803	81.1255362128	1965	2145.33	2217	96.77
midBlast_Ctrl_	51676302	RMER21A:ERV1:LTR	622	69.9111758125	1930	1990.98	2018	98.66
midBlast_Ctrl_	51676302	RLTR34B_MM:ERVK:LTR	527	67.4918254168	1920	1943.49	1955	99.41
midBlast_Ctrl_	51676302	RLTR11C_MM:ERVK:LTR	858	77.5008727601	1899	1925.09	1939	99.28
midBlast_Ctrl_	51676302	RLTR23:ERV1:LTR	1524	85.247588484	1895	1934.27	1967	98.34
midBlast_Ctrl_	51676302	L1ME3Cz:L1:LINE	1051	94.6021517563	1886	1902.23	1919	99.13
midBlast_Ctrl_	51676302	RMER16B2:ERVK:LTR	329	50.3893507643	1883	1936.85	1995	97.09
midBlast_Ctrl_	51676302	Charlie1b:hAT-Charlie:DNA	952	100.849054073	1873	1904.05	1926	98.86
midBlast_Ctrl_	51676302	U2:snRNA:snRNA	921	225.233993313	1851	3798.75	3787	100.31
midBlast_Ctrl_	51676302	RLTR18-int:ERVK:LTR	506	59.1123032962	1835	1890.06	1907	99.11
midBlast_Ctrl_	51676302	RMER21B:ERV1:LTR	1252	80.5568749997	1832	1862.29	1879	99.11
midBlast_Ctrl_	51676302	RLTR13C3:ERVK:LTR	538	42.3999560049	1831	2355.03	2373	99.24
midBlast_Ctrl_	51676302	RMER17D2:ERVK:LTR	1783	84.0427675956	1821	1923.90	1950	98.66
midBlast_Ctrl_	51676302	RLTR16B_MM:ERVK:LTR	635	65.2421899416	1815	1952.14	1979	98.64
midBlast_Ctrl_	51676302	RLTR20A3_MM:ERVK:LTR	880	76.7753052946	1815	1864.42	1882	99.07
midBlast_Ctrl_	51676302	RMER16_Mm:ERVK:LTR	435	58.7814347524	1811	1861.35	1887	98.64
midBlast_Ctrl_	51676302	Charlie4a:hAT-Charlie:DNA	1121	98.9768958465	1804	1817.61	1840	98.78
midBlast_Ctrl_	51676302	Tigger13a:TcMar-Tigger:DNA	645	89.6131880542	1801	1811.76	1821	99.49
midBlast_Ctrl_	51676302	MMERGLN_LTR:ERV1:LTR	435	77.5213898432	1792	2681.34	3235	82.89
midBlast_Ctrl_	51676302	U17:snRNA:snRNA	24	99.6650605767	1774	1774.11	1776	99.89
midBlast_Ctrl_	51676302	MuRRS4-int:ERV1:LTR	2735	63.8596253077	1760	2048.16	2160	94.82
midBlast_Ctrl_	51676302	U6:snRNA:snRNA	1353	121.638705049	1755	1775.83	1788	99.32
midBlast_Ctrl_	51676302	MMERVK10D3_I-int:ERVK:LTR	458	35.0786408817	1751	1870.25	1911	97.87
midBlast_Ctrl_	51676302	RLTR30D2_MM:ERV1:LTR	741	62.6147278829	1733	1751.39	1767	99.12
midBlast_Ctrl_	51676302	RLTR20D:ERVK:LTR	777	72.0878300954	1731	1786.51	1809	98.76
midBlast_Ctrl_	51676302	LTRIS_Mus:ERV1:LTR	919	64.3064359212	1726	1840.59	1881	97.85
midBlast_Ctrl_	51676302	HAL1M8:L1:LINE	710	79.2666200301	1704	1727.34	1744	99.04
midBlast_Ctrl_	51676302	MERVK26-int:ERVK:LTR	1001	52.4015528908	1685	1754.13	1775	98.82
midBlast_Ctrl_	51676302	IAPLTR1a_Mm:ERVK:LTR	1786	103.789505858	1668	2754.30	3456	79.70
midBlast_Ctrl_	51676302	MLT1L:ERVL-MaLR:LTR	1535	105.528973366	1665	1681.65	1696	99.15
midBlast_Ctrl_	51676302	BGLII_Mur:ERVK:LTR	611	65.2026206369	1645	1673.95	1696	98.70
midBlast_Ctrl_	51676302	IAP-d-int:ERVK:LTR	1323	51.5711197286	1638	2115.44	2196	96.33
midBlast_Ctrl_	51676302	RLTR41:ERV1:LTR	1121	64.8340018861	1636	1690.63	1737	97.33
midBlast_Ctrl_	51676302	RLTR20B2:ERVK:LTR	880	71.0854140215	1612	1642.41	1658	99.06
midBlast_Ctrl_	51676302	RMER20C_Mm:ERVK:LTR	1595	77.7801189165	1611	1695.82	1727	98.19
midBlast_Ctrl_	51676302	RLTR13E:ERVK:LTR	603	43.9973669225	1594	1693.61	1814	93.36
midBlast_Ctrl_	51676302	RLTR13B3:ERVK:LTR	265	35.2781865959	1582	1852.14	1859	99.63
midBlast_Ctrl_	51676302	MER2B:TcMar-Tigger:DNA	1093	104.281245298	1575	1591.58	1598	99.60
midBlast_Ctrl_	51676302	RLTR22_Mus:ERVK:LTR	1191	49.3500960009	1571	1642.14	1653	99.34
midBlast_Ctrl_	51676302	RLTR14_RN:ERV1:LTR	1148	75.6717202167	1557	1607.25	1630	98.60
midBlast_Ctrl_	51676302	IAPEy-int:ERVK:LTR	755	42.3244137749	1553	2436.13	2469	98.67
midBlast_Ctrl_	51676302	MER44D:TcMar-Tigger:DNA	940	80.3231099464	1536	1560.85	1570	99.42
midBlast_Ctrl_	51676302	MER31B:ERV1:LTR	558	68.5469754697	1533	1540.08	1548	99.49
midBlast_Ctrl_	51676302	MuRRS-int:ERV1:LTR	996	23.0096534601	1533	1834.44	1902	96.45
midBlast_Ctrl_	51676302	IAPEY3-int:ERVK:LTR	2345	45.803035303	1530	1871.86	1948	96.09
midBlast_Ctrl_	51676302	MLT2B4:ERVL:LTR	1871	80.7796408764	1530	1554.44	1569	99.07
midBlast_Ctrl_	51676302	MamGyp-int:Gypsy:LTR	28	32.3305916469	1529	1583.00	1583	100.00
midBlast_Ctrl_	51676302	RLTR20B3:ERVK:LTR	974	67.8407693085	1514	1549.10	1565	98.98
midBlast_Ctrl_	51676302	RLTR20B5_MM:ERVK:LTR	868	70.0687239869	1509	1538.06	1560	98.59
midBlast_Ctrl_	51676302	MLT2B3:ERVL:LTR	1483	84.3926255285	1497	1521.64	1536	99.07
midBlast_Ctrl_	51676302	MT-int:ERVL-MaLR:LTR	438	81.1519707305	1481	2445.81	3611	67.73
midBlast_Ctrl_	51676302	MLT1E1A:ERVL-MaLR:LTR	1154	79.5845479391	1476	1489.53	1498	99.43
midBlast_Ctrl_	51676302	Tigger15a:TcMar-Tigger:DNA	704	92.3018974049	1455	1466.85	1479	99.18
midBlast_Ctrl_	51676302	MLT1G3:ERVL-MaLR:LTR	1075	78.2124407979	1453	1471.40	1490	98.75
midBlast_Ctrl_	51676302	RMER12B:ERVK:LTR	1011	48.4702688618	1448	1498.75	1511	99.19
midBlast_Ctrl_	51676302	MLTR18D_MM:ERVK:LTR	620	46.0145336447	1433	1463.26	1479	98.94
midBlast_Ctrl_	51676302	LTR10_RN:ERVK:LTR	546	55.7730147625	1431	1449.76	1461	99.23
midBlast_Ctrl_	51676302	RLTR20B3A_MM:ERVK:LTR	843	57.2287544484	1429	1468.43	1489	98.62
midBlast_Ctrl_	51676302	MURVY-LTR:ERV1:LTR	1910	71.3884470361	1426	1547.20	1569	98.61
midBlast_Ctrl_	51676302	Tigger6a:TcMar-Tigger:DNA	369	67.1467317351	1424	1450.22	1456	99.60
midBlast_Ctrl_	51676302	MER20B:hAT-Charlie:DNA	831	82.1756765588	1421	1430.02	1434	99.72
midBlast_Ctrl_	51676302	Tigger10:TcMar-Tigger:DNA	242	56.000509433	1416	1426.16	1435	99.38
midBlast_Ctrl_	51676302	MTB_Mm-int:ERVL-MaLR:LTR	379	32.2968629886	1341	1394.73	1405	99.27
midBlast_Ctrl_	51676302	RLTR44-int:ERVK:LTR	653	34.80331539	1333	1402.83	1430	98.10
midBlast_Ctrl_	51676302	AmnSINE1:Deu:SINE	1311	96.4963854882	1297	1302.06	1311	99.32
midBlast_Ctrl_	51676302	MTE2a-int:ERVL-MaLR:LTR	795	36.2580206921	1293	1332.99	1359	98.09
midBlast_Ctrl_	51676302	RLTR19:ERVK:LTR	944	58.4231857836	1293	1384.48	1404	98.61
midBlast_Ctrl_	51676302	Lx2A1:L1:LINE	2739	66.3789886828	1291	1384.83	1426	97.11
midBlast_Ctrl_	51676302	MTE2b-int:ERVL-MaLR:LTR	729	35.086849514	1271	1322.48	1342	98.55
midBlast_Ctrl_	51676302	MARNA:TcMar-Mariner:DNA	562	75.5194499494	1263	1265.00	1267	99.84
midBlast_Ctrl_	51676302	RLTR11D:ERVK:LTR	529	51.4516620978	1258	1294.94	1304	99.31
midBlast_Ctrl_	51676302	RLTR9A:ERVK:LTR	648	44.9515705577	1248	1312.87	1344	97.68
midBlast_Ctrl_	51676302	MLTR18B_MM:ERVK:LTR	468	70.392318841	1246	2304.82	2320	99.35
midBlast_Ctrl_	51676302	U1:snRNA:snRNA	329	130.403327022	1240	2215.96	2244	98.75
midBlast_Ctrl_	51676302	MLTR31D_MM:ERVK:LTR	318	38.3701238391	1238	1274.10	1290	98.77
midBlast_Ctrl_	51676302	MER74A:ERVL:LTR	731	61.9805700699	1231	1241.09	1248	99.45
midBlast_Ctrl_	51676302	MLT1H1:ERVL-MaLR:LTR	1001	56.0067751623	1227	1244.36	1259	98.84
midBlast_Ctrl_	51676302	MER77:ERVL:LTR	570	55.5226408947	1221	1234.21	1246	99.05
midBlast_Ctrl_	51676302	L1ME3G:L1:LINE	1161	76.7528935306	1217	1242.32	1262	98.44
midBlast_Ctrl_	51676302	Charlie2b:hAT-Charlie:DNA	884	61.1965858416	1193	1210.34	1229	98.48
midBlast_Ctrl_	51676302	MLT1I:ERVL-MaLR:LTR	1777	79.664249401	1193	1209.89	1218	99.33
midBlast_Ctrl_	51676302	RLTR13D5:ERVK:LTR	745	31.5109974978	1180	1332.89	1352	98.59
midBlast_Ctrl_	51676302	LTR33:ERVL:LTR	1466	77.0890512508	1175	1181.79	1190	99.31
midBlast_Ctrl_	51676302	MER34B-int:ERV1:LTR	81	53.7063439042	1167	1296.50	1297	99.96
midBlast_Ctrl_	51676302	MLT2D:ERVL:LTR	1567	73.1116740484	1165	1174.16	1180	99.51
midBlast_Ctrl_	51676302	RLTR13D6:ERVK:LTR	805	34.2075483129	1163	1222.45	1240	98.58
midBlast_Ctrl_	51676302	MRLTR33:ERVK:LTR	624	55.8552403705	1162	1229.17	1249	98.41
midBlast_Ctrl_	51676302	L1M4a2:L1:LINE	736	56.506093069	1153	1169.05	1183	98.82
midBlast_Ctrl_	51676302	MLTR73:ERV1:LTR	956	73.4117586122	1149	1160.56	1174	98.86
midBlast_Ctrl_	51676302	Tigger19a:TcMar-Tigger:DNA	771	83.2474270654	1142	1150.69	1161	99.11
midBlast_Ctrl_	51676302	RLTR13A3:ERVK:LTR	243	26.4062622897	1137	1353.52	1377	98.29
midBlast_Ctrl_	51676302	MLT2B1:ERVL:LTR	1637	62.7252874266	1136	1149.38	1157	99.34
midBlast_Ctrl_	51676302	RLTR20A2:ERVK:LTR	368	43.5010908706	1135	1156.27	1164	99.34
midBlast_Ctrl_	51676302	L1ME4c:L1:LINE	968	67.9324169675	1133	1146.20	1156	99.15
midBlast_Ctrl_	51676302	LTR16A:ERVL:LTR	1472	74.0736623517	1131	1146.19	1168	98.13
midBlast_Ctrl_	51676302	MLTR31FA_MM:ERVK:LTR	525	41.7144049313	1122	1134.32	1155	98.21
midBlast_Ctrl_	51676302	ERVL-E-int:ERVL:LTR	1044	50.7024641618	1117	1141.85	1150	99.29
midBlast_Ctrl_	51676302	MER77B:ERVL:LTR	505	51.0899788006	1113	1134.55	1149	98.74
midBlast_Ctrl_	51676302	Tigger17c:TcMar-Tigger:DNA	649	58.7674785379	1109	1117.92	1127	99.19
midBlast_Ctrl_	51676302	Charlie12:hAT-Charlie:DNA	902	54.0701281757	1106	1119.46	1122	99.77
midBlast_Ctrl_	51676302	MamSINE1:tRNA:SINE	410	65.771686013	1096	1097.31	1100	99.76
midBlast_Ctrl_	51676302	MLT1E3:ERVL-MaLR:LTR	1020	56.804614805	1093	1105.27	1110	99.57
midBlast_Ctrl_	51676302	IAPLTR2b:ERVK:LTR	1017	51.7397942157	1091	1169.66	1244	94.02
midBlast_Ctrl_	51676302	MER31A:ERV1:LTR	707	56.0276971724	1084	1089.92	1098	99.26
midBlast_Ctrl_	51676302	RLTR31B_Mm:ERVK:LTR	349	38.3142819637	1084	1098.22	1106	99.30
midBlast_Ctrl_	51676302	RLTR26_Mus:ERVK:LTR	1091	57.3638661691	1083	1182.20	1196	98.85
midBlast_Ctrl_	51676302	MURVY-int:ERV1:LTR	544	15.3808452721	1082	1328.70	1344	98.86
midBlast_Ctrl_	51676302	Charlie6:hAT-Charlie:DNA	148	33.7583387617	1069	1085.82	1088	99.80
midBlast_Ctrl_	51676302	IAP1-MM_I-int:ERVK:LTR	479	35.6821943787	1069	1123.90	1146	98.07
midBlast_Ctrl_	51676302	RLTR30:ERV1:LTR	390	48.0842326217	1068	1077.20	1087	99.10
midBlast_Ctrl_	51676302	ERVB4_1B-LTR_MM:ERVK:LTR	648	46.7029821135	1055	1148.72	1165	98.60
midBlast_Ctrl_	51676302	MLT1G:ERVL-MaLR:LTR	896	58.9751441211	1055	1069.52	1076	99.40
midBlast_Ctrl_	51676302	L1ME3B:L1:LINE	735	61.5200443418	1052	1066.14	1071	99.55
midBlast_Ctrl_	51676302	RLTR20B1:ERVK:LTR	668	55.6916978877	1051	1374.25	1396	98.44
midBlast_Ctrl_	51676302	MER46C:TcMar-Tigger:DNA	788	68.6365827691	1046	1057.32	1068	99.00
midBlast_Ctrl_	51676302	RMER16:ERVK:LTR	471	40.9859695331	1044	1055.58	1067	98.93
midBlast_Ctrl_	51676302	MER58C:hAT-Charlie:DNA	436	64.2870357641	1039	1052.53	1058	99.48
midBlast_Ctrl_	51676302	MERV1_LTR:ERV1:LTR	615	42.4592680218	1039	1068.47	1082	98.75
midBlast_Ctrl_	51676302	MTEb-int:ERVL-MaLR:LTR	635	34.7033661127	1037	1072.42	1092	98.21
midBlast_Ctrl_	51676302	Kanga1:TcMar-Tc2:DNA	321	35.7406120922	1035	1038.05	1040	99.81
midBlast_Ctrl_	51676302	RLTR34C_MM:ERVK:LTR	402	35.723317436	1034	1041.19	1045	99.64
midBlast_Ctrl_	51676302	IAPLTR3-int:ERVK:LTR	1773	29.7362105607	1005	1132.44	1179	96.05
midBlast_Ctrl_	51676302	L1M3e:L1:LINE	652	44.2244229011	1004	1020.01	1024	99.61
midBlast_Ctrl_	51676302	HAL1b:L1:LINE	763	54.9708710368	1001	1011.07	1019	99.22
midBlast_Ctrl_	51676302	ERVB4_1-I_MM-int:ERVK:LTR	296	19.3794850431	997	1057.25	1068	98.99
midBlast_Ctrl_	51676302	ERVB3_1-I_MM-int:ERVK:LTR	134	21.6833444379	996	1022.05	1030	99.23
midBlast_Ctrl_	51676302	IAPLTR2a:ERVK:LTR	627	45.1644786353	996	1120.47	1197	93.61
midBlast_Ctrl_	51676302	MER103C:hAT-Charlie:DNA	1072	70.462585848	988	990.92	999	99.19
midBlast_Ctrl_	51676302	Tigger9b:TcMar-Tigger:DNA	360	47.9853630467	978	986.52	994	99.25
midBlast_Ctrl_	51676302	RMER16C:ERVK:LTR	190	31.3791030707	977	1000.28	1010	99.04
midBlast_Ctrl_	51676302	RLTR27:ERVK:LTR	1621	45.6269351659	970	996.52	1007	98.96
midBlast_Ctrl_	51676302	Charlie7:hAT-Charlie:DNA	844	55.5427000821	969	981.02	995	98.60
midBlast_Ctrl_	51676302	MER44A:TcMar-Tigger:DNA	661	51.2934011729	966	969.59	974	99.55
midBlast_Ctrl_	51676302	RLTR48A:ERV1:LTR	635	38.7476755537	966	1078.90	1097	98.35
midBlast_Ctrl_	51676302	MLT-int:ERVL-MaLR:LTR	846	45.920848892	965	989.54	1004	98.56
midBlast_Ctrl_	51676302	MLTR31F_MM:ERVK:LTR	403	37.3763246288	964	1000.30	1010	99.04
midBlast_Ctrl_	51676302	LFSINE_Vert:tRNA:SINE	1208	69.8688755079	963	970.29	974	99.62
midBlast_Ctrl_	51676302	IAPLTR4_I:ERVK:LTR	183	17.9164792278	950	998.02	1007	99.11
midBlast_Ctrl_	51676302	RLTR13D3:ERVK:LTR	339	29.7350550533	944	1190.66	1195	99.64
midBlast_Ctrl_	51676302	RLTR12G:ERVK:LTR	238	32.4577521041	942	959.57	968	99.13
midBlast_Ctrl_	51676302	MER119:hAT-Charlie:DNA	404	53.7680781771	941	946.15	949	99.70
midBlast_Ctrl_	51676302	RLTR10B2:ERVK:LTR	854	54.9347415371	925	969.87	1003	96.70
midBlast_Ctrl_	51676302	MLT2B2:ERVL:LTR	1351	50.6756517232	919	929.30	934	99.50
midBlast_Ctrl_	51676302	LTR48:ERV1:LTR	651	49.5820668533	918	921.88	925	99.66
midBlast_Ctrl_	51676302	RLTR31_Mur:ERVK:LTR	354	36.3410891441	914	1042.61	1095	95.22
midBlast_Ctrl_	51676302	MLT1J2:ERVL-MaLR:LTR	1110	62.3214359439	905	914.15	921	99.26
midBlast_Ctrl_	51676302	L1M4a1:L1:LINE	607	44.2602188516	902	911.77	920	99.10
midBlast_Ctrl_	51676302	4.5SRNA:scRNA:scRNA	1517	88.2210176274	901	1146.89	1160	98.87
midBlast_Ctrl_	51676302	Charlie4z:hAT-Charlie:DNA	431	66.7982866148	894	898.12	900	99.79
midBlast_Ctrl_	51676302	RMER6-int:ERVK:LTR	607	24.6158570903	889	920.17	943	97.58
midBlast_Ctrl_	51676302	BGLII_Mus:ERVK:LTR	615	43.6884395457	888	907.97	919	98.80
midBlast_Ctrl_	51676302	MLTR25C:ERVK:LTR	504	24.6721804895	888	929.02	933	99.57
midBlast_Ctrl_	51676302	RLTR53_Mm:ERVK:LTR	481	44.0789298944	885	891.52	895	99.61
midBlast_Ctrl_	51676302	RLTR6B_Mm:ERV1:LTR	646	34.8151643053	878	1069.49	1150	93.00
midBlast_Ctrl_	51676302	ORR1F-int:ERVL-MaLR:LTR	395	27.2469895088	877	916.34	959	95.55
midBlast_Ctrl_	51676302	ERVB2_1A-I_MM-int:ERVK:LTR	289	26.3290352768	875	1016.75	1364	74.54
midBlast_Ctrl_	51676302	RLTR10D:ERVK:LTR	491	45.1634128557	875	1076.58	1126	95.61
midBlast_Ctrl_	51676302	MER53:hAT:DNA	1693	67.344842033	868	875.36	880	99.47
midBlast_Ctrl_	51676302	RMER16A2:ERVK:LTR	273	48.9996868197	866	1348.65	1499	89.97
midBlast_Ctrl_	51676302	5S:rRNA:rRNA	1038	85.8084592696	865	922.00	925	99.68
midBlast_Ctrl_	51676302	MER68B:ERVL:LTR	237	46.3477147628	862	875.24	883	99.12
midBlast_Ctrl_	51676302	LTR50:ERVL:LTR	549	96.680154266	853	1423.60	1429	99.62
midBlast_Ctrl_	51676302	RLTR10B:ERVK:LTR	477	30.0880927448	837	919.53	955	96.29
midBlast_Ctrl_	51676302	RLTR49:ERVK:LTR	933	51.0263685004	837	901.71	916	98.44
midBlast_Ctrl_	51676302	LTR40b:ERVL:LTR	577	38.586171889	835	842.34	848	99.33
midBlast_Ctrl_	51676302	MLTR31A_MM:ERVK:LTR	352	31.2447844514	835	844.41	850	99.34
midBlast_Ctrl_	51676302	RLTR34D_MM:ERVK:LTR	410	33.5060753746	831	855.36	891	96.00
midBlast_Ctrl_	51676302	LTR72_RN:ERV1:LTR	1000	45.3987160067	830	864.29	870	99.34
midBlast_Ctrl_	51676302	MLT1E:ERVL-MaLR:LTR	534	38.8449676756	827	837.95	843	99.40
midBlast_Ctrl_	51676302	MLTR18_MM:ERVK:LTR	427	31.4290086036	818	830.18	836	99.30
midBlast_Ctrl_	51676302	L1M1:L1:LINE	881	49.6885013402	817	826.14	836	98.82
midBlast_Ctrl_	51676302	Looper:PiggyBac:DNA	209	35.7429260573	817	828.31	835	99.20
midBlast_Ctrl_	51676302	LTR41:ERVL:LTR	506	47.3806439634	815	821.65	831	98.88
midBlast_Ctrl_	51676302	RLTR51B_Mm:ERVK?:LTR	662	44.0892114195	807	833.40	851	97.93
midBlast_Ctrl_	51676302	RLTR1A2_MM:ERV1:LTR	406	34.0007585077	802	837.91	851	98.46
midBlast_Ctrl_	51676302	MLTR12:ERV1:LTR	477	37.3901738191	799	807.01	816	98.90
midBlast_Ctrl_	51676302	RLTR20A2B_MM:ERVK:LTR	438	35.4188801072	796	807.40	818	98.70
midBlast_Ctrl_	51676302	MER102b:hAT-Charlie:DNA	507	50.1273515172	795	802.47	811	98.95
midBlast_Ctrl_	51676302	MLTR18A_MM:ERVK:LTR	299	30.6892575037	795	831.46	840	98.98
midBlast_Ctrl_	51676302	MLT1G1:ERVL-MaLR:LTR	1080	72.1374399685	787	1192.39	1203	99.12
midBlast_Ctrl_	51676302	RLTR16C_MM:ERVK:LTR	360	28.6522916616	787	799.97	807	99.13
midBlast_Ctrl_	51676302	RLTR4_Mm:ERV1:LTR	239	62.4483796807	787	2539.16	2662	95.39
midBlast_Ctrl_	51676302	MamRep605:LTR?:LTR?	629	45.1140184875	786	798.39	809	98.69
midBlast_Ctrl_	51676302	Charlie15b:hAT-Charlie:DNA	272	42.4326017531	783	789.67	794	99.45
midBlast_Ctrl_	51676302	MLTR18C_MM:ERVK:LTR	468	28.328360438	773	787.40	793	99.29
midBlast_Ctrl_	51676302	MER47B:TcMar-Tigger:DNA	509	42.8022424663	770	774.52	778	99.55
midBlast_Ctrl_	51676302	MLT1H2:ERVL-MaLR:LTR	1034	52.824260721	769	775.79	782	99.21
midBlast_Ctrl_	51676302	LTR33A:ERVL:LTR	504	37.1391061552	764	768.85	771	99.72
midBlast_Ctrl_	51676302	MLT1J1:ERVL-MaLR:LTR	1135	53.322612747	763	770.44	774	99.54
midBlast_Ctrl_	51676302	IAPEY_LTR:ERVK:LTR	1410	38.7663982361	757	894.10	929	96.24
midBlast_Ctrl_	51676302	Tigger18a:TcMar-Tigger:DNA	240	33.290808613	747	751.31	755	99.51
midBlast_Ctrl_	51676302	L1MDb:L1:LINE	583	36.9621281721	741	752.33	756	99.52
midBlast_Ctrl_	51676302	ERVB7_2B-LTR_MM:ERVK:LTR	710	33.988270012	735	806.76	824	97.91
midBlast_Ctrl_	51676302	Lx2A:L1:LINE	1364	26.6884538091	734	768.77	824	93.30
midBlast_Ctrl_	51676302	RLTR30E_MM:ERV1:LTR	320	27.6637667315	733	779.71	789	98.82
midBlast_Ctrl_	51676302	RLTR1C:ERV1:LTR	697	32.6182928877	731	865.95	879	98.51
midBlast_Ctrl_	51676302	RLTR13C1:ERVK:LTR	309	19.8516115575	729	757.58	771	98.26
midBlast_Ctrl_	51676302	L1MCb:L1:LINE	713	33.0908060859	728	747.76	753	99.30
midBlast_Ctrl_	51676302	RLTR1D:ERV1:LTR	305	24.6511135896	726	765.50	782	97.89
midBlast_Ctrl_	51676302	RMER17A-int:ERVK:LTR	409	25.9618364451	726	747.21	757	98.71
midBlast_Ctrl_	51676302	L1MCc:L1:LINE	529	36.5885946472	724	726.90	730	99.58
midBlast_Ctrl_	51676302	RLTR24B_MM:ERV1:LTR	1018	33.4772552473	722	743.79	755	98.51
midBlast_Ctrl_	51676302	RLTR20A:ERVK:LTR	361	32.7217423101	718	720.72	724	99.55
midBlast_Ctrl_	51676302	Tigger6b:TcMar-Tigger:DNA	217	29.9422075319	717	720.56	727	99.11
midBlast_Ctrl_	51676302	RLTR44C:ERVK:LTR	198	24.8612905762	716	821.18	834	98.46
midBlast_Ctrl_	51676302	RLTR13A2:ERVK:LTR	151	29.1475099106	715	1628.29	1715	94.94
midBlast_Ctrl_	51676302	RMER16A3:ERVK:LTR	699	28.5765344214	713	734.74	749	98.10
midBlast_Ctrl_	51676302	RLTR19C:ERVK:LTR	248	26.1711671248	710	719.29	724	99.35
midBlast_Ctrl_	51676302	MER102a:hAT-Charlie:DNA	386	43.2327699668	709	715.29	722	99.07
midBlast_Ctrl_	51676302	IAPLTR4:ERVK:LTR	663	42.0542151091	697	949.31	950	99.93
midBlast_Ctrl_	51676302	U3:snRNA:snRNA	97	65.2449924836	697	1239.15	1240	99.93
midBlast_Ctrl_	51676302	MER89:ERV1:LTR	614	35.8738880751	696	794.22	800	99.28
midBlast_Ctrl_	51676302	RLTR19B:ERVK:LTR	224	25.477670501	693	703.11	714	98.48
midBlast_Ctrl_	51676302	RLTR31M:ERVK:LTR	264	22.7815730853	691	702.61	714	98.40
midBlast_Ctrl_	51676302	RLTR28B:ERVL:LTR	428	32.0375613469	689	698.33	705	99.05
midBlast_Ctrl_	51676302	RLTR26B_MM:ERVK:LTR	507	34.495216793	687	697.89	706	98.85
midBlast_Ctrl_	51676302	MER113:hAT-Charlie:DNA	643	46.5671678885	686	689.29	696	99.04
midBlast_Ctrl_	51676302	L4_A_Mam:RTE-X:LINE	630	42.2219739334	680	688.35	691	99.62
midBlast_Ctrl_	51676302	Tigger17:TcMar-Tigger:DNA	315	38.2252610094	676	682.68	689	99.08
midBlast_Ctrl_	51676302	MLT2F:ERVL:LTR	574	35.7813802868	672	694.38	700	99.20
midBlast_Ctrl_	51676302	MER34A:ERV1:LTR	694	35.984899024	670	679.46	685	99.19
midBlast_Ctrl_	51676302	LTR67B:ERVL:LTR	632	46.9277854084	666	676.73	681	99.37
midBlast_Ctrl_	51676302	IAPA_MM-int:ERVK:LTR	126	35.9028131406	665	1447.65	5108	28.34
midBlast_Ctrl_	51676302	MER112:hAT-Charlie:DNA	358	43.6500218958	664	665.18	666	99.88
midBlast_Ctrl_	51676302	L1M2c:L1:LINE	321	24.0757049967	652	665.08	672	98.97
midBlast_Ctrl_	51676302	MLTR31C_MM:ERVK:LTR	227	23.7196036231	649	671.88	678	99.10
midBlast_Ctrl_	51676302	MER34:ERV1:LTR	737	43.3251084727	647	679.60	689	98.64
midBlast_Ctrl_	51676302	MLT1E1:ERVL-MaLR:LTR	576	32.2272814402	641	650.94	659	98.78
midBlast_Ctrl_	51676302	MLT2C1:ERVL:LTR	872	39.5319183009	641	649.29	656	98.98
midBlast_Ctrl_	51676302	RLTR31_Mm:ERVK:LTR	145	24.4138396661	640	643.71	648	99.34
midBlast_Ctrl_	51676302	L1MEb:L1:LINE	352	33.6540885244	638	644.68	660	97.68
midBlast_Ctrl_	51676302	RLTR26D_MM:ERVK:LTR	247	24.5372139234	637	640.67	647	99.02
midBlast_Ctrl_	51676302	Charlie2a:hAT-Charlie:DNA	505	31.9898602991	633	644.87	654	98.60
midBlast_Ctrl_	51676302	Kanga2_a:TcMar-Tc2:DNA	356	30.5407610287	626	628.23	633	99.25
midBlast_Ctrl_	51676302	Tigger2b:TcMar-Tigger:DNA	176	27.1795715572	620	626.20	629	99.55
midBlast_Ctrl_	51676302	LTR82A:ERVL:LTR	341	29.5200812337	617	617.73	619	99.79
midBlast_Ctrl_	51676302	RLTR6_Mm:ERV1:LTR	237	33.6588825349	614	1224.73	1336	91.67
midBlast_Ctrl_	51676302	MER45A:hAT-Tip100:DNA	769	43.3403746995	609	616.08	619	99.53
midBlast_Ctrl_	51676302	RLTR13A:ERVK:LTR	211	16.7341227284	606	851.31	945	90.09
midBlast_Ctrl_	51676302	CR1_Mam:CR1:LINE	257	35.633289267	602	603.57	606	99.60
midBlast_Ctrl_	51676302	L1MA10:L1:LINE	866	40.167955137	601	609.29	619	98.43
midBlast_Ctrl_	51676302	LTR33A_:ERVL:LTR	474	37.0896509491	598	603.41	604	99.90
midBlast_Ctrl_	51676302	LTR41B:ERVL:LTR	290	39.0001465489	595	600.81	603	99.64
midBlast_Ctrl_	51676302	MER102c:hAT-Charlie:DNA	363	34.489431958	594	600.09	605	99.19
midBlast_Ctrl_	51676302	RLTR13D2:ERVK:LTR	270	19.0060741654	586	596.60	603	98.94
midBlast_Ctrl_	51676302	RLTR50B:ERVK:LTR	334	21.3031423256	586	601.98	605	99.50
midBlast_Ctrl_	51676302	RLTR9A3:ERVK:LTR	774	31.2294509289	585	602.96	615	98.04
midBlast_Ctrl_	51676302	MER63D:hAT-Blackjack:DNA	1034	37.1346545298	584	593.85	602	98.65
midBlast_Ctrl_	51676302	BGLII_A:ERVK:LTR	292	29.7884008018	583	672.40	684	98.30
midBlast_Ctrl_	51676302	MER104:TcMar-Tc2:DNA	295	37.5085585185	581	587.66	597	98.44
midBlast_Ctrl_	51676302	MER44C:TcMar-Tigger:DNA	185	20.9876707849	578	589.14	598	98.52
midBlast_Ctrl_	51676302	Charlie24:hAT-Charlie:DNA	374	32.5878715442	566	574.76	581	98.93
midBlast_Ctrl_	51676302	MER63C:hAT-Blackjack:DNA	414	24.6523080023	566	589.93	605	97.51
midBlast_Ctrl_	51676302	MER45B:hAT-Tip100:DNA	688	30.0686047304	563	567.55	571	99.40
midBlast_Ctrl_	51676302	LTRIS_Mm:ERV1:LTR	555	31.9189148809	561	721.96	729	99.03
midBlast_Ctrl_	51676302	Tigger16a:TcMar-Tigger:DNA	290	38.3206338528	558	559.71	563	99.42
midBlast_Ctrl_	51676302	MLT1D-int:ERVL-MaLR:LTR	176	18.8732942505	556	567.26	573	99.00
midBlast_Ctrl_	51676302	MER54A:ERVL:LTR	273	24.6096112369	553	560.09	563	99.48
midBlast_Ctrl_	51676302	Plat_L3:CR1:LINE	579	38.3759899066	553	556.22	561	99.15
midBlast_Ctrl_	51676302	LTR16C:ERVL:LTR	1352	41.3152943809	548	554.23	561	98.79
midBlast_Ctrl_	51676302	RLTR19A:ERVK:LTR	153	22.2751289517	546	566.71	574	98.73
midBlast_Ctrl_	51676302	RLTR26C_MM:ERVK:LTR	454	25.5082465596	539	549.58	562	97.79
midBlast_Ctrl_	51676302	BLACKJACK:hAT-Blackjack:DNA	716	23.4107444737	538	548.22	555	98.78
midBlast_Ctrl_	51676302	Arthur1:hAT-Tip100:DNA	920	32.5321042722	537	541.14	547	98.93
midBlast_Ctrl_	51676302	Tigger9a:TcMar-Tigger:DNA	200	28.2242831097	535	541.04	545	99.27
midBlast_Ctrl_	51676302	hAT-N1_Mam:hAT?:DNA	185	32.6444764502	529	529.97	530	99.99
midBlast_Ctrl_	51676302	LTR40c:ERVL:LTR	248	26.824111889	526	533.03	538	99.08
midBlast_Ctrl_	51676302	L1MEa:L1:LINE	169	21.9982984743	525	533.20	538	99.11
midBlast_Ctrl_	51676302	MLT1-int:ERVL-MaLR:LTR	285	21.9525618066	519	528.71	531	99.57
midBlast_Ctrl_	51676302	L1ME3C:L1:LINE	326	28.4375702427	514	522.19	530	98.53
midBlast_Ctrl_	51676302	MER117:hAT-Charlie:DNA	745	42.9111826863	511	514.18	516	99.65
midBlast_Ctrl_	51676302	RLTR20B4_MM:ERVK:LTR	416	26.0210231163	511	522.45	529	98.76
midBlast_Ctrl_	51676302	IAPEY2_LTR:ERVK:LTR	1062	28.6356546207	505	524.76	554	94.72
midBlast_Ctrl_	51676302	RLTR13B4:ERVK:LTR	412	15.3296101958	502	538.05	550	97.83
midBlast_Ctrl_	51676302	LTR87:ERVL?:LTR	214	29.2709355164	493	495.06	497	99.61
midBlast_Ctrl_	51676302	L1M2b:L1:LINE	16	34.3134066396	492	493.00	493	100.00
midBlast_Ctrl_	51676302	RLTR12H:ERVK:LTR	188	18.0024623834	492	504.61	510	98.94
midBlast_Ctrl_	51676302	LTR40a:ERVL:LTR	709	32.5773542675	489	494.30	504	98.08
midBlast_Ctrl_	51676302	MamRep137:TcMar-Tigger:DNA	339	29.9682948881	487	490.76	495	99.14
midBlast_Ctrl_	51676302	RLTR1D2_MM:ERV1:LTR	192	21.3666387396	486	738.65	751	98.36
midBlast_Ctrl_	51676302	MLT1N2:ERVL-MaLR:LTR	692	33.6695559365	484	493.28	498	99.05
midBlast_Ctrl_	51676302	MER34A1:ERV1:LTR	541	25.4537302998	483	496.32	499	99.46
midBlast_Ctrl_	51676302	RLTR41C:ERV1:LTR	157	18.5104389848	481	485.86	491	98.95
midBlast_Ctrl_	51676302	MER92-int:ERV1:LTR	324	22.322153806	477	485.77	490	99.14
midBlast_Ctrl_	51676302	MLT2C2:ERVL:LTR	651	29.8589119924	469	474.64	480	98.88
midBlast_Ctrl_	51676302	L4_C_Mam:RTE-X:LINE	590	33.6859679883	468	472.69	475	99.51
midBlast_Ctrl_	51676302	MLT1M:ERVL-MaLR:LTR	212	27.7622369994	468	470.50	473	99.47
midBlast_Ctrl_	51676302	LTR78:ERV1:LTR	583	30.500005444	464	467.37	471	99.23
midBlast_Ctrl_	51676302	RLTR13A1:ERVK:LTR	205	12.3507420969	460	489.12	497	98.41
midBlast_Ctrl_	51676302	ERV3-16A3_I-int:ERVL:LTR	908	27.1843370353	457	468.73	473	99.10
midBlast_Ctrl_	51676302	MamTip2:hAT-Tip100:DNA	892	34.80320527	457	457.57	459	99.69
midBlast_Ctrl_	51676302	Charlie10:hAT-Charlie:DNA	371	18.6803280807	456	464.51	467	99.47
midBlast_Ctrl_	51676302	RLTR13D1:ERVK:LTR	255	15.4736666055	455	464.25	473	98.15
midBlast_Ctrl_	51676302	RMER16B:ERVK:LTR	84	15.8532893425	455	461.89	465	99.33
midBlast_Ctrl_	51676302	RLTR35B_MM:ERVL:LTR	492	25.1323498716	449	451.50	455	99.23
midBlast_Ctrl_	51676302	LTR37-int:ERV1:LTR	239	23.2813911682	443	445.50	447	99.66
midBlast_Ctrl_	51676302	MLT1J-int:ERVL-MaLR:LTR	506	27.0785192689	443	448.18	453	98.94
midBlast_Ctrl_	51676302	LTRIS3:ERV1:LTR	165	18.5280654023	439	465.83	474	98.28
midBlast_Ctrl_	51676302	LTR37A:ERV1:LTR	549	28.3728787768	436	449.45	456	98.56
midBlast_Ctrl_	51676302	RLTR9D2:ERVK:LTR	194	18.99671471	436	441.39	448	98.53
midBlast_Ctrl_	51676302	MER105:DNA:DNA	171	28.9269488844	433	438.63	444	98.79
midBlast_Ctrl_	51676302	RLTR13D3A:ERVK:LTR	162	12.189909379	432	454.19	459	98.95
midBlast_Ctrl_	51676302	RLTR8:ERVK:LTR	241	18.7249405757	432	453.69	461	98.42
midBlast_Ctrl_	51676302	MER90a:ERV1:LTR	581	22.8735332435	430	437.26	457	95.68
midBlast_Ctrl_	51676302	MLT1O:ERVL-MaLR:LTR	538	33.4706509712	429	437.10	442	98.89
midBlast_Ctrl_	51676302	MER57D:ERV1:LTR	300	27.0879465158	428	433.98	436	99.54
midBlast_Ctrl_	51676302	ERVL-int:ERVL:LTR	721	22.8298119412	426	450.58	455	99.03
midBlast_Ctrl_	51676302	L1ME3D:L1:LINE	323	23.7370063082	426	428.16	434	98.65
midBlast_Ctrl_	51676302	LTR79:ERVL:LTR	380	25.7938054521	426	431.21	435	99.13
midBlast_Ctrl_	51676302	L1ME3F:L1:LINE	308	26.35447504	423	429.47	433	99.19
midBlast_Ctrl_	51676302	MamRep434:TcMar-Tigger:DNA	518	29.8271044432	423	425.07	428	99.32
midBlast_Ctrl_	51676302	RLTR44E:ERVK:LTR	122	17.9949761075	423	508.19	516	98.49
midBlast_Ctrl_	51676302	Charlie19a:hAT-Charlie:DNA	240	27.4079265818	420	423.26	425	99.59
midBlast_Ctrl_	51676302	L1ME3E:L1:LINE	327	21.748314277	419	421.73	427	98.77
midBlast_Ctrl_	51676302	MADE2:TcMar-Mariner:DNA	208	35.7491081275	418	418.00	418	100.00
midBlast_Ctrl_	51676302	tRNA-Ala-GCY_:tRNA:tRNA	2580	29.4333441865	418	419.70	426	98.52
midBlast_Ctrl_	51676302	LTRIS4B:ERV1:LTR	71	11.9493515611	415	424.87	428	99.27
midBlast_Ctrl_	51676302	MER63A:hAT-Blackjack:DNA	635	31.2339136643	412	418.40	421	99.38
midBlast_Ctrl_	51676302	MLT1F-int:ERVL-MaLR:LTR	417	22.7505076472	412	419.30	422	99.36
midBlast_Ctrl_	51676302	LTR16B2:ERVL:LTR	384	27.0311099267	411	412.15	414	99.55
midBlast_Ctrl_	51676302	Charlie16a:hAT-Charlie:DNA	197	27.4456035636	410	412.72	416	99.21
midBlast_Ctrl_	51676302	Ricksha_c:MULE-MuDR:DNA	405	21.9795834594	410	416.14	419	99.32
midBlast_Ctrl_	51676302	L1M8:L1:LINE	201	21.4824054017	409	416.84	422	98.78
midBlast_Ctrl_	51676302	MER63B:hAT-Blackjack:DNA	701	28.2677133104	409	412.72	419	98.50
midBlast_Ctrl_	51676302	MER67B:ERV1:LTR	220	19.3879930105	406	406.94	412	98.77
midBlast_Ctrl_	51676302	RLTR30B_MM:ERV1:LTR	283	18.1055672888	406	418.52	431	97.10
midBlast_Ctrl_	51676302	RLTR9B:ERVK:LTR	206	16.5238007051	406	411.02	413	99.52
midBlast_Ctrl_	51676302	LTR16B1:ERVL:LTR	299	21.4135728305	405	411.05	413	99.53
midBlast_Ctrl_	51676302	MER74B:ERVL:LTR	324	21.934043264	405	409.51	412	99.40
midBlast_Ctrl_	51676302	Zaphod2:hAT-Tip100:DNA	169	11.9656765251	397	400.78	408	98.23
midBlast_Ctrl_	51676302	LTR31:ERV1:LTR	187	19.6987750409	395	396.61	398	99.65
midBlast_Ctrl_	51676302	MLT1H-int:ERVL-MaLR:LTR	379	20.754395824	384	389.14	392	99.27
midBlast_Ctrl_	51676302	RLTR13D4:ERVK:LTR	205	13.5898825102	382	397.39	403	98.61
midBlast_Ctrl_	51676302	ERVB7_2-LTR_MM:ERVK:LTR	425	17.2529267644	380	422.28	432	97.75
midBlast_Ctrl_	51676302	Charlie18a:hAT-Charlie:DNA	242	26.0393195456	379	381.38	384	99.32
midBlast_Ctrl_	51676302	RLTR20C:ERVK:LTR	263	16.7960827925	379	384.85	387	99.45
midBlast_Ctrl_	51676302	RLTR31A_Mm:ERVK:LTR	209	12.6783816487	378	394.60	411	96.01
midBlast_Ctrl_	51676302	Charlie13a:hAT-Charlie:DNA	184	22.1044955941	377	377.82	378	99.95
midBlast_Ctrl_	51676302	MLTR13:ERVK:LTR	205	15.2963258772	377	411.96	416	99.03
midBlast_Ctrl_	51676302	L1M:L1:LINE	459	25.6462739466	371	389.60	394	98.88
midBlast_Ctrl_	51676302	MER94:hAT-Blackjack:DNA	466	27.4982910669	371	374.34	376	99.56
midBlast_Ctrl_	51676302	L4_B_Mam:RTE-X:LINE	361	21.9604023317	349	349.35	350	99.81
midBlast_Ctrl_	51676302	LTR78B:ERV1:LTR	405	27.7498513357	348	349.61	350	99.89
midBlast_Ctrl_	51676302	SRV_MM-int:ERVK:LTR	129	6.9488045194	345	360.21	361	99.78
midBlast_Ctrl_	51676302	RLTR42:ERVK:LTR	266	17.0662463097	344	353.19	369	95.71
midBlast_Ctrl_	51676302	MER91A:hAT-Tip100:DNA	370	23.9964842642	340	340.30	344	98.92
midBlast_Ctrl_	51676302	MER96B:hAT-Tip100:DNA	410	20.2109369689	335	336.26	341	98.61
midBlast_Ctrl_	51676302	IAPLTR3:ERVK:LTR	959	13.8966512609	332	353.28	363	97.32
midBlast_Ctrl_	51676302	IAP1-MM_LTR:ERVK:LTR	420	18.3852411957	331	349.74	365	95.82
midBlast_Ctrl_	51676302	LTR16E1:ERVL:LTR	514	23.3848901414	329	330.97	333	99.39
midBlast_Ctrl_	51676302	LTR48B:ERV1:LTR	302	16.319743504	326	331.70	338	98.14
midBlast_Ctrl_	51676302	IAPEY3_LTR:ERVK:LTR	553	17.7305928727	324	345.00	358	96.37
midBlast_Ctrl_	51676302	RLTR10F:ERVK:LTR	482	17.8459158821	324	348.75	357	97.69
midBlast_Ctrl_	51676302	RLTR10E:ERVK:LTR	227	16.3925414177	322	359.76	368	97.76
midBlast_Ctrl_	51676302	MER68-int:ERVL:LTR	77	13.7059419139	321	330.03	333	99.11
midBlast_Ctrl_	51676302	Charlie17b:hAT-Charlie:DNA	130	16.7166499	319	320.04	321	99.70
midBlast_Ctrl_	51676302	Charlie4:hAT-Charlie:DNA	161	17.0981159933	319	327.86	329	99.65
midBlast_Ctrl_	51676302	MER67C:ERV1:LTR	620	19.6722714963	319	321.12	322	99.73
midBlast_Ctrl_	51676302	RLTR48C:ERV1:LTR	149	12.9115620698	319	321.82	323	99.64
midBlast_Ctrl_	51676302	RLTR5_Mm:ERV1:LTR	601	9.93857965741	318	327.09	335	97.64
midBlast_Ctrl_	51676302	RLTR17C_Mm:ERVK:LTR	218	11.8162509243	316	327.37	332	98.60
midBlast_Ctrl_	51676302	MER115:hAT-Tip100:DNA	521	23.3821091479	314	319.09	326	97.88
midBlast_Ctrl_	51676302	MLT1B-int:ERVL-MaLR:LTR	165	14.1792706214	304	307.47	309	99.51
midBlast_Ctrl_	51676302	RLTR44B:ERVK:LTR	275	14.391299243	303	314.79	318	98.99
midBlast_Ctrl_	51676302	LTR65:ERV1:LTR	162	16.4938298199	302	305.61	309	98.90
midBlast_Ctrl_	51676302	RLTR10D2:ERVK:LTR	225	17.7308284124	302	317.87	332	95.74
midBlast_Ctrl_	51676302	Tigger20a:TcMar-Tigger:DNA	188	19.4653598078	302	305.27	306	99.76
midBlast_Ctrl_	51676302	Tigger8:TcMar-Tigger:DNA	121	14.7709644088	301	302.24	303	99.75
midBlast_Ctrl_	51676302	Charlie9:hAT-Charlie:DNA	232	22.3585044439	297	297.05	298	99.68
midBlast_Ctrl_	51676302	U5:snRNA:snRNA	85	21.4060431604	297	301.11	303	99.38
midBlast_Ctrl_	51676302	LTR33C:ERVL:LTR	232	15.9061709909	292	293.00	293	100.00
midBlast_Ctrl_	51676302	MER58D:hAT-Charlie:DNA	292	22.5122326667	292	293.22	297	98.73
midBlast_Ctrl_	51676302	Eulor5A:DNA?:DNA?	80	15.6337301354	287	287.00	287	100.00
midBlast_Ctrl_	51676302	Charlie25:hAT-Charlie:DNA	301	18.2813698798	286	287.09	291	98.65
midBlast_Ctrl_	51676302	MER81:hAT-Blackjack:DNA	512	25.0612945381	286	286.00	286	100.00
midBlast_Ctrl_	51676302	MLT1F2-int:ERVL-MaLR:LTR	68	7.11249451374	286	288.28	291	99.06
midBlast_Ctrl_	51676302	Charlie17:hAT-Charlie:DNA	134	13.00172076	284	291.39	296	98.44
midBlast_Ctrl_	51676302	L1M6:L1:LINE	329	20.0215447009	284	286.51	287	99.83
midBlast_Ctrl_	51676302	RLTR41A2:ERV1:LTR	440	17.7755194833	284	294.95	302	97.66
midBlast_Ctrl_	51676302	LTRIS4:ERV1:LTR	147	10.3289182825	282	284.82	289	98.55
midBlast_Ctrl_	51676302	Kanga1c:TcMar-Tc2:DNA	184	15.8693603389	279	281.24	286	98.34
midBlast_Ctrl_	51676302	Tigger16b:TcMar-Tigger:DNA	197	19.9900982119	279	280.20	282	99.36
midBlast_Ctrl_	51676302	MER106B:hAT-Charlie:DNA	242	19.1642709528	276	277.69	279	99.53
midBlast_Ctrl_	51676302	Charlie29a:hAT-Charlie:DNA	324	18.9095418218	275	277.99	282	98.58
midBlast_Ctrl_	51676302	L1M2a:L1:LINE	208	13.6353522815	275	278.63	280	99.51
midBlast_Ctrl_	51676302	MLT2B5:ERVL:LTR	442	17.5069279477	275	278.45	282	98.74
midBlast_Ctrl_	51676302	MLTR31E_MM:ERVK:LTR	164	11.8084523029	275	286.04	294	97.29
midBlast_Ctrl_	51676302	ERVB5_2-LTR_MM:ERVK:LTR	520	11.2504485701	274	282.99	287	98.60
midBlast_Ctrl_	51676302	IAPEY3C_LTR:ERVK:LTR	475	16.6199120199	273	304.65	310	98.28
midBlast_Ctrl_	51676302	MER96:hAT-Tip100:DNA	104	18.4583237411	271	271.86	272	99.95
midBlast_Ctrl_	51676302	MER31-int:ERV1:LTR	149	10.7649494561	270	276.80	280	98.86
midBlast_Ctrl_	51676302	RLTR44A:ERVK:LTR	259	15.0252516712	270	280.95	285	98.58
midBlast_Ctrl_	51676302	RLTR13F:ERVK:LTR	98	5.89593156335	269	276.14	278	99.33
midBlast_Ctrl_	51676302	MER5C:hAT-Charlie:DNA	242	17.6860628841	268	271.19	274	98.97
midBlast_Ctrl_	51676302	MER5C1:hAT-Charlie:DNA	75	18.0545142241	267	268.22	270	99.34
midBlast_Ctrl_	51676302	MER99:hAT?:DNA	198	15.7943430738	264	264.00	264	100.00
midBlast_Ctrl_	51676302	Charlie15a:hAT-Charlie:DNA	217	19.5780261736	262	264.11	265	99.66
midBlast_Ctrl_	51676302	LTR16E2:ERVL:LTR	423	17.4566992261	259	260.50	262	99.43
midBlast_Ctrl_	51676302	MER131:SINE?:SINE?	274	21.9035493427	259	259.38	260	99.76
midBlast_Ctrl_	51676302	ERVB3_1-LTR_MM:ERVK:LTR	158	10.9900445804	257	262.41	266	98.65
midBlast_Ctrl_	51676302	Arthur1B:hAT-Tip100:DNA	597	17.6172812133	253	255.66	260	98.33
midBlast_Ctrl_	51676302	Helitron1Nb_Mam:Helitron:RC	92	13.1116886595	253	253.50	254	99.80
midBlast_Ctrl_	51676302	RLTR26:ERVK:LTR	408	12.0828968836	253	261.87	266	98.45
midBlast_Ctrl_	51676302	Kanga1b:TcMar-Tc2:DNA	121	12.7628474401	252	304.90	310	98.35
midBlast_Ctrl_	51676302	LTRIS4A:ERV1:LTR	228	14.7402736823	252	303.69	307	98.92
midBlast_Ctrl_	51676302	MLT1A0-int:ERVL-MaLR:LTR	206	11.6979899722	252	259.64	264	98.35
midBlast_Ctrl_	51676302	RLTR12B2:ERVK:LTR	95	10.1706478782	252	254.62	260	97.93
midBlast_Ctrl_	51676302	RLTR47:ERVK:LTR	209	9.61006116888	252	255.64	258	99.09
midBlast_Ctrl_	51676302	RLTR53B_Mm:ERVK:LTR	160	13.0026886435	249	249.51	250	99.80
midBlast_Ctrl_	51676302	L1M3de:L1:LINE	157	9.99928062436	248	255.01	261	97.70
midBlast_Ctrl_	51676302	LTR16B:ERVL:LTR	260	15.0880996569	243	244.80	246	99.51
midBlast_Ctrl_	51676302	MER54B:ERVL:LTR	114	10.8421907705	242	242.78	247	98.29
midBlast_Ctrl_	51676302	Zaphod:hAT-Tip100:DNA	728	16.200674722	242	250.78	256	97.96
midBlast_Ctrl_	51676302	MER57C2:ERV1:LTR	415	17.0095549025	240	245.77	251	97.92
midBlast_Ctrl_	51676302	RLTR30D_MM:ERV1:LTR	268	11.6080132142	240	246.42	252	97.79
midBlast_Ctrl_	51676302	RLTR48B:ERV1:LTR	110	9.8404857768	239	240.54	241	99.81
midBlast_Ctrl_	51676302	Kanga11a:TcMar-Tc2:DNA	187	17.0881674878	238	240.50	243	98.97
midBlast_Ctrl_	51676302	MER127:TcMar-Tigger:DNA	119	17.4157320067	238	238.00	238	100.00
midBlast_Ctrl_	51676302	Charlie20a:hAT-Charlie:DNA	161	14.5675137649	237	239.19	241	99.25
midBlast_Ctrl_	51676302	RLTR9F:ERVK:LTR	411	12.6631887342	237	244.33	249	98.13
midBlast_Ctrl_	51676302	MER106A:hAT-Charlie:DNA	115	13.5286856461	235	238.12	240	99.22
midBlast_Ctrl_	51676302	AmnSINE2:Deu:SINE	391	19.3669246403	234	234.69	235	99.87
midBlast_Ctrl_	51676302	MLTR32C_MM:ERVK:LTR	127	6.69269646126	233	239.66	243	98.63
midBlast_Ctrl_	51676302	ERV3-16A3_LTR:ERVL:LTR	279	16.671185988	232	237.55	241	98.57
midBlast_Ctrl_	51676302	L1M7:L1:LINE	207	14.0934525392	232	234.99	236	99.57
midBlast_Ctrl_	51676302	LTR16A2:ERVL:LTR	416	17.0478679649	231	231.65	233	99.42
midBlast_Ctrl_	51676302	LTR102_Mam:ERVL:LTR	215	12.7258515557	230	231.37	232	99.73
midBlast_Ctrl_	51676302	LTR16A1:ERVL:LTR	654	16.8663322835	230	230.00	230	100.00
midBlast_Ctrl_	51676302	LTR73:ERV1:LTR	137	14.3445889017	227	240.28	243	98.88
midBlast_Ctrl_	51676302	MER92B:ERV1:LTR	238	12.1016807172	227	228.00	228	100.00
midBlast_Ctrl_	51676302	MER91B:hAT-Tip100:DNA	229	16.0358819113	225	226.39	227	99.73
midBlast_Ctrl_	51676302	X7B_LINE:CR1:LINE	162	13.2988038042	224	234.65	237	99.01
midBlast_Ctrl_	51676302	LTR45:ERV1:LTR	31	5.57402371124	221	222.99	226	98.67
midBlast_Ctrl_	51676302	Kanga1a:TcMar-Tc2:DNA	191	11.6257018994	219	219.26	221	99.21
midBlast_Ctrl_	51676302	Tigger14a:TcMar-Tigger:DNA	225	16.1076658189	215	215.44	217	99.28
midBlast_Ctrl_	51676302	LTR16D:ERVL:LTR	185	13.2203568511	213	217.82	220	99.01
midBlast_Ctrl_	51676302	ERVB7_3-LTR_MM:ERVK:LTR	319	11.151722141	212	226.62	233	97.26
midBlast_Ctrl_	51676302	HERVL40-int:ERVL:LTR	204	12.4518327852	208	212.05	215	98.63
midBlast_Ctrl_	51676302	MER113A:hAT-Charlie:DNA	140	12.5720970397	205	206.43	207	99.72
midBlast_Ctrl_	51676302	MER126:DNA:DNA	118	13.9406288029	205	206.69	208	99.37
midBlast_Ctrl_	51676302	RLTR9B2:ERVK:LTR	178	7.7172286829	205	211.88	220	96.31
midBlast_Ctrl_	51676302	Charlie7a:hAT-Charlie:DNA	102	10.7817734124	204	204.19	205	99.61
midBlast_Ctrl_	51676302	MER90:ERV1:LTR	245	11.4709262371	204	207.74	210	98.93
midBlast_Ctrl_	51676302	L1MEj:L1:LINE	178	11.0857352659	202	204.12	205	99.57
midBlast_Ctrl_	51676302	Tigger17b:TcMar-Tigger:DNA	72	8.57901374318	201	205.01	208	98.56
midBlast_Ctrl_	51676302	MER124:DNA?:DNA?	252	14.9381093698	199	200.45	202	99.23
midBlast_Ctrl_	51676302	MamRep1879:hAT-Tip100?:DNA	105	15.8447214393	198	198.00	198	100.00
midBlast_Ctrl_	51676302	Charlie23a:hAT-Charlie:DNA	157	15.3440935281	197	201.08	205	98.09
midBlast_Ctrl_	51676302	Zaphod3:hAT-Tip100:DNA	454	13.9886372753	197	197.87	198	99.93
midBlast_Ctrl_	51676302	LTR82B:ERVL:LTR	290	11.5863328244	192	194.23	195	99.61
midBlast_Ctrl_	51676302	RLTR1F_Mm:ERVK:LTR	83	5.70091992015	192	193.79	196	98.87
midBlast_Ctrl_	51676302	LTR83:ERVL:LTR	161	13.2676479441	191	192.77	194	99.37
midBlast_Ctrl_	51676302	Kanga1d:TcMar-Tc2:DNA	131	11.6331266735	190	191.93	196	97.92
midBlast_Ctrl_	51676302	MER70B:ERVL:LTR	254	8.25326060506	190	192.44	194	99.19
midBlast_Ctrl_	51676302	LTRIS5:ERV1:LTR	85	6.99367855047	188	189.01	190	99.48
midBlast_Ctrl_	51676302	Tigger12:TcMar-Tigger:DNA	155	11.8520751511	188	188.00	188	100.00
midBlast_Ctrl_	51676302	L1P5:L1:LINE	166	10.2688116446	187	188.38	189	99.67
midBlast_Ctrl_	51676302	L1PB4:L1:LINE	144	8.29792476047	184	189.38	191	99.15
midBlast_Ctrl_	51676302	U14:snRNA:snRNA	4	15.4659111639	184	185.00	185	100.00
midBlast_Ctrl_	51676302	MER45R:hAT-Tip100:DNA	375	12.2366526503	182	185.49	188	98.67
midBlast_Ctrl_	51676302	UCON29:PiggyBac?:DNA	141	12.8096902801	182	182.00	182	100.00
midBlast_Ctrl_	51676302	IAPEY4_LTR:ERVK:LTR	95	11.2038138245	181	271.75	282	96.37
midBlast_Ctrl_	51676302	MamRep1151:LTR?:LTR?	249	10.8996753677	181	182.12	184	98.98
midBlast_Ctrl_	51676302	MER135:DNA:DNA	287	13.1108480327	181	181.00	181	100.00
midBlast_Ctrl_	51676302	MER76:ERVL:LTR	247	10.6296725356	181	187.94	189	99.44
midBlast_Ctrl_	51676302	LTR89:ERVL?:LTR	146	11.2440470064	178	179.54	181	99.19
midBlast_Ctrl_	51676302	ERVB5_1-LTR_MM:ERVK:LTR	143	7.61909791356	177	180.28	184	97.98
midBlast_Ctrl_	51676302	ERVB7_4-LTR_MM:ERVK:LTR	166	6.91464367286	175	186.63	196	95.22
midBlast_Ctrl_	51676302	L1M3c:L1:LINE	337	9.92308405412	175	175.50	176	99.72
midBlast_Ctrl_	51676302	LTR104_Mam:Gypsy:LTR	254	13.7503020715	175	177.00	177	100.00
midBlast_Ctrl_	51676302	LTR33B:ERVL:LTR	268	9.91810210948	174	175.12	177	98.94
midBlast_Ctrl_	51676302	MamRep1527:LTR:LTR	372	11.699078051	173	175.60	179	98.10
midBlast_Ctrl_	51676302	MER57-int:ERV1:LTR	202	12.1957228936	173	174.11	175	99.49
midBlast_Ctrl_	51676302	MMERVK10D3_LTR:ERVK:LTR	174	7.13894479354	171	175.10	180	97.28
midBlast_Ctrl_	51676302	ORSL:hAT-Tip100:DNA	281	12.1100501431	168	168.46	169	99.68
midBlast_Ctrl_	51676302	L1ME5:L1:LINE	146	10.9649097924	166	169.14	171	98.91
midBlast_Ctrl_	51676302	Tigger12c:TcMar-Tigger:DNA	97	10.887698537	166	166.32	167	99.59
midBlast_Ctrl_	51676302	ERVB2_1-I_MM-int:ERVK:LTR	83	2.77864221885	165	170.42	171	99.66
midBlast_Ctrl_	51676302	HERV16-int:ERVL:LTR	277	10.3964873196	164	166.61	171	97.43
midBlast_Ctrl_	51676302	LTR84b:ERVL:LTR	187	12.1475302259	164	168.62	169	99.78
midBlast_Ctrl_	51676302	MER52-int:ERV1:LTR	206	10.2628079575	164	164.50	165	99.70
midBlast_Ctrl_	51676302	Charlie13b:hAT-Charlie:DNA	114	11.4865614881	163	164.77	168	98.08
midBlast_Ctrl_	51676302	Helitron3Na_Mam:Helitron:RC	191	12.1134634626	163	163.45	165	99.06
midBlast_Ctrl_	51676302	LTR101_Mam:ERVL:LTR	157	9.64855051365	163	163.50	164	99.70
midBlast_Ctrl_	51676302	Ricksha:MuDR:DNA	85	6.89071727102	162	167.20	169	98.94
midBlast_Ctrl_	51676302	RLTR43C:ERVK:LTR	264	10.1379164187	162	165.74	168	98.66
midBlast_Ctrl_	51676302	RLTR9A2:ERVK:LTR	227	7.7705710542	161	165.76	169	98.08
midBlast_Ctrl_	51676302	Charlie22a:hAT-Charlie:DNA	163	13.1679243953	157	157.13	158	99.45
midBlast_Ctrl_	51676302	LTR37B:ERV1:LTR	386	9.35725585763	157	157.00	157	100.00
midBlast_Ctrl_	51676302	U4:snRNA:snRNA	108	9.36927655861	155	156.83	159	98.64
midBlast_Ctrl_	51676302	ERVB5_1-I_MM-int:ERVK:LTR	292	8.89951056065	154	164.00	164	100.00
midBlast_Ctrl_	51676302	RLTR13D:ERVK:LTR	45	3.35120061836	154	154.24	155	99.51
midBlast_Ctrl_	51676302	ORSL-2b:hAT-Tip100:DNA	210	9.95345504576	153	153.00	153	100.00
midBlast_Ctrl_	51676302	RLTR46A2:ERVK:LTR	58	6.56729709733	153	161.24	163	98.92
midBlast_Ctrl_	51676302	MER121:TcMar?:DNA	588	12.0720529685	148	149.09	153	97.44
midBlast_Ctrl_	51676302	MER73:ERVL:LTR	135	7.51010704562	147	148.22	152	97.51
midBlast_Ctrl_	51676302	Charlie21a:hAT-Charlie:DNA	174	9.62315608721	146	148.89	149	99.92
midBlast_Ctrl_	51676302	RLTR20A1:ERVK:LTR	98	8.03346210222	146	146.04	149	98.01
midBlast_Ctrl_	51676302	MER47A:TcMar-Tigger:DNA	127	9.57399022515	145	146.82	148	99.21
midBlast_Ctrl_	51676302	MMTV-int:ERVK:LTR	35	5.65376325111	145	310.52	320	97.04
midBlast_Ctrl_	51676302	Chap1_Mam:hAT-Charlie:DNA	153	10.8133660825	144	144.88	146	99.24
midBlast_Ctrl_	51676302	HAL1_SS:L1:LINE	79	6.83035511943	142	143.24	144	99.47
midBlast_Ctrl_	51676302	LTR53:ERVL:LTR	226	7.73900000447	138	138.59	139	99.71
midBlast_Ctrl_	51676302	LTR88c:Gypsy?:LTR	118	6.75099161017	138	138.00	138	100.00
midBlast_Ctrl_	51676302	MER45C:hAT-Tip100:DNA	290	8.93494380364	138	141.14	146	96.67
midBlast_Ctrl_	51676302	MLT1C-int:ERVL-MaLR:LTR	122	6.93393561301	138	138.00	138	100.00
midBlast_Ctrl_	51676302	MER50B:ERV1:LTR	14	7.23502802331	134	134.00	134	100.00
midBlast_Ctrl_	51676302	MLT1H1-int:ERVL-MaLR:LTR	49	4.05431899198	134	134.36	135	99.53
midBlast_Ctrl_	51676302	RNERVK23-int:ERVK:LTR	45	4.27465148606	132	132.38	133	99.53
midBlast_Ctrl_	51676302	LTR84a:ERVL:LTR	136	9.21477617533	129	129.00	129	100.00
midBlast_Ctrl_	51676302	Tigger11a:TcMar-Tigger:DNA	75	8.09183572556	126	126.00	126	100.00
midBlast_Ctrl_	51676302	MLT1E2-int:ERVL-MaLR:LTR	35	4.36646747231	124	124.00	124	100.00
midBlast_Ctrl_	51676302	ERVB4_3-LTR_MM:ERVK:LTR	137	4.11639507136	123	125.76	127	99.03
midBlast_Ctrl_	51676302	X8_LINE:CR1:LINE	158	9.25721056027	123	123.00	123	100.00
midBlast_Ctrl_	51676302	LTR81B:Gypsy:LTR	204	6.56567389182	122	126.38	131	96.47
midBlast_Ctrl_	51676302	tRNA-Ala-GCA:tRNA:tRNA	749	10.6806290362	122	122.31	123	99.44
midBlast_Ctrl_	51676302	RLTR9C:ERVK:LTR	477	7.33505660718	121	140.34	143	98.14
midBlast_Ctrl_	51676302	MLT1G3-int:ERVL-MaLR:LTR	58	4.74389058154	119	121.27	123	98.59
midBlast_Ctrl_	51676302	L1MEg2:L1:LINE	112	7.36941479853	118	118.13	119	99.27
midBlast_Ctrl_	51676302	LTR52:ERVL:LTR	230	8.82816373615	117	120.95	125	96.76
midBlast_Ctrl_	51676302	MamRep4096:hAT?:DNA	180	9.46070058732	117	117.00	117	100.00
midBlast_Ctrl_	51676302	MER21-int:ERVL:LTR	105	7.80142046042	116	116.00	116	100.00
midBlast_Ctrl_	51676302	RLTR19A2:ERVK:LTR	94	5.95230833087	116	119.49	123	97.15
midBlast_Ctrl_	51676302	L1MEh:L1:LINE	202	8.16543066484	113	113.00	113	100.00
midBlast_Ctrl_	51676302	MamRep38:hAT:DNA	212	8.24266828312	113	116.36	118	98.61
midBlast_Ctrl_	51676302	LTR107_Mam:LTR:LTR	93	9.71111332697	111	111.00	111	100.00
midBlast_Ctrl_	51676302	MER70A:ERVL:LTR	184	5.79214159359	111	113.00	115	98.26
midBlast_Ctrl_	51676302	LTR40A1:ERVL:LTR	114	5.69932412908	110	110.50	111	99.55
midBlast_Ctrl_	51676302	U8:snRNA:snRNA	5	9.79551843414	110	110.00	110	100.00
midBlast_Ctrl_	51676302	L1M3d:L1:LINE	171	6.27723816487	109	115.89	118	98.21
midBlast_Ctrl_	51676302	LTR81A:Gypsy:LTR	180	7.72132287714	108	108.00	108	100.00
midBlast_Ctrl_	51676302	RLTR30C_MM:ERV1:LTR	124	5.12429726258	107	109.72	111	98.84
midBlast_Ctrl_	51676302	RLTR41B:ERV1:LTR	98	4.44764164306	107	109.53	114	96.08
midBlast_Ctrl_	51676302	Charlie26a:hAT-Charlie:DNA	98	7.05753136363	106	106.00	106	100.00
midBlast_Ctrl_	51676302	Ricksha_0:MULE-MuDR:DNA	82	4.51031194278	104	106.48	107	99.52
midBlast_Ctrl_	51676302	X3_LINE:RTE-BovB:LINE	260	8.07204428627	104	106.70	108	98.80
midBlast_Ctrl_	51676302	LTR106_Mam:LTR:LTR	164	7.10214680004	102	105.38	106	99.42
midBlast_Ctrl_	51676302	RLTR50A:ERVK:LTR	85	5.11895763977	102	104.21	107	97.39
midBlast_Ctrl_	51676302	Tigger12A:TcMar-Tigger:DNA	86	8.2186027211	101	102.05	103	99.08
midBlast_Ctrl_	51676302	LTR105_Mam:ERVL:LTR	124	7.5325292478	98	98.50	102	96.57
midBlast_Ctrl_	51676302	LTR86A1:ERVL:LTR	92	6.27638938368	96	97.00	98	98.98
midBlast_Ctrl_	51676302	MamGypLTR2b:Gypsy:LTR	109	5.70928278849	96	96.00	96	100.00
midBlast_Ctrl_	51676302	MER113B:hAT-Charlie:DNA	72	6.44091921873	96	96.00	96	100.00
midBlast_Ctrl_	51676302	RLTR9A3A:ERVK:LTR	222	5.84511141053	96	99.27	104	95.45
midBlast_Ctrl_	51676302	MER67A:ERV1:LTR	176	6.97542774645	95	96.55	100	96.55
midBlast_Ctrl_	51676302	MLT1F1-int:ERVL-MaLR:LTR	89	4.52469483466	95	100.65	106	94.96
midBlast_Ctrl_	51676302	ERVB4_3-I_MM-int:ERVK:LTR	99	4.9082263222	94	97.00	97	100.00
midBlast_Ctrl_	51676302	RLTR30D_RN:ERV1:LTR	64	3.91934597531	94	95.24	96	99.21
midBlast_Ctrl_	51676302	LTR28B:ERV1:LTR	144	6.67960533701	91	92.00	92	100.00
midBlast_Ctrl_	51676302	RLTR9A3B:ERVK:LTR	346	6.62198898745	91	95.31	100	95.31
midBlast_Ctrl_	51676302	RMER16B3:ERVK:LTR	101	4.66604799968	91	92.05	93	98.98
midBlast_Ctrl_	51676302	Charlie10a:hAT-Charlie:DNA	61	6.05267328471	90	90.00	90	100.00
midBlast_Ctrl_	51676302	MER57E1:ERV1:LTR	210	7.28393224316	90	90.50	91	99.45
midBlast_Ctrl_	51676302	MLT1A1-int:ERVL-MaLR:LTR	130	4.03490173333	90	91.00	91	100.00
midBlast_Ctrl_	51676302	Charlie11:hAT-Charlie:DNA	52	3.79509733602	89	91.54	92	99.50
midBlast_Ctrl_	51676302	L1M3b:L1:LINE	169	4.16049903122	89	89.85	90	99.84
midBlast_Ctrl_	51676302	MER110A:ERV1:LTR	196	5.45956236226	89	91.02	93	97.88
midBlast_Ctrl_	51676302	MamTip3:hAT-Tip100:DNA	180	7.29984632828	88	91.82	96	95.64
midBlast_Ctrl_	51676302	UCON23:hAT?:DNA	22	5.01014092739	87	87.00	87	100.00
midBlast_Ctrl_	51676302	BGLII_C:ERVK:LTR	74	5.4824773629	86	87.50	89	98.31
midBlast_Ctrl_	51676302	MER67D:ERV1:LTR	468	5.19268734875	85	86.00	87	98.85
midBlast_Ctrl_	51676302	X7A_LINE:CR1:LINE	159	6.61727535757	83	83.00	83	100.00
midBlast_Ctrl_	51676302	L1MEg1:L1:LINE	92	5.29588718356	82	82.00	82	100.00
midBlast_Ctrl_	51676302	Eulor9A:DNA:DNA	60	5.85421828701	80	80.00	80	100.00
midBlast_Ctrl_	51676302	IAPEY5_LTR:ERVK:LTR	237	4.83043205132	79	83.48	88	94.86
midBlast_Ctrl_	51676302	LTR55:ERVL?:LTR	160	5.63164551854	79	81.00	81	100.00
midBlast_Ctrl_	51676302	LTR75:ERVL:LTR	94	3.89563727527	78	79.74	82	97.24
midBlast_Ctrl_	51676302	MER65-int:ERV1:LTR	49	4.92967696881	78	79.33	81	97.94
midBlast_Ctrl_	51676302	L5:RTE-X:LINE	122	5.35304293905	77	80.03	83	96.43
midBlast_Ctrl_	51676302	MLT1H2-int:ERVL-MaLR:LTR	53	2.65224269371	76	79.24	80	99.05
midBlast_Ctrl_	51676302	Eulor12:DNA?:DNA?	35	6.13213998889	75	75.00	75	100.00
midBlast_Ctrl_	51676302	LTR85a:Gypsy?:LTR	234	7.65475625982	75	77.85	78	99.81
midBlast_Ctrl_	51676302	Eulor6B:DNA?:DNA?	56	5.2708158861	74	74.00	74	100.00
midBlast_Ctrl_	51676302	IAPEY5_I-int:ERVK:LTR	184	5.41205415035	74	84.06	92	91.37
midBlast_Ctrl_	51676302	MER65D:ERV1:LTR	101	5.27016978108	74	79.97	81	98.72
midBlast_Ctrl_	51676302	X6B_LINE:CR1:LINE	274	6.77251805127	74	74.00	74	100.00
midBlast_Ctrl_	51676302	MER88:ERVL:LTR	58	3.75209324052	73	73.42	74	99.22
midBlast_Ctrl_	51676302	Charlie14a:hAT-Charlie:DNA	72	5.8493862384	72	72.00	72	100.00
midBlast_Ctrl_	51676302	Arthur1A:hAT-Tip100:DNA	148	5.14356370812	71	71.00	71	100.00
midBlast_Ctrl_	51676302	RLTR44D:ERVK:LTR	100	4.34583085632	71	74.00	74	100.00
midBlast_Ctrl_	51676302	HERVL74-int:ERVL:LTR	149	4.50713212706	70	72.25	73	98.97
midBlast_Ctrl_	51676302	X6A_LINE:CR1:LINE	145	5.3788034373	69	69.82	70	99.74
midBlast_Ctrl_	51676302	MLT2E:ERVL:LTR	126	4.53796695253	68	69.50	70	99.29
midBlast_Ctrl_	51676302	LTR69:ERVL:LTR	74	3.78881075892	67	67.50	68	99.26
midBlast_Ctrl_	51676302	MER51-int:ERV1:LTR	7	3.20139121008	67	68.45	69	99.20
midBlast_Ctrl_	51676302	Arthur1C:hAT-Tip100:DNA	155	4.16163569577	65	65.00	65	100.00
midBlast_Ctrl_	51676302	MER34-int:ERV1:LTR	66	4.20088478902	65	65.67	67	98.02
midBlast_Ctrl_	51676302	LTR75B:ERVL:LTR	69	4.47870958952	64	64.50	65	99.23
midBlast_Ctrl_	51676302	MamGypLTR1c:Gypsy:LTR	145	3.95253928087	64	64.00	64	100.00
midBlast_Ctrl_	51676302	L1M3f:L1:LINE	100	3.38990985902	63	64.26	66	97.37
midBlast_Ctrl_	51676302	Eulor2B:DNA?:DNA?	42	5.00244260201	62	62.00	62	100.00
midBlast_Ctrl_	51676302	MER94B:hAT-Blackjack:DNA	86	5.71804265207	61	61.00	61	100.00
midBlast_Ctrl_	51676302	RLTR6C_Mm:ERV1:LTR	102	3.16358108395	60	64.00	66	96.97
midBlast_Ctrl_	51676302	Tigger1a_Art:TcMar-Tigger:DNA	37	3.74780446221	60	61.39	62	99.01
midBlast_Ctrl_	51676302	MER110:ERV1:LTR	147	3.49588907685	58	58.65	62	94.59
midBlast_Ctrl_	51676302	MER129:LTR?:LTR?	63	4.27038682915	58	58.00	58	100.00
midBlast_Ctrl_	51676302	LTR68:ERV1:LTR	106	3.9617874962	57	57.00	58	98.28
midBlast_Ctrl_	51676302	LTR109A2:ERV1:LTR	37	4.3964957359	56	56.64	58	97.65
midBlast_Ctrl_	51676302	LTR16D1:ERVL:LTR	90	4.2000947742	55	55.72	56	99.50
midBlast_Ctrl_	51676302	LTR85c:Gypsy?:LTR	119	4.59400769613	55	55.08	56	98.35
midBlast_Ctrl_	51676302	LTR86B1:ERVL:LTR	49	4.11462096764	55	55.00	55	100.00
midBlast_Ctrl_	51676302	MamGypLTR3a:Gypsy:LTR	161	4.67375051903	55	55.00	55	100.00
midBlast_Ctrl_	51676302	ORSL-2a:hAT-Tip100:DNA	69	3.57551714277	55	55.00	55	100.00
midBlast_Ctrl_	51676302	MamGypLTR1a:Gypsy:LTR	137	3.97956017285	54	55.60	56	99.29
midBlast_Ctrl_	51676302	DNA1_Mam:TcMar:DNA	45	4.20537965408	53	53.00	53	100.00
midBlast_Ctrl_	51676302	LTR88b:Gypsy?:LTR	178	4.71527097278	51	52.83	54	97.83
midBlast_Ctrl_	51676302	MER57E2:ERV1:LTR	62	3.6088351329	51	51.75	52	99.53
midBlast_Ctrl_	51676302	X7C_LINE:CR1:LINE	155	4.33835355175	51	51.00	51	100.00
midBlast_Ctrl_	51676302	Helitron2Na_Mam:Helitron?:RC?	74	2.96696968633	50	50.00	50	100.00
midBlast_Ctrl_	51676302	LTRIS6:ERV1:LTR	149	3.89808181004	50	52.50	56	93.75
midBlast_Ctrl_	51676302	Charlie17a:hAT-Charlie:DNA	63	4.0746656778	49	49.25	50	98.50
midBlast_Ctrl_	51676302	MamGypLTR1b:Gypsy:LTR	141	4.11901284724	49	50.38	53	95.06
midBlast_Ctrl_	51676302	LTR81:Gypsy:LTR	70	4.1177110992	48	48.00	48	100.00
midBlast_Ctrl_	51676302	MamTip1:hAT-Tip100:DNA	82	4.45011157264	48	48.00	48	100.00
midBlast_Ctrl_	51676302	MER66-int:ERV1:LTR	23	3.22605488276	47	47.00	47	100.00
midBlast_Ctrl_	51676302	LTR80B:ERVL:LTR	116	3.5268621183	46	46.00	46	100.00
midBlast_Ctrl_	51676302	MamRep1894:hAT:DNA	36	2.50174402468	45	45.00	45	100.00
midBlast_Ctrl_	51676302	ORR1G-int:ERVL-MaLR:LTR	70	1.84401216683	45	46.33	47	98.58
midBlast_Ctrl_	51676302	RLTR3_Mm:ERVK:LTR	31	2.91518333906	45	59.88	62	96.59
midBlast_Ctrl_	51676302	Helitron1Na_Mam:Helitron:RC	62	1.83769245845	43	43.16	44	98.10
midBlast_Ctrl_	51676302	LTR53B:ERVL:LTR	83	3.29658038221	42	43.04	45	95.65
midBlast_Ctrl_	51676302	LTR90A:LTR:LTR	99	3.84237135227	42	42.00	42	100.00
midBlast_Ctrl_	51676302	MamGypLTR1d:Gypsy:LTR	116	3.59841934928	42	42.00	42	100.00
midBlast_Ctrl_	51676302	MER74C:ERVL:LTR	114	3.13372765903	42	42.00	42	100.00
midBlast_Ctrl_	51676302	LTR88a:Gypsy?:LTR	64	2.77139140667	41	41.00	41	100.00
midBlast_Ctrl_	51676302	RLTR1E_MM:ERV1:LTR	86	2.85317263592	40	40.50	41	98.78
midBlast_Ctrl_	51676302	LTR103b_Mam:ERV1?:LTR	57	2.41797234914	39	39.00	39	100.00
midBlast_Ctrl_	51676302	LTR90B:LTR:LTR	91	2.68118462018	39	39.95	41	97.44
midBlast_Ctrl_	51676302	MLT1A-int:ERVL-MaLR:LTR	123	2.13672492337	39	40.38	44	91.77
midBlast_Ctrl_	51676302	U13:snRNA:snRNA	13	3.65216774605	39	39.45	40	98.62
midBlast_Ctrl_	51676302	MER4B-int:ERV1:LTR	52	2.32893849653	38	39.70	42	94.52
midBlast_Ctrl_	51676302	Charlie10b:hAT-Charlie:DNA	48	3.23057807657	36	36.64	38	96.43
midBlast_Ctrl_	51676302	LTR80A:ERVL:LTR	112	2.2710933405	36	36.00	36	100.00
midBlast_Ctrl_	51676302	LTR86C:ERVL:LTR	75	3.03142110915	36	36.00	36	100.00
midBlast_Ctrl_	51676302	MamGypLTR3:Gypsy:LTR	105	3.14258523254	36	36.50	37	98.65
midBlast_Ctrl_	51676302	RLTR46B:ERVK:LTR	73	2.46147682525	36	38.00	38	99.99
midBlast_Ctrl_	51676302	tRNA-Ser-TCY:tRNA:tRNA	12	4.00810278892	36	36.00	36	100.00
midBlast_Ctrl_	51676302	X5B_LINE:CR1:LINE	79	3.10023028227	36	36.00	36	100.00
midBlast_Ctrl_	51676302	MER87:ERV1:LTR	46	2.62797182052	35	36.50	37	98.65
midBlast_Ctrl_	51676302	MLT1I-int:ERVL-MaLR:LTR	57	2.2518449057	35	35.79	37	96.73
midBlast_Ctrl_	51676302	LTR9A1:ERV1:LTR	11	2.4486595562	34	34.00	34	100.00
midBlast_Ctrl_	51676302	RLTR46A:ERVK:LTR	71	1.76044849958	34	39.00	41	95.12
midBlast_Ctrl_	51676302	MER91C:hAT-Tip100:DNA	110	2.98734599826	33	33.00	34	97.06
midBlast_Ctrl_	51676302	FAM:Alu:SINE	117	2.71019735443	32	34.28	35	97.96
midBlast_Ctrl_	51676302	Mam_R4:Dong-R4:LINE	138	2.92506210319	32	32.35	33	98.04
midBlast_Ctrl_	51676302	Ricksha:MULE-MuDR:DNA	60	1.794696415	32	33.00	33	100.00
midBlast_Ctrl_	51676302	LTR16D2:ERVL:LTR	65	2.5103193917	31	31.00	31	100.00
midBlast_Ctrl_	51676302	LTR45C:ERV1:LTR	24	2.71945855301	30	30.00	30	100.00
midBlast_Ctrl_	51676302	MER123:DNA:DNA	41	2.45188427147	29	29.00	29	100.00
midBlast_Ctrl_	51676302	LTR81C:Gypsy:LTR	99	3.03139286656	28	29.50	30	98.33
midBlast_Ctrl_	51676302	LTR86B2:ERVL:LTR	36	2.08173520463	28	28.00	28	100.00
midBlast_Ctrl_	51676302	HY1:scRNA:scRNA	38	2.16654868953	27	27.00	27	100.00
midBlast_Ctrl_	51676302	LTR108d_Mam:ERVL:LTR	30	1.35295611287	27	27.00	27	100.00
midBlast_Ctrl_	51676302	L1M6B:L1:LINE	43	2.65615778152	26	26.00	26	100.00
midBlast_Ctrl_	51676302	MER134:DNA?:DNA?	53	1.97191071794	26	26.55	27	98.32
midBlast_Ctrl_	51676302	RLTR47_MM:ERV1:LTR	45	1.78383037913	26	29.52	31	95.23
midBlast_Ctrl_	51676302	Eulor9B:DNA:DNA	14	1.53814090127	25	25.00	25	100.00
midBlast_Ctrl_	51676302	LTR86A2:ERVL:LTR	79	2.45553321338	25	27.00	27	100.00
midBlast_Ctrl_	51676302	MER97c:hAT-Tip100:DNA	64	1.90428913269	25	25.02	27	92.66
midBlast_Ctrl_	51676302	Eulor11:DNA:DNA	49	2.03849092916	24	24.00	24	100.00
midBlast_Ctrl_	51676302	L1M3a:L1:LINE	120	1.81470303954	24	24.00	24	100.00
midBlast_Ctrl_	51676302	MER50:ERV1:LTR	13	2.31192169332	24	24.00	24	100.00
midBlast_Ctrl_	51676302	MERX:TcMar-Tigger:DNA	64	2.17744987634	24	24.00	24	100.00
midBlast_Ctrl_	51676302	tRNA-Tyr-TAC:tRNA:tRNA	20	2.54823155741	24	24.00	24	100.00
midBlast_Ctrl_	51676302	Cheshire_Mars:hAT-Charlie:DNA	3	0.769184614756	23	23.45	24	97.70
midBlast_Ctrl_	51676302	LTR77:ERV1:LTR	38	1.33835598645	23	23.00	23	100.00
midBlast_Ctrl_	51676302	MLT1G-int:ERVL-MaLR:LTR	39	1.85160697977	23	23.50	25	94.00
midBlast_Ctrl_	51676302	LTR108a_Mam:ERVL:LTR	39	1.43666185502	22	22.17	23	96.37
midBlast_Ctrl_	51676302	MER68C:ERVL:LTR	60	1.7139318838	22	22.00	22	100.00
midBlast_Ctrl_	51676302	MER70-int:ERVL:LTR	56	1.39889742268	22	22.00	22	100.00
midBlast_Ctrl_	51676302	MER95:ERV1:LTR	54	1.27828818634	22	22.00	22	100.00
midBlast_Ctrl_	51676302	MLT1J1-int:ERVL-MaLR:LTR	67	1.64348395163	21	21.00	21	100.00
midBlast_Ctrl_	51676302	Eulor9C:DNA:DNA	71	2.27668763541	20	20.53	21	97.77
midBlast_Ctrl_	51676302	X2_LINE:CR1:LINE	32	1.6374714249	20	20.00	20	100.00
midBlast_Ctrl_	51676302	ERVB4_1-LTR_MM:ERVK:LTR	21	1.37471475915	19	19.00	19	100.00
midBlast_Ctrl_	51676302	MER92D:ERV1:LTR	70	1.85851358045	19	19.00	21	90.48
midBlast_Ctrl_	51676302	MLT1E1A-int:ERVL-MaLR:LTR	28	1.33008235828	19	19.57	21	93.17
midBlast_Ctrl_	51676302	U13_:snRNA:snRNA	19	1.71164280218	19	19.00	19	100.00
midBlast_Ctrl_	51676302	X9_LINE:L1?:LINE	52	1.69686208906	19	19.00	19	100.00
midBlast_Ctrl_	51676302	Eulor8:TcMar?:DNA	110	1.62777992626	18	18.00	18	100.00
midBlast_Ctrl_	51676302	LTR85b:Gypsy?:LTR	106	1.83796418387	18	18.00	18	100.00
midBlast_Ctrl_	51676302	MamRep488:hAT-Tip100:DNA	29	1.94805448534	18	18.00	18	100.00
midBlast_Ctrl_	51676302	Eulor6D:DNA?:DNA?	47	1.34238307434	17	17.00	17	100.00
midBlast_Ctrl_	51676302	LTR39:ERV1:LTR	11	0.85446989136	17	17.00	17	100.00
midBlast_Ctrl_	51676302	LTR91:ERVL:LTR	57	1.41277758387	17	17.00	17	100.00
midBlast_Ctrl_	51676302	LTR9:ERV1:LTR	13	1.26102488977	17	17.00	17	100.00
midBlast_Ctrl_	51676302	MER110-int:ERV1:LTR	38	1.16544429935	17	17.00	17	100.00
midBlast_Ctrl_	51676302	MLT1G1-int:ERVL-MaLR:LTR	51	1.12796294486	17	17.00	18	94.44
midBlast_Ctrl_	51676302	UCON7:DNA?:DNA?	99	1.35749586872	17	17.00	17	100.00
midBlast_Ctrl_	51676302	LTR108c_Mam:ERVL:LTR	15	0.587510148067	16	16.00	16	100.00
midBlast_Ctrl_	51676302	MER89-int:ERV1:LTR	98	1.25087379543	16	16.00	16	100.00
midBlast_Ctrl_	51676302	MER92C:ERV1:LTR	72	1.11558955158	16	16.00	16	100.00
midBlast_Ctrl_	51676302	Ricksha_a:MULE-MuDR:DNA	30	1.04877120623	16	16.00	16	100.00
midBlast_Ctrl_	51676302	LTR28:ERV1:LTR	10	1.23521225579	15	15.00	15	100.00
midBlast_Ctrl_	51676302	LTR29:ERV1:LTR	34	1.59971865487	15	15.00	15	100.00
midBlast_Ctrl_	51676302	RLTR19D:ERVK:LTR	64	1.4034295523	15	15.00	15	100.00
midBlast_Ctrl_	51676302	RLTR46:ERVK:LTR	46	1.09046079249	15	15.00	15	100.00
midBlast_Ctrl_	51676302	Eulor2A:DNA?:DNA?	41	1.47084947298	14	14.00	14	100.00
midBlast_Ctrl_	51676302	FordPrefect_a:hAT-Tip100:DNA	60	1.12850765162	14	14.00	15	93.33
midBlast_Ctrl_	51676302	LTR32:ERVL:LTR	9	0.986168446448	14	14.00	14	100.00
midBlast_Ctrl_	51676302	MamGypLTR2c:Gypsy:LTR	110	1.51642595503	14	14.00	14	100.00
midBlast_Ctrl_	51676302	MER72B:ERV1:LTR	74	1.09122818512	14	14.00	15	93.33
midBlast_Ctrl_	51676302	RLTR1:ERV1:LTR	62	0.54619022363	14	14.50	15	96.67
midBlast_Ctrl_	51676302	LTR103_Mam:ERV1?:LTR	58	1.29251704745	13	14.00	15	93.33
midBlast_Ctrl_	51676302	MER92A:ERV1:LTR	37	0.981651451465	13	13.38	15	89.20
midBlast_Ctrl_	51676302	MER97a:hAT-Tip100:DNA	53	0.933378100038	13	13.00	13	100.00
midBlast_Ctrl_	51676302	X1_LINE:CR1:LINE	40	1.10008855066	13	13.00	13	100.00
midBlast_Ctrl_	51676302	Eulor6E:DNA?:DNA?	18	1.10202568692	12	12.00	12	100.00
midBlast_Ctrl_	51676302	MER97b:hAT-Tip100:DNA	55	1.05830879743	12	12.50	13	96.15
midBlast_Ctrl_	51676302	RMER3D3:ERVK:LTR	8	0.824225745471	12	12.00	12	100.00
midBlast_Ctrl_	51676302	tRNA-Ala-GCG:tRNA:tRNA	194	0.999389406984	12	12.00	12	100.00
midBlast_Ctrl_	51676302	UCON13:Penelope?:LINE?	42	1.32987012126	12	12.00	12	100.00
midBlast_Ctrl_	51676302	Eulor1:DNA:DNA	56	1.06060833035	11	11.00	11	100.00
midBlast_Ctrl_	51676302	LTR34:ERV1:LTR	8	0.770652604896	11	11.00	11	100.00
midBlast_Ctrl_	51676302	LTR52-int:ERVL:LTR	50	1.11106700064	11	11.50	12	95.83
midBlast_Ctrl_	51676302	HY3:scRNA:scRNA	15	0.950746964942	10	10.00	10	100.00
midBlast_Ctrl_	51676302	LTR108b_Mam:ERVL:LTR	19	1.06912872335	10	10.00	10	100.00
midBlast_Ctrl_	51676302	X5A_LINE:CR1:LINE	69	0.933047986145	10	10.00	10	100.00
midBlast_Ctrl_	51676302	C573_MM:Other:Other	1738	1.47846338096	9	14.60	15	97.33
midBlast_Ctrl_	51676302	MER96B:hAT:DNA	8	0.829161394082	9	9.00	9	100.00
midBlast_Ctrl_	51676302	tRNA-Asn-AAC:tRNA:tRNA	27	8.03129047469	9	88.00	88	100.00
midBlast_Ctrl_	51676302	tRNA-Ile-ATT:tRNA:tRNA	40	0.827853113614	9	9.00	9	100.00
midBlast_Ctrl_	51676302	tRNA-Lys-AAG:tRNA:tRNA	184	1.00251391862	9	10.00	10	100.00
midBlast_Ctrl_	51676302	tRNA-Ser-AGY:tRNA:tRNA	15	1.13525010573	9	9.00	9	100.00
midBlast_Ctrl_	51676302	tRNA-Val-GTY:tRNA:tRNA	18	1.21817026356	9	9.00	9	100.00
midBlast_Ctrl_	51676302	Eulor5B:DNA?:DNA?	37	0.770911505806	8	8.00	8	100.00
midBlast_Ctrl_	51676302	LTR108e_Mam:ERVL:LTR	36	0.635403813716	8	8.00	8	100.00
midBlast_Ctrl_	51676302	MLT1E3-int:ERVL-MaLR:LTR	12	0.563455861931	8	8.00	8	100.00
midBlast_Ctrl_	51676302	tRNA-Ile-ATA:tRNA:tRNA	26	0.915169020752	8	8.00	8	100.00
midBlast_Ctrl_	51676302	tRNA-Ser-TCA(m):tRNA:tRNA	4	1.06644235683	8	8.00	8	100.00
midBlast_Ctrl_	51676302	RNLTR23:ERVK:LTR	5	0.781205274554	7	7.00	7	100.00
midBlast_Ctrl_	51676302	tRNA-Leu-CTA:tRNA:tRNA	3	0.638955704	7	7.00	7	100.00
midBlast_Ctrl_	51676302	tRNA-Leu-CTY:tRNA:tRNA	8	0.828452462988	7	7.00	7	100.00
midBlast_Ctrl_	51676302	Charlie1b_Mars:hAT-Charlie:DNA	2	0.300561655778	6	6.00	6	100.00
midBlast_Ctrl_	51676302	LTR9D:ERV1:LTR	11	0.533421055656	6	6.00	6	100.00
midBlast_Ctrl_	51676302	MER125:DNA:DNA	111	0.801320580569	6	6.50	7	92.86
midBlast_Ctrl_	51676302	MER50-int:ERV1:LTR	14	0.535352115946	6	6.00	6	100.00
midBlast_Ctrl_	51676302	Ricksha_a:MuDR:DNA	11	0.653988188695	6	6.00	6	100.00
midBlast_Ctrl_	51676302	RLTR12F:ERVK:LTR	60	0.869010919295	6	8.00	8	99.96
midBlast_Ctrl_	51676302	tRNA-His-CAY:tRNA:tRNA	1	0.535057047721	6	6.00	6	100.00
midBlast_Ctrl_	51676302	tRNA-Ser-TCG:tRNA:tRNA	5	0.654484702631	6	6.00	6	100.00
midBlast_Ctrl_	51676302	Cheshire_Mars_:hAT-Charlie:DNA	6	0.283005475996	5	5.00	5	100.00
midBlast_Ctrl_	51676302	LTR75_1:ERV1:LTR	9	0.289689070248	5	5.00	5	100.00
midBlast_Ctrl_	51676302	MER66C:ERV1:LTR	19	0.541596329062	5	5.00	5	100.00
midBlast_Ctrl_	51676302	MLT1E-int:ERVL-MaLR:LTR	9	0.385996496651	5	5.53	6	92.17
midBlast_Ctrl_	51676302	Ricksha_c:MuDR:DNA	26	0.51788425538	5	5.00	5	100.00
midBlast_Ctrl_	51676302	RMER3D1:ERVK:LTR	1	0.534564361673	5	5.00	5	100.00
midBlast_Ctrl_	51676302	tRNA-Thr-ACG_:tRNA:tRNA	20	0.280452607139	5	5.00	5	100.00
midBlast_Ctrl_	51676302	Eulor6C:DNA?:DNA?	15	0.516032797135	4	4.00	4	100.00
midBlast_Ctrl_	51676302	MLT1J2-int:ERVL-MaLR:LTR	27	0.500197270369	4	4.00	4	100.00
midBlast_Ctrl_	51676302	nhAT5a_ML:hAT-Charlie:DNA	4	0.200012712068	4	4.00	4	100.00
midBlast_Ctrl_	51676302	tRNA-Ser-TCA_:tRNA:tRNA	3	0.409460806423	4	4.00	4	100.00
midBlast_Ctrl_	51676302	UCON14:DNA?:DNA?	66	0.431248471586	4	4.00	4	100.00
midBlast_Ctrl_	51676302	Eulor2C:DNA?:DNA?	24	0.384461521044	3	3.00	3	100.00
midBlast_Ctrl_	51676302	MLT1N2-int:ERVL-MaLR:LTR	3	0.199497215387	3	3.00	3	100.00
midBlast_Ctrl_	51676302	RLTR9A4:ERVK:LTR	35	0.326144324032	3	3.00	3	100.00
midBlast_Ctrl_	51676302	tRNA-Leu-TTA:tRNA:tRNA	18	0.381154325165	3	3.00	3	100.00
midBlast_Ctrl_	51676302	tRNA-Leu-TTG:tRNA:tRNA	24	0.286425678539	3	3.00	3	100.00
midBlast_Ctrl_	51676302	Eulor3:DNA?:DNA?	28	0.345753518439	2	2.67	3	88.89
midBlast_Ctrl_	51676302	Eulor6A:DNA?:DNA?	21	0.256307680696	2	2.00	2	100.00
midBlast_Ctrl_	51676302	HY4:scRNA:scRNA	3	0.184297427548	2	2.00	2	100.00
midBlast_Ctrl_	51676302	LTR23-int:ERV1:LTR	11	0.177534219198	2	2.00	2	100.00
midBlast_Ctrl_	51676302	MER101B:ERV1:LTR	21	0.32252049821	2	2.50	3	83.33
midBlast_Ctrl_	51676302	MER97d:hAT-Tip100:DNA	28	0.187248002127	2	2.00	2	100.00
midBlast_Ctrl_	51676302	MLT1K-int:ERVL-MaLR:LTR	8	0.258016398568	2	2.00	2	100.00
midBlast_Ctrl_	51676302	RMER3D2:ERVK:LTR	3	0.258016398568	2	2.00	2	100.00
midBlast_Ctrl_	51676302	tRNA-Arg-AGA:tRNA:tRNA	30	0.161934978181	2	2.00	2	100.00
midBlast_Ctrl_	51676302	tRNA-Leu-CTG:tRNA:tRNA	16	0.339876114853	2	3.00	3	100.00
midBlast_Ctrl_	51676302	tRNA-Pro-CCY:tRNA:tRNA	29	0.219900339688	2	2.00	2	100.00
midBlast_Ctrl_	51676302	tRNA-SeC(e)-TGA:tRNA:tRNA	3	0.246512482708	2	2.00	2	100.00
midBlast_Ctrl_	51676302	tRNA-Thr-ACY_:tRNA:tRNA	15	0.256307680696	2	2.00	2	100.00
midBlast_Ctrl_	51676302	tRNA-Trp-TGG:tRNA:tRNA	16	0.268767081841	2	2.00	2	100.00
midBlast_Ctrl_	51676302	HUERS-P3b-int:ERV1:LTR	3	0.129008199284	1	1.00	1	100.00
midBlast_Ctrl_	51676302	L1M2a1:L1:LINE	11	0.132542670497	1	1.00	1	100.00
midBlast_Ctrl_	51676302	MER133B:DNA?:DNA?	22	0.129008199284	1	1.00	1	100.00
midBlast_Ctrl_	51676302	MER136:DNA:DNA	23	0.129008199284	1	1.00	1	100.00
midBlast_Ctrl_	51676302	MER66B:ERV1:LTR	7	0.129008199284	1	1.00	1	100.00
midBlast_Ctrl_	51676302	MER83B-int:ERV1:LTR	9	0.0507906296393	1	1.00	1	100.00
midBlast_Ctrl_	51676302	tRNA-Arg-CGA_:tRNA:tRNA	2	0.163993473666	1	1.00	1	100.00
midBlast_Ctrl_	51676302	tRNA-Glu-GAG_:tRNA:tRNA	39	0.397628011491	1	3.00	3	100.00
midBlast_Ctrl_	51676302	tRNA-His-CAY_:tRNA:tRNA	16	0.102387459749	1	1.00	1	100.00
midBlast_Ctrl_	51676302	tRNA-Met_:tRNA:tRNA	46	0.114504318891	1	1.00	1	100.00
midBlast_Ctrl_	51676302	tRNA-Thr-ACY:tRNA:tRNA	14	0.21265087794	1	1.00	1	100.00
midBlast_Ctrl_	51676302	Eulor10:DNA?:DNA?	29	0	0	0.00	0	NA
midBlast_Ctrl_	51676302	Eulor7:DNA?:DNA?	4	0	0	0.00	0	NA
midBlast_Ctrl_	51676302	HERVL32-int:ERVL:LTR	1	0	0	0.00	0	NA
midBlast_Ctrl_	51676302	HY5:scRNA:scRNA	1	0	0	0.00	0	NA
midBlast_Ctrl_	51676302	LTR27C:ERV1:LTR	7	0	0	0.00	0	NA
midBlast_Ctrl_	51676302	LTR36:ERV1:LTR	5	0	0	0.00	0	NA
midBlast_Ctrl_	51676302	LTR44:ERV1:LTR	3	0	0	0.00	0	NA
midBlast_Ctrl_	51676302	LTR58:ERV1:LTR	9	0	0	0.00	0	NA
midBlast_Ctrl_	51676302	LTR59:ERV1:LTR	8	0	0	0.00	0	NA
midBlast_Ctrl_	51676302	LTR64:ERV1:LTR	8	0	0	0.00	0	NA
midBlast_Ctrl_	51676302	MamRep1161:TcMar:DNA	7	0	0	0.00	0	NA
midBlast_Ctrl_	51676302	MamRep137:TcMar?:DNA	4	0	0	0.00	0	NA
midBlast_Ctrl_	51676302	MARINER1_EC:TcMar-Tigger:DNA	2	0	0	0.00	0	NA
midBlast_Ctrl_	51676302	MER132:TcMar-Pogo:DNA	21	0.0430027330946	0	0.33	1	33.33
midBlast_Ctrl_	51676302	MER133A:DNA?:DNA?	35	0	0	0.00	0	NA
midBlast_Ctrl_	51676302	MER47C:TcMar-Tigger:DNA	14	0	0	0.00	0	NA
midBlast_Ctrl_	51676302	MER49:ERV1:LTR	7	0	0	0.00	0	NA
midBlast_Ctrl_	51676302	MER4CL34:ERV1:LTR	6	0	0	0.00	0	NA
midBlast_Ctrl_	51676302	MER57E3:ERV1:LTR	4	0.0653757766641	0	0.50	1	50.00
midBlast_Ctrl_	51676302	MER66A:ERV1:LTR	5	0	0	0.00	0	NA
midBlast_Ctrl_	51676302	MER72:ERV1:LTR	9	0	0	0.00	0	NA
midBlast_Ctrl_	51676302	MER76-int:ERVL:LTR	16	0	0	0.00	0	NA
midBlast_Ctrl_	51676302	MER83A-int:ERV1:LTR	1	0	0	0.00	0	NA
midBlast_Ctrl_	51676302	MLT1E1-int:ERVL-MaLR:LTR	8	0	0	0.00	0	NA
midBlast_Ctrl_	51676302	MLT1L-int:ERVL-MaLR:LTR	13	0	0	0.00	2	0.00
midBlast_Ctrl_	51676302	MLT1O-int:ERVL-MaLR:LTR	2	0	0	0.00	0	NA
midBlast_Ctrl_	51676302	Ricksha_0:MuDR:DNA	29	0	0	0.00	0	NA
midBlast_Ctrl_	51676302	Ricksha_b:MuDR:DNA	2	0	0	0.00	0	NA
midBlast_Ctrl_	51676302	Ricksha_b:MULE-MuDR:DNA	6	0	0	0.00	0	NA
midBlast_Ctrl_	51676302	RLTR43A:ERVK:LTR	3	0	0	0.00	0	NA
midBlast_Ctrl_	51676302	RLTR43B:ERVK:LTR	1	0	0	0.00	0	NA
midBlast_Ctrl_	51676302	RMER3D4:ERVK:LTR	2	0	0	0.00	0	NA
midBlast_Ctrl_	51676302	Tigger1a_Mars:TcMar-Tigger:DNA	2	0	0	0.00	0	NA
midBlast_Ctrl_	51676302	tRNA-Ala-GCY:tRNA:tRNA	12	0	0	0.00	0	NA
midBlast_Ctrl_	51676302	tRNA-Arg-AGG:tRNA:tRNA	18	0	0	0.00	0	NA
midBlast_Ctrl_	51676302	tRNA-Arg-CGA:tRNA:tRNA	3	0	0	0.00	0	NA
midBlast_Ctrl_	51676302	tRNA-Arg-CGG:tRNA:tRNA	3	0	0	0.00	0	NA
midBlast_Ctrl_	51676302	tRNA-Arg-CGY_:tRNA:tRNA	21	0	0	0.00	0	NA
midBlast_Ctrl_	51676302	tRNA-Asp-GAY:tRNA:tRNA	33	0	0	0.00	0	NA
midBlast_Ctrl_	51676302	tRNA-Cys-TGY:tRNA:tRNA	89	0	0	0.00	0	NA
midBlast_Ctrl_	51676302	tRNA-Gln-CAA:tRNA:tRNA	14	0	0	0.00	0	NA
midBlast_Ctrl_	51676302	tRNA-Gln-CAA_:tRNA:tRNA	4	0	0	0.00	0	NA
midBlast_Ctrl_	51676302	tRNA-Gln-CAG:tRNA:tRNA	25	0	0	0.00	0	NA
midBlast_Ctrl_	51676302	tRNA-Glu-GAA:tRNA:tRNA	9	0	0	0.00	0	NA
midBlast_Ctrl_	51676302	tRNA-Glu-GAG:tRNA:tRNA	6	0	0	0.00	0	NA
midBlast_Ctrl_	51676302	tRNA-Gly-GGA:tRNA:tRNA	86	0	0	0.00	0	NA
midBlast_Ctrl_	51676302	tRNA-Gly-GGG:tRNA:tRNA	24	0	0	0.00	0	NA
midBlast_Ctrl_	51676302	tRNA-Gly-GGY:tRNA:tRNA	52	0.217429549355	0	1.00	1	100.00
midBlast_Ctrl_	51676302	tRNA-Leu-CTA_:tRNA:tRNA	4	0	0	0.00	0	NA
midBlast_Ctrl_	51676302	tRNA-Leu-TTA(m):tRNA:tRNA	1	0	0	0.00	0	NA
midBlast_Ctrl_	51676302	tRNA-Lys-AAA:tRNA:tRNA	22	0	0	0.00	0	NA
midBlast_Ctrl_	51676302	tRNA-Met-i:tRNA:tRNA	19	0	0	0.00	0	NA
midBlast_Ctrl_	51676302	tRNA-Met:tRNA:tRNA	21	0	0	0.00	0	NA
midBlast_Ctrl_	51676302	tRNA-Phe-TTY:tRNA:tRNA	47	0	0	0.00	0	NA
midBlast_Ctrl_	51676302	tRNA-Pro-CCA:tRNA:tRNA	10	0	0	0.00	0	NA
midBlast_Ctrl_	51676302	tRNA-Pro-CCG:tRNA:tRNA	4	0	0	0.00	0	NA
midBlast_Ctrl_	51676302	tRNA-Ser-TCA:tRNA:tRNA	1	0	0	0.00	0	NA
midBlast_Ctrl_	51676302	tRNA-Thr-ACA:tRNA:tRNA	17	0	0	0.00	0	NA
midBlast_Ctrl_	51676302	tRNA-Thr-ACG:tRNA:tRNA	3	0	0	0.00	0	NA
midBlast_Ctrl_	51676302	tRNA-Tyr-TAT:tRNA:tRNA	3	0	0	0.00	0	NA
midBlast_Ctrl_	51676302	tRNA-Val-GTA:tRNA:tRNA	13	0	0	0.00	0	NA
midBlast_Ctrl_	51676302	tRNA-Val-GTG:tRNA:tRNA	25	0	0	0.00	0	NA
midBlast_Ctrl_	51676302	U7:snRNA:snRNA	49	0	0	0.00	0	NA
midBlast_Ctrl_	51676302	UCON21:DNA?:DNA?	23	0	0	0.00	0	NA
midBlast_Ctrl_	51676302	X7D_LINE:CR1:LINE	10	0	0	0.00	0	NA
